-741 -865 -87 869 -633 289 862 630 -754 397 715 945 913 969 910 576 -148 107 -143 180 -368 -685 610 873 -728 -836 -632 602 877 -954 73 -164 -745 854 682 -91 23 -36 -274 392 222 -129 438 -648 828 175 -999 794 -216 -707 
692 -122 -290 -628 229 -524 55 -410 -985 -89 251 139 -327 957 -414 -746 -302 949 353 -478 -624 213 -964 -872 -49 531 -620 204 -753 -525 -800 -159 335 61 289 703 804 -80 489 -235 332 891 602 272 -1000 196 535 80 -927 705 
-292 536 -536 756 -971 683 946 392 11 -987 771 -107 508 -214 -301 -824 -25 174 922 573 196 979 436 623 503 74 -221 -837 -590 119 789 656 937 -577 142 368 559 -327 629 -802 928 -692 -775 -788 -544 66 569 126 -378 -291 
-755 -91 -887 47 413 325 -716 -83 -34 -795 455 129 259 -451 -984 -803 -397 449 534 -625 752 -546 -342 -416 -30 -121 -907 -431 425 -757 74 -508 -760 462 621 892 -402 -558 -947 854 947 909 -530 -220 163 102 -157 930 -980 739 
283 -709 -634 -876 946 238 -860 -414 -742 281 781 -676 -580 642 -49 -782 -314 -27 688 -73 -390 -456 521 -521 -7 -996 738 124 -867 964 -752 -292 768 510 -91 373 -725 651 -890 -212 508 -770 483 -323 -878 949 444 -397 248 588 
756 846 -945 -261 -936 200 -983 -646 804 417 -918 860 -439 854 459 405 562 -699 162 159 -691 -398 -573 -160 -272 727 -269 -413 284 -301 -818 -765 792 395 381 -694 754 122 -460 -218 -893 373 107 -359 875 473 478 833 748 -460 
-936 -941 34 76 -88 -261 -265 420 734 734 -230 263 448 158 -150 -843 961 463 340 435 -664 -637 275 -241 -964 289 214 529 -134 -33 220 -893 654 -761 597 890 674 -196 -659 -726 -85 -870 21 983 655 -188 -723 836 566 5 
919 884 167 -997 -406 -107 108 668 -252 465 -31 246 -934 -533 319 851 191 -239 803 224 -899 -705 4 431 519 -646 -140 -928 -162 611 381 195 425 -542 -580 -925 616 -411 -717 -516 -432 -40 738 -861 766 -61 989 -966 868 340 
810 248 845 -200 669 656 972 698 -813 -194 -823 108 676 -116 155 607 -274 -19 302 -868 56 110 -436 -890 358 388 982 -314 -176 -282 539 -192 702 -846 945 646 -214 -432 -228 -887 43 -851 -39 -795 -912 -950 938 -575 -755 -632 
906 -376 -310 219 -331 -977 585 656 -535 509 -892 -864 877 -60 -524 -662 489 858 -120 894 28 -186 533 447 -145 -40 951 -751 14 428 170 -861 360 -50 -595 -611 890 -310 800 128 855 -62 -455 795 -109 -970 187 980 680 -395 
-584 -753 -483 -392 -856 386 -504 899 -655 -221 -103 317 623 282 -980 918 195 840 962 -152 382 112 -783 -684 -29 -760 171 -517 -529 -5 249 -384 -895 -396 -19 500 -939 -488 -404 -847 839 -310 764 181 578 778 90 -527 -411 -453 
-237 757 -493 -324 -296 -132 314 -202 853 -7 -338 81 -492 709 118 -407 333 -852 624 -887 870 87 136 -836 -343 -449 -423 576 -31 -985 -156 574 -614 828 819 849 149 14 -963 16 -235 -350 -884 -678 995 495 -733 -309 -836 24 
-519 -234 24 -348 -778 -531 936 -931 -266 -909 749 -940 449 350 307 -812 931 -76 666 -322 -635 96 512 -394 -123 972 -518 590 -421 494 -302 421 134 246 -470 -184 45 960 9 -792 59 -150 -802 -122 -9 647 550 420 887 116 
-253 -340 -516 -546 -609 388 -474 260 979 768 -109 985 -577 437 304 277 786 341 -544 168 349 906 -576 147 -958 415 -703 -321 19 614 -248 166 -593 600 942 510 -576 -288 -262 -905 -281 -224 -55 202 572 574 -541 24 -988 370 
26 -696 -333 446 -835 -516 -779 -833 460 625 759 -473 421 -880 519 433 -358 825 -178 -567 726 711 486 -682 -500 135 -550 811 411 54 -423 497 497 -264 -653 -642 -577 -764 -480 -746 61 232 -630 -546 -759 830 -321 347 -534 636 
-696 338 140 791 654 -374 569 -373 -865 881 -978 -709 278 -899 51 -837 148 -14 221 60 -282 -288 -881 -634 -757 549 -70 407 -862 -65 -773 173 -239 -803 -403 -644 239 71 -520 57 784 232 434 247 847 141 -784 -529 -171 -865 
485 -477 -551 -906 243 -44 -133 -790 -714 643 -457 640 -70 516 -644 -117 -884 630 18 365 146 586 711 163 559 924 751 -173 -656 -735 -221 -958 -317 510 -94 746 -881 822 -975 -367 -849 -15 575 -138 950 -103 406 -169 -944 752 
893 246 797 201 239 576 223 500 451 850 893 459 -921 445 -740 -135 581 -57 -623 936 497 -444 -706 -478 -945 -652 -389 -4 741 -545 -7 912 -828 -921 -591 68 -300 -960 907 -440 -802 552 -807 668 924 -226 -54 690 -124 409 
561 442 30 531 -789 845 -261 -307 173 -144 -915 -720 -714 -897 768 -751 -399 -232 -582 -152 293 -785 88 40 -769 -138 725 736 -815 405 114 484 -15 -902 -884 257 -105 5 -640 0 -12 879 415 858 -500 684 377 68 692 94 
-68 428 -226 -116 529 -196 -660 -737 -143 353 19 126 -844 -702 -952 -485 -877 -605 117 833 648 47 571 763 190 -318 9 -548 153 600 -2 -672 698 -94 489 -382 584 -135 878 -464 385 529 798 -469 517 -802 339 -663 666 348 
189 114 73 -898 299 700 166 -952 855 675 530 -573 -853 727 -398 792 -911 241 606 397 -207 70 203 -524 -508 409 -969 -96 -315 -729 -205 -382 117 -904 669 -177 -330 308 -857 844 859 -710 528 -565 -798 -400 -103 933 619 -890 
-594 709 -286 70 -957 217 980 -426 -602 -859 -533 91 -926 914 869 617 475 -462 342 100 351 -10 -539 345 453 370 762 -670 82 925 -469 -555 -748 -875 -775 -196 -413 -144 508 -325 -145 860 -654 409 437 811 203 -976 886 -235 
-991 -781 333 658 68 262 260 691 952 90 -974 673 -835 222 -1000 51 -855 716 393 588 71 -518 -329 -405 -487 -786 207 -244 356 -631 127 95 -299 927 642 -765 -273 -237 -622 -272 -203 958 199 -382 188 711 -319 292 216 943 
-52 -874 788 -943 728 220 237 489 717 453 687 253 229 -808 223 -852 952 64 -352 -232 468 -872 759 201 139 -959 -955 618 233 412 241 301 -555 -350 75 -817 938 678 -992 -622 992 82 -528 467 -398 125 -694 -888 756 885 
793 699 -774 -702 -296 199 -165 -648 271 -827 173 -286 -118 -896 -668 186 -309 446 362 13 645 711 455 406 -927 -840 -463 -342 -294 -165 -337 502 -695 449 641 -925 -365 118 -918 -74 95 -682 -243 -482 -97 215 -592 -188 332 -61 
-266 -680 -682 749 628 -722 -728 282 -922 215 -703 614 -910 813 -261 -388 9 -810 615 939 978 199 206 -930 -660 -687 605 -237 -460 -619 -699 777 103 -363 -283 563 116 783 26 -970 299 -808 138 22 -409 -674 297 612 -224 600 
35 -909 -200 -393 -360 759 736 242 9 -863 934 802 -806 666 698 -762 862 -775 -418 131 -462 -112 735 428 -246 -125 -693 243 808 -756 -367 706 -865 25 679 -826 112 430 296 -249 919 774 -621 794 -541 885 642 -730 -494 -74 
-547 673 -568 -723 -479 -115 -723 -741 350 580 -317 930 -872 575 -519 697 244 414 -820 -487 -572 -116 69 559 535 784 -618 878 -368 593 63 45 558 -925 683 -890 -372 155 574 -600 -159 -711 992 -693 927 189 -622 96 999 795 
163 158 819 -578 -97 938 -135 301 -640 144 190 279 -27 956 -801 516 -274 -298 624 866 587 -240 105 -70 630 337 415 46 -531 503 605 -568 -766 909 -376 -455 -540 923 -399 11 -346 -62 -6 520 620 -218 -690 145 -191 244 
-171 -819 -66 74 709 561 -203 -167 652 488 803 -761 297 540 -106 -114 -844 463 851 -5 -919 179 -312 978 516 859 -747 -450 -389 -235 900 -635 -478 -558 63 780 203 -761 -974 -194 953 -518 -52 39 -778 490 175 -619 -621 349 
38 -88 230 495 523 531 -761 664 -928 -630 -46 -211 -685 719 -63 967 -238 744 437 790 -874 103 306 -535 540 -492 -947 -385 444 -320 -492 -169 -996 598 351 -156 303 222 200 -499 590 -347 673 -303 -470 598 210 887 442 560 
-69 887 89 119 132 -283 292 -719 968 661 -52 290 -421 260 -543 -738 275 -897 248 242 -906 421 206 351 873 29 377 -983 561 156 607 826 765 717 -108 250 617 -357 122 834 574 -316 -319 324 -451 781 -929 51 942 -902 
109 -736 754 -483 214 -961 988 -446 456 -346 -389 -651 -878 493 508 -464 -997 178 -119 -790 869 -907 -882 -457 -619 155 -98 -606 910 384 913 781 517 -335 32 -668 -5 -819 733 -261 26 862 -376 -966 -836 -681 -900 571 -965 166 
-768 -816 14 153 121 333 -268 -741 -617 -489 306 861 741 -618 913 -215 -199 -435 484 -390 526 614 660 -340 -701 -760 419 362 640 -431 705 -716 -669 343 -411 144 534 50 -513 703 22 -31 -473 -718 380 -577 375 -472 631 324 
-699 -866 -981 625 875 -33 -708 -569 822 710 949 -552 -640 88 955 902 138 -948 826 636 -343 459 375 205 906 527 -968 744 -33 -544 -28 486 -424 275 882 -223 348 27 -716 353 -255 -132 -113 -474 -975 670 -114 -785 714 121 
-771 105 502 485 -298 -534 503 744 -817 -441 360 913 765 417 775 548 353 833 179 -102 -834 -642 164 -295 238 827 543 -834 -393 360 91 831 745 491 119 81 -836 898 -307 -113 206 -937 878 -642 476 662 971 -360 721 -341 
980 273 942 -507 -66 -494 -757 574 616 575 -947 585 125 574 -289 -558 767 -86 378 485 497 -160 730 698 -57 -8 483 -433 752 -34 -838 -522 -374 -283 374 -586 69 882 708 482 177 767 959 -480 -998 -99 -146 500 437 -955 
527 748 149 -571 -258 399 -838 815 -74 626 -195 -655 -772 526 -527 -646 -188 -361 -270 303 -192 -28 332 -838 412 881 -81 -552 39 -179 418 139 -992 -228 -845 19 25 -666 818 717 -82 561 -720 450 545 337 -562 699 341 528 
-110 -460 644 -869 181 -670 -562 376 241 358 -585 24 181 476 -580 -643 681 -798 30 -468 -908 211 924 -956 -838 239 -650 -48 -228 -626 -181 -462 -533 403 47 449 712 499 373 682 -60 -418 7 -957 760 826 -483 420 93 -880 
204 136 -615 -702 -945 488 -596 -2 162 300 -395 -809 125 -921 653 -18 254 344 222 739 -426 427 568 -353 -901 -546 -962 -691 -913 664 444 175 162 993 -436 60 588 -807 -51 177 487 563 -720 -797 368 864 -87 344 -940 -954 
518 -212 -904 741 494 72 -458 -616 -159 331 -385 436 570 745 -601 703 -138 717 924 843 945 318 -468 734 830 613 540 533 -480 453 692 -745 -532 575 -100 864 336 786 -111 49 931 715 634 -313 744 -909 591 182 -994 681 
-713 689 16 125 -728 676 307 763 -513 -865 26 -608 -623 608 -177 394 -385 -166 639 448 -428 105 649 900 789 -151 -969 -113 803 -293 -19 710 -18 616 -218 -218 735 -159 -782 719 -778 336 -154 149 174 177 478 -612 668 -878 
-723 -889 525 234 -85 -638 915 -956 -69 -667 -442 -15 967 -456 -555 -475 -456 649 -519 -272 -675 -329 -757 148 -716 -955 -425 -941 -944 973 -229 -296 -431 -349 -555 270 610 -315 -787 410 -317 -830 -237 460 -267 557 439 469 224 34 
-947 271 -422 -620 805 184 -709 -731 -917 -362 124 -199 380 -183 -702 -875 -343 915 729 -739 911 349 -20 406 -375 -218 951 9 748 -1 -676 859 -597 767 -994 993 236 -958 867 -762 -131 -527 -548 575 -411 -397 -428 -906 521 34 
-583 251 697 491 117 889 164 295 93 -219 243 621 -579 640 -715 670 828 79 -293 -784 877 9 -348 536 612 -78 79 -896 -192 316 -767 743 318 -57 841 60 381 675 850 389 299 664 -323 -284 -785 748 -959 127 717 303 
-71 446 -543 -965 -674 735 731 -185 -371 -953 32 -806 77 -599 464 -879 424 976 110 909 -65 -773 615 -994 408 492 -272 -120 622 798 -347 548 -466 -559 -13 448 298 -752 -302 375 867 747 56 -348 -975 -520 -118 -321 -560 -749 
-606 -929 -238 849 -30 632 -936 -131 524 -229 612 -66 858 -462 -362 -101 -247 -447 -891 -263 -169 363 -90 473 129 14 582 216 877 -657 -759 -709 441 886 576 298 -841 -133 -443 384 -627 752 -694 -355 -950 -972 216 -257 688 208 
266 460 667 -552 -886 -795 62 32 -518 -69 97 -555 -715 248 -232 54 213 583 -373 -222 84 428 -201 397 985 999 -614 72 434 211 943 -814 -438 -926 511 104 865 -150 -533 25 -375 -862 307 -416 959 -647 699 798 -688 -55 
709 607 -595 496 318 87 177 682 -1000 -373 -414 -444 29 -760 6 -931 -753 -260 -824 -160 257 -134 -326 664 806 -564 -621 -127 215 754 -696 9 -400 -495 -161 812 -194 -325 987 -996 198 703 -682 -683 464 -855 889 -762 -485 185 
172 -594 -312 -79 -198 254 -868 49 720 -1 127 603 -850 107 726 -854 -468 -56 -28 -908 459 -79 -528 532 -913 990 -543 -966 572 -848 582 -835 455 -777 143 -642 -48 -458 934 -138 -469 -467 -711 19 -496 514 14 131 -72 785 
