909 208 -698 177 287 987 -430 597 371 -360 -656 187 -746 768 -468 -763 226 713 454 586 -56 -229 641 900 -467 -751 -992 -973 -550 186 672 -51 -592 216 -40 -503 -353 748 -559 420 -797 128 -711 -826 54 -182 -59 114 -414 -215 
-312 893 159 391 500 440 479 543 -829 295 13 521 -526 -104 811 152 938 -24 -149 870 492 425 251 -654 -730 -282 -592 166 546 -465 3 348 -573 -538 649 -634 -801 -321 -42 996 -15 -257 484 -176 -419 -307 63 -300 -391 -820 
-766 -219 933 -639 -817 -882 974 -968 411 761 -468 -557 -891 208 -790 220 311 275 -789 -443 -189 533 55 816 -629 191 -138 -487 436 -611 -494 903 -856 -671 262 -978 -788 13 -409 95 -454 -518 -580 246 -16 603 -144 119 -99 -461 
-403 122 -383 -829 885 -441 315 531 178 73 925 -289 -131 247 -597 -697 57 -722 818 -113 -338 625 -647 -151 509 -463 -895 -794 -879 -916 -180 -162 -658 525 -297 -22 -236 -949 175 -399 -18 958 61 77 -152 567 172 -698 695 -673 
492 -90 154 -710 -512 292 -869 -272 121 537 28 445 -173 560 81 -234 140 -309 567 -746 399 -573 -145 -496 890 -435 278 -806 616 -645 -139 -342 313 780 649 -603 -785 516 593 -291 -996 680 -778 97 614 -830 258 -381 870 -492 
31 -23 -381 999 -660 -564 -396 843 -880 -825 708 425 -340 739 -984 229 19 822 -949 264 138 968 705 538 -369 -864 -763 -557 390 348 -459 367 -656 -362 889 399 911 -505 -724 837 286 667 799 158 -460 -47 -760 764 823 -437 
-316 539 811 686 439 -196 -458 749 -296 680 -857 68 -529 -411 -767 88 -897 645 929 231 379 717 -246 -790 -194 894 -130 -554 480 404 976 788 -151 -466 -180 494 237 400 -911 -392 -965 -945 -21 -439 342 628 920 -177 -839 341 
-357 275 -1 522 264 197 -476 -800 -283 -362 -325 -509 819 446 -773 424 -923 25 -572 -828 -578 -784 137 623 83 668 407 -296 633 421 489 297 -10 821 -579 -879 -468 -304 -231 -686 473 283 -642 989 -824 690 -123 398 -832 691 
-514 -711 -373 -784 732 -464 -35 -602 -671 -971 -881 962 -418 -269 -510 120 795 920 -607 678 784 518 396 -420 -865 227 38 -434 -919 633 -320 489 876 74 -901 187 905 132 462 -222 -812 -644 779 151 283 -989 446 322 -848 266 
-536 -798 -848 384 -63 -15 -714 235 841 291 231 234 70 924 -269 -264 790 -5 -742 -374 548 -879 47 -256 -367 543 632 -619 -134 -377 -262 237 838 -979 855 372 949 -106 89 692 136 821 -246 -666 -195 -758 722 -34 -813 -185 
947 -847 -577 -79 337 -320 -93 -555 571 -169 45 -709 322 425 919 -101 -745 747 277 376 -171 538 -43 595 -316 654 211 -541 41 -773 627 863 189 -454 -363 462 -621 -179 -948 -248 -539 -497 -973 -892 546 -533 -456 -818 75 -820 
26 929 -626 164 526 126 -696 544 576 33 -52 721 977 -827 645 -951 -850 -408 -935 -935 940 -646 -570 829 168 -871 -979 917 -662 152 -511 -939 373 -299 -421 911 463 -178 83 -521 -765 -826 -237 -114 -414 -374 -24 -293 -951 -910 
385 609 355 -279 40 373 -860 -283 602 291 -281 -96 -850 566 516 559 -882 998 241 831 -710 -928 360 802 -323 -731 631 815 179 -206 134 301 -631 -394 319 104 556 763 316 -90 356 -938 -226 503 102 -754 -751 903 247 -278 
336 -697 673 -40 -218 855 50 93 597 -653 621 25 983 -948 372 863 126 279 -35 301 -38 -97 -418 -601 -575 757 -837 776 270 -268 -107 -646 -427 -235 -687 110 -735 91 575 960 -352 -802 320 -828 367 461 265 446 149 877 
353 239 -280 -492 839 -418 9 151 -803 614 -991 -487 76 -726 -37 -388 621 -319 683 -825 -10 -62 810 -685 -60 -965 -469 -211 -403 -179 676 -554 361 96 -132 -677 944 774 -601 203 -97 85 -37 -167 -5 -584 177 125 -657 264 
-669 -534 -505 -853 -512 146 833 -279 -158 -73 427 210 825 -588 -504 679 506 -943 -469 -671 646 -42 775 610 -226 483 -2 480 964 -41 -674 -812 538 564 772 -545 -464 741 -527 -303 905 -729 886 -309 962 611 -168 379 -955 -968 
-405 -985 300 661 874 563 -128 284 -582 -514 667 939 -816 -1 -89 567 -389 -158 -508 -91 659 630 781 397 -102 369 -968 647 -671 67 -13 -483 -273 -309 220 439 -89 -580 671 573 517 721 127 -846 -802 -182 -637 110 797 594 
788 300 30 -798 -746 -676 228 675 147 604 182 41 -24 788 -171 302 802 397 -772 -122 -343 582 -141 241 -817 -382 23 -458 965 126 351 -216 991 -266 103 -587 -446 657 81 470 806 -5 359 148 -350 -983 98 -369 -807 950 
722 -263 -537 -560 -354 314 712 -216 480 -932 635 -747 428 353 453 29 -871 905 -807 -116 753 7 658 -151 -487 -996 601 -867 -208 939 -564 956 -625 -466 -892 593 268 762 235 521 452 -904 235 969 -604 709 -696 -695 675 -967 
764 869 -340 315 573 555 -834 -186 499 973 -446 -13 -841 553 721 -775 853 -902 -778 -202 749 294 -136 857 648 622 487 812 77 -425 -621 -906 432 -424 -599 213 -854 551 639 126 -778 -631 123 456 805 -535 -504 -543 -302 -956 
382 -159 657 -48 -53 -829 395 304 504 -707 481 54 382 700 437 5 367 255 -848 32 -896 377 547 212 -506 -811 -618 605 -787 464 161 -532 159 -671 369 -820 1000 347 -744 58 503 816 8 -684 445 -550 546 -305 862 -340 
263 -826 -513 -122 525 -1000 545 -755 859 83 -498 -602 -962 -114 738 -377 231 -135 -942 743 -36 827 299 671 413 -600 -194 97 -381 630 -220 72 460 637 405 436 65 -513 470 946 -509 -252 83 977 71 50 -727 316 -988 128 
-204 469 804 -960 451 -272 568 619 679 -507 358 810 -313 -396 -436 -192 159 145 -633 928 708 971 -733 159 -601 -448 -825 405 -198 -672 -256 758 -619 -879 44 450 262 457 -562 -412 434 645 -945 -956 -220 -365 892 -165 -248 822 
-63 789 350 -450 790 -310 -914 -710 -845 -66 -65 369 932 -533 513 -29 -109 332 -798 996 -877 -744 -891 -512 929 258 438 -684 275 459 250 -144 10 570 815 -516 -305 -615 292 742 -836 746 521 -199 953 -273 -403 -249 800 -158 
-131 632 -462 -251 -32 -260 681 -436 -770 721 -786 -810 -197 -567 -66 188 -238 -183 661 -387 88 -726 898 -710 -3 840 562 389 -474 653 -655 535 -983 -437 -162 -729 488 -663 -485 693 -677 -884 375 -498 -487 -197 -805 -840 -830 382 
-274 -898 596 764 27 230 981 850 121 79 990 -187 -476 809 736 -336 -228 289 457 -737 -601 -914 68 -418 -922 -1000 -482 -745 -82 827 69 541 60 -408 553 -40 191 899 443 -916 565 -117 273 716 391 -255 -376 824 -534 -234 
28 -522 757 165 -471 462 690 522 -430 338 907 166 -325 770 -351 -896 252 -474 990 -839 -827 34 973 -695 -926 -228 139 -337 473 424 644 -826 -336 -77 -749 469 268 -745 -638 -239 -199 384 -265 -464 -9 -492 711 559 -640 -221 
513 -59 -812 887 -456 287 394 -707 736 269 -103 539 783 190 225 356 -107 501 -634 -242 -810 -113 -723 607 931 899 239 -69 940 353 747 -988 813 20 637 876 625 724 780 -110 86 -858 943 -547 -125 -72 -797 595 158 339 
37 835 900 -37 214 -580 282 -620 463 512 -762 718 -717 -38 -611 938 -548 -801 -95 392 -58 472 745 550 -592 -952 978 780 -143 97 691 44 -284 711 -925 -181 -223 -780 584 948 -666 -851 -146 519 805 3 -684 132 377 -717 
172 274 140 676 -283 443 -182 -304 303 -874 408 -483 -185 529 891 -231 -979 -787 -671 983 531 -298 237 674 -768 -50 31 604 -439 -155 568 -629 -881 1 726 -729 50 344 658 726 152 -209 920 296 -203 723 -135 -622 -40 448 
695 947 -439 -611 71 987 -94 85 -904 655 -892 -903 945 -793 -813 476 -894 46 -326 -946 682 243 -626 -515 -379 -255 579 637 -570 -237 -98 -332 487 -411 591 -944 -238 -845 502 -885 -880 437 -913 652 -201 -287 -943 -127 -178 474 
-534 -12 -809 632 -309 15 289 -487 986 450 361 17 953 -531 -383 625 135 659 -622 -72 563 -236 -610 724 -89 624 42 -652 -807 749 -806 -858 -613 -895 -331 380 434 976 -553 61 105 287 222 44 -817 -735 -400 129 514 -164 
-935 -691 854 -214 -459 -379 946 203 -887 -849 -630 368 -719 960 451 -192 418 -557 897 -965 -302 943 300 -63 -371 -656 -257 680 -909 -956 -86 -520 -840 299 -586 351 604 -620 897 -696 169 -713 -150 351 -881 405 -228 -511 -980 -5 
305 -728 -576 890 -963 27 520 -375 -256 794 -504 -975 -555 829 976 885 578 960 436 11 -171 -110 -648 31 -342 587 652 -428 709 646 501 795 -883 789 -408 326 270 455 291 -512 996 -578 -679 540 -465 430 -498 725 566 41 
-349 -74 -352 -985 232 852 -565 -977 383 -347 689 -717 877 -532 817 10 -899 32 56 -267 -39 532 143 413 -323 841 -763 138 228 906 126 -887 -682 388 621 -55 345 -757 -237 -1000 648 -873 -246 929 -194 -141 -482 170 -859 724 
-383 688 45 -426 -438 -458 54 296 -512 606 -55 301 -645 216 221 -476 530 -108 -306 -905 -468 904 -156 778 -105 261 -179 249 -622 -527 693 85 425 -681 -139 -926 -97 924 484 -300 -677 876 248 549 -663 558 -171 -106 -271 -83 
-504 305 359 800 -989 934 -907 880 820 707 -166 600 99 -896 985 -349 942 -762 589 -582 -542 412 433 -341 -111 153 360 -611 -663 -976 294 512 -457 627 -311 -139 -644 -492 -455 695 55 938 -610 838 178 98 -47 -177 194 -547 
-281 -608 -178 419 351 457 -923 143 -384 503 -877 357 135 -838 -44 -89 -344 707 -373 -663 -472 655 784 804 53 985 733 -916 294 -382 252 -739 -230 -924 -494 -19 456 966 -273 202 301 873 797 -832 -374 401 473 -240 639 -287 
-33 -565 960 119 -941 -819 612 283 -97 -369 821 979 -335 714 625 190 430 998 -751 -133 89 -517 454 49 -686 387 536 861 -714 -519 -408 637 491 854 -628 8 -148 714 450 10 268 -827 -400 -588 -964 -142 -457 -685 908 -299 
398 -810 684 413 301 -705 21 134 -569 -387 -48 411 -124 302 354 -498 691 713 -556 583 460 836 -527 -374 -77 -751 -258 -650 -125 183 -868 -250 -650 -573 394 -446 975 257 170 251 -78 864 -761 43 90 507 -157 -134 -872 29 
-716 982 806 -665 -432 -398 582 -101 -299 -437 450 4 -458 -85 370 -677 -881 422 765 -524 -204 337 896 283 -850 -800 -191 769 -675 903 575 885 -680 -832 59 -960 66 131 -244 -458 -113 311 -313 819 419 346 553 -889 178 -945 
918 560 -709 356 742 440 -453 -643 -242 95 -425 -333 -45 739 -513 173 192 317 -971 331 609 469 749 -358 990 -926 -377 -775 360 63 -814 750 420 -937 99 -199 589 -922 -74 -175 -33 886 925 202 -726 -976 481 463 -422 41 
-795 542 741 826 964 833 -71 -926 661 -491 196 -489 220 -19 -684 -309 413 -244 -567 538 -982 -966 362 -245 -443 -64 71 -826 495 761 -971 913 -688 -976 -872 77 -520 802 -629 144 -504 958 -960 -237 725 599 848 -435 551 870 
-791 259 108 -202 897 -717 -479 -901 444 3 -191 503 -372 830 -438 -61 108 -601 485 71 -811 719 -352 541 -284 419 -750 475 -333 442 833 588 673 461 -487 -822 -290 -413 -780 -449 148 563 438 -753 -332 -898 -100 -325 -742 -232 
-792 606 -948 41 -995 143 39 -44 -314 175 222 -501 -22 -229 463 945 602 -795 -753 -767 -955 -72 755 905 -645 271 -443 367 -263 -907 769 -590 686 167 -47 930 482 305 -565 -393 81 409 321 -206 -352 -925 626 -289 -524 946 
783 -109 573 577 -745 -393 -785 285 -967 -584 -174 -45 -458 967 -388 119 508 952 336 -374 811 534 927 -56 845 -780 -881 -473 -745 -300 -169 -745 415 896 -848 -640 525 -495 398 473 -597 236 -197 -485 -327 379 -179 -17 -173 -633 
-597 329 768 81 370 -715 246 277 132 -969 479 -222 -206 -80 121 -977 -539 -995 -259 385 -291 665 148 -800 -918 559 -663 -792 -206 -867 353 518 -452 497 792 696 -531 -584 -247 168 -647 -439 629 -71 652 -307 -71 -822 -836 177 
-714 -840 154 455 567 -555 671 -655 463 -445 -266 -581 401 758 -607 621 364 966 970 -474 -904 -720 -262 233 392 351 -89 319 335 -563 621 700 -500 -688 -816 583 701 -784 -716 -703 -345 -324 0 426 -659 145 455 -743 -792 414 
269 -770 559 285 -735 173 -40 205 -285 604 -856 -44 270 -606 -488 -890 182 -791 -747 181 -578 986 28 351 737 -50 148 446 -61 -4 630 -895 623 617 -276 -602 959 151 965 118 989 874 166 -406 56 10 493 -927 372 -432 
-413 -148 -108 -742 -100 -169 813 763 925 455 38 -509 -501 311 164 -743 -727 830 976 487 -653 61 776 694 -111 -44 -58 -494 308 28 -815 4 -865 -828 -743 583 10 -16 769 -114 -67 -385 378 -620 235 -519 -113 356 -485 617 
