3873030 1956929 1695500 -1024783 538118 4290801 -2518276 3712123 3347591 4329025 548086 1471283 -4084200 -348991 2250833 3194142 -1063437 -2057708 -2182817 1750886 -1895785 -2125482 186020 -637787 67121 -3187156 -2615582 -622744 2757206 -2457064 1079381 -1988795 -760992 2853113 2151045 -646701 1472594 -2556428 -3409435 2103895 -3652144 3551871 834417 -417373 2308106 1122666 -246752 1246891 583852 2109474 
-480997 751438 -4866608 -952104 -583748 -1287081 -3239147 -5069998 803691 4754662 -674062 -1432833 -1788697 -44873 -3136554 1830928 -2282647 544969 2242151 3868119 -2341567 1577619 -247902 -2231894 625543 -506029 -623672 572755 -5133818 1105415 -1713106 -3268881 2699759 3078672 -1243697 1505638 571115 -1516985 -3481798 359438 -1237430 1314286 1780144 242824 3598170 2327476 -265237 1430156 -768041 1234569 
-519884 1272385 1347921 1236344 2210258 1056033 4447710 3011244 804601 2070691 -852664 -1071110 1690939 -2300309 -2309803 -2715770 3870174 -691908 -2226287 4696510 1204647 2337211 252479 21327 3339122 1183944 4147552 123790 -296958 1220735 2046917 767992 787674 -2451487 -810379 2674107 2267547 -1731480 3794783 -887403 1017652 -1292577 -4087766 7264950 -852003 -4629453 -3431218 -1143137 -1109972 -2027842 
699200 1775596 -1875498 -876397 -1176940 608499 1349793 871881 -4944581 -4548410 -2241772 -2050899 3547037 -4279201 1912400 1336824 508825 416074 555144 -757030 -830706 327978 1144283 595144 1029237 -5345317 5528719 424528 -2129579 5050336 -3035298 -549896 1630790 652339 -2825550 3970042 -1026805 945423 -2205540 -518252 -1665930 -660548 2586389 1042985 -1007322 -1298212 4709398 -6580588 3655685 -3321741 
1796167 1164148 -168341 851056 -1793559 3169280 1011904 2006479 -388699 -1294324 580274 -1713845 -364153 -266220 1917636 2539215 -1687618 -4537187 -1924703 -2165115 1885637 3619712 1912829 -208538 -1422234 -2078527 -1089794 1671162 1686438 -4218235 -1046921 2997777 -2581935 4598656 600824 -1367494 -1036857 34724 382707 2163874 -3709542 1162271 -4486607 -1080544 87426 24336 -2044410 -785898 301945 -2481564 
-2682313 3399070 624911 -1404357 -128531 571213 1863992 2062207 1057779 1000435 517409 1288557 -1288255 -273216 -2433787 2975217 349855 1587130 3258059 3744625 422635 -797661 -3577987 4185269 4139684 -2529604 -5125007 -3434906 374983 2790420 1649152 -456464 -7174179 1608968 124963 1718889 564111 -2295392 -3726960 1756060 -553563 2743036 1189508 -81211 6727208 1711743 395983 -4116738 -1939873 -1567403 
2348965 3880663 1101415 3142591 715121 2299602 595544 1329598 -617745 -1625648 1162135 -1734768 -4775713 1345038 -390200 -2342919 -638546 -2001980 809617 3683369 -1292946 -2686040 -1791191 -1296709 1154070 -240124 3499896 -6209789 -208128 60788 -1097917 1582194 2612198 -2845798 -1273801 -422591 -214638 -1395802 2628604 2625571 2556652 1282403 -112759 2467100 -6836409 -181341 1343288 2868363 3843999 435300 
-2083913 -2392409 -648326 -1013409 3203264 1538808 -1202965 -1232920 -1309705 -3532307 3078716 -117962 552471 1324749 -529278 -4861169 1041694 567398 2796826 -273593 1538612 874645 -985528 -1559932 -1077836 898810 -1132057 2706775 3611551 -2290656 1432000 924507 -3525965 3010652 -963350 709727 2203086 451037 -473387 -76624 2203460 -1148485 -2533910 3815626 -2596459 -2009714 -1188658 462041 -2519284 2570267 
-1661965 -1771125 6061425 -925075 4402561 -3422348 356989 -3483013 5398341 3498669 -566399 1941414 -4509074 4084247 -1866942 -3410822 -1951847 -4097456 -2394479 -2312869 410039 -67049 -996059 -445774 -3803912 -351392 3167006 -3029985 1682641 -2681646 -942100 -662866 1494374 -1171758 -51924 952315 -1734503 935707 2302326 2955352 -3721675 -1708820 -467265 -156092 -313330 1093484 -2452464 1404486 962339 41532 
2211364 -2651126 1316023 -1868624 1507269 -1420337 -1441740 2592273 4172549 3250876 -1342068 772218 -1811238 3537311 -486668 4133393 788200 -2770130 822501 1531988 -104936 1347181 771208 -1066856 477076 1520784 -306327 -2524477 1553821 -3737800 265583 1097054 950988 4707257 4204087 -1344422 -2905143 2365040 -3049359 2360083 -2122957 326853 848850 -2325769 -1894316 -359960 859982 1622626 -3342273 -2928217 
-349957 -795824 2896618 5242785 760012 1244467 3165856 3292395 -814685 1240624 2509189 1964705 -1288706 74703 3443979 3714322 2424208 -2716195 -3194083 1658411 1933393 -2421936 256622 -2145539 -784532 -4542697 2213080 1301765 2172665 1930298 -1171742 5518543 1756537 -9057 -210733 -2801317 -4283635 1434277 2260760 -3194215 2119979 1539645 -632004 2446135 -1324983 1847358 -2661574 958745 2037078 369886 
2353408 108822 3317776 -6197338 800799 -4909692 1488820 -1727668 1916532 300410 4047280 -1618228 4657378 723664 1514121 3822811 1459144 3136283 272927 -7845321 -3139239 -2371397 328399 -4774442 -246430 723586 -1508525 3860583 -1395863 -212318 -939053 829120 4542606 -604420 1864759 -2596187 -2350548 2112830 -2687536 650968 145739 -4413591 2626266 -4733234 -3794987 -29524 31281 1273791 1856016 48823 
4247220 2593930 2719575 78583 1798161 -286537 -2515150 2654066 932144 5908733 99601 3038205 -1771928 -267066 -2401014 -1093418 2420495 142758 -3719734 143863 672824 318971 -844927 1256879 978300 14110 -2052343 1784763 882468 566194 615486 1735664 -1391152 -1119534 1830904 -2750393 2905975 -1126575 5509808 -2215639 1908101 1035264 1681839 277162 2303304 1068817 -1400002 575620 -1081365 1840828 
-927215 1792649 -386973 1153144 -4443363 55602 -490416 -459377 -2673177 110692 -1962382 -259347 1688026 -1636917 521515 640131 785314 -774283 -765448 -1109083 -1362003 -687924 -1459195 -4455294 -1893672 3077625 -1036917 -921058 -4663918 659793 413417 -2256898 3743405 -4846718 -1147156 148717 -969070 -56460 946045 -2699803 -1156121 -3163670 -154441 -4545856 5278394 409012 1517681 3677438 -1086910 -1466383 
3126928 -1283934 1982388 411747 -591502 -893089 -1449299 -157238 579368 997340 -1406903 -3472329 -1324084 1138343 1072212 -36314 -3166396 2550686 -1226839 774586 -1959118 -1133048 1799236 1888059 -491462 -16964 2604155 785484 643947 -594456 -61292 -3085402 610988 1768292 -2706346 -3300948 -304327 596774 903173 4143409 -3140020 3153972 1519635 1036244 -3001557 966887 -250188 4640097 2461848 1984281 
-4420510 -4058310 1787933 -1433908 1095071 -933831 2862755 -3847164 1272965 1358406 -2443236 -761362 1131985 2319902 -1717728 2791619 1878610 1118122 2063314 1365761 1540974 -1364303 -983095 -3469496 1647841 3386485 2312713 3773120 -4829355 1886060 1709731 -1766018 -2560439 -1788459 362703 -1469664 1240863 4905606 -5298791 905997 576666 -1006273 1037608 1566493 1449049 -1840619 -3536913 1074784 1432855 2004791 
-2352836 1510285 -4131884 75467 -453726 -758343 -2987911 1246716 2582216 1480178 -3127829 241022 -3063318 -67912 63600 2490935 -1326582 -596965 3401413 857678 -315262 -1337885 -1269062 -1066833 -461411 -2424587 -4824481 -1197128 -2731044 645992 279705 -1949708 -110466 -1283949 1586129 -337846 -802252 77553 -5156279 -361351 961650 -2589806 2138310 -5508779 6097822 3276900 1081783 -948999 -678485 -552329 
373234 -4408572 2501780 -501822 24827 -601672 2151653 2237292 -426036 4074707 -489165 1617085 183730 4513748 415205 2233895 -551868 934672 954529 1607469 365569 754497 -2678761 1498996 -1362623 2188312 129454 -2019086 -46785 -965315 4723909 -3059337 -2912009 1490736 -2455220 -1034783 984017 -1919861 2725357 -1784853 -2147515 532860 -1906536 2493020 3918015 -499562 -2595332 745015 -3737144 2071637 
-464578 61470 2638535 -1380297 -138673 2142103 3023769 1630178 1863985 2845154 1537424 642021 4888383 432472 -629827 -672464 2156460 2824357 550013 2159828 -4488437 -1627498 -1413554 -2310476 -2444361 48890 -434501 -918427 1533063 1755272 112992 1844037 -2958580 51637 -2128712 3318841 -1194238 -4321438 1604036 -1081468 3584131 776382 -552583 2139730 1656885 2305981 -1358121 -239465 -1640973 -5396963 
1693479 -1846084 -1579102 -6079504 730681 -1497449 371698 -1047784 -2453567 1455443 -142105 3011048 -365603 3374689 -1423795 2214518 -796079 2372853 -2675227 -3807055 1743764 258551 1776450 -2807245 -2472724 -1577255 -141327 -623545 -2591575 -506193 -3773447 511926 803771 2605561 2174951 -1753573 -1855158 2058221 -2789 -1320599 1136515 -1654047 74399 -1871389 -620842 1043406 -2870801 1527946 -2015711 2483557 
-1491228 -911356 192865 2743011 -622347 1356030 541399 3899808 1874493 1265329 672170 378768 778564 475972 -1524951 2963006 -133385 1767651 -490545 -152132 642159 1514575 -1865329 4529508 4536116 -391336 -2717743 664927 1151822 1605983 62621 -502723 -667470 -1225644 2873645 972178 -1969023 -2092674 1062314 -3830696 -1233370 3436436 -349189 -2781114 704366 396336 -278804 -2379234 -2466991 2636308 
-3886124 -4405751 2637077 -2894622 3466727 -1165384 172508 -2090668 1228307 1569667 1782155 -134113 2034306 -2610777 1605522 1047155 -1118175 3193896 796482 -1606018 1429777 1043973 3549536 967386 -2190016 -1353846 1208555 -1211241 2182445 1484675 3249581 -1171543 256738 266442 1015731 -905699 301442 -2926888 -661491 473790 1374562 -4072650 -726282 -1878939 -2443682 922210 -3811346 -2675141 353605 -1092319 
2069869 5620205 -30277 -618230 -869528 1180529 -52867 1807989 1372344 3022351 1047579 1678796 -3253831 3877081 -597517 3341617 731546 -3625880 1956174 1208733 -1731832 978920 -222375 1906254 6396209 3759044 2465560 -1404117 -906300 33540 1135140 -2238108 6689729 -3262163 2575723 363017 -1227189 1516510 1914443 -718879 -1788034 -2015218 2686428 -1509852 1199442 -1641478 2083567 -3440591 3880857 -1447734 
-212979 -1485224 -2170623 784508 1471315 -918804 -56843 -3150914 -3623522 -3917587 6117502 -4245765 155488 -1384196 -270141 -2824693 -1180725 -2811389 1497000 -223513 368445 4543118 3080285 972337 -33801 -4577978 -5624608 -257098 -1580616 345255 -3371595 3883221 -459251 4448041 -677114 -97794 2804198 928656 2337325 42124 687070 36028 -4262218 -2163489 -3415383 3261893 895379 -2517369 -1561007 91132 
1199208 -3252227 -1189949 2079549 1141805 -2814450 -998937 -2179520 4375525 4109702 -2444604 40564 -75416 -1841676 87519 -4101660 263296 505057 -1474694 3118423 -4133206 -969871 713871 190612 -5968319 -1048561 1386793 1361091 -3834367 -1633248 -1079597 -542927 3929749 -1768782 -1231156 -2389675 1542393 228869 598338 1787008 1691565 -505730 2185412 5964090 -4340360 2628642 -1492240 4165756 854259 -226786 
-911469 -1177650 1912068 1072982 -621536 427421 -3283135 3774804 4022302 3596504 853792 -672829 2263277 515787 -3082434 951041 1584085 3011819 2336839 -1057477 -806193 20279 -2378504 459885 2365819 2532612 832845 -2004913 1206112 344871 4902766 -679564 -1308142 -1086195 -784558 4544932 1018744 -4894519 -2374417 180407 -340195 -2300465 90810 1941964 1157535 2474129 -1190079 2677037 -1469516 653182 
-2295831 -2037190 796894 3834380 -6626780 2734486 -429586 6641565 726009 -2590976 -2116360 3963108 1759508 2797147 542841 4344691 1358049 2877698 474623 1528174 -1090182 -752179 -1526160 2834117 951596 -30790 3323549 -1333616 420870 -792429 2437791 -3505502 95026 2112713 1379110 1301580 -2325996 587625 -3652850 -2227379 -2950215 343683 2519826 2134734 2960271 1501147 3586783 2173918 -961089 1075912 
902185 -4240734 2613082 -1302285 1551137 -4185153 -20752 1824209 -2136789 -5550 -671797 1210225 1956207 3274858 918785 -1464322 3150720 815214 283962 -1129347 1817502 -2209296 -301475 -4712291 -3680719 2130141 -4344247 -115444 -471284 -1514366 231592 -1293600 -6701900 -902470 2195320 -516679 579754 2645770 -957834 -1955844 1004465 -3043968 -1720918 -1394150 2706694 812593 -2008838 5155763 -4131119 2051019 
-3105371 1066410 2011451 -905069 1450652 1232945 4822169 744586 -2431836 -1971817 -2161637 742313 1027809 -1538738 -31123 -4564891 2046517 1736215 -1058036 -2524592 -1775877 -127656 1089749 -478301 -859736 -2654228 -874771 255067 -1804641 1805428 -638151 -152645 309123 73453 3071961 749494 4799778 -252238 3360367 -918028 6528670 508199 -566732 -1020351 -183899 1781770 -2249945 -2171059 -1222989 -1675303 
-3807772 -3080969 -3177398 -1229145 718018 2138357 -5660631 -1513068 2476806 450439 1430324 918749 1028281 -2646021 3314 911782 -269639 1189077 661826 -242261 -1211049 1225905 908405 -2220459 -1367535 -894475 -7504709 821960 190955 -22201 -1990105 -1927190 -1363265 2280 2883577 84555 2384140 -2589312 179724 -231406 3309663 536140 492914 -2929471 -2853300 2768338 -681508 201826 -599000 939799 
817524 1094859 -273815 -1325203 373881 -3465626 2993125 -2455015 -669561 8949 1621375 -2367801 -3743351 4954255 4679341 -682152 2821530 -2852040 -505881 -1834005 -5778179 -2490263 -776565 1640610 -1563891 3591162 -3359210 4021137 2802015 -2528867 -3575284 1154490 2692802 -2944773 -878172 -5606299 4328483 1143701 5900302 1523845 -1892412 -223069 708912 2643591 -2033859 408057 -943285 1871032 5321900 -3478994 
2913346 -192051 978846 -1039874 3339971 -2548220 1226335 2431041 -2203416 1856504 -809872 -3507246 3321064 -464202 -2255352 -3159317 735898 942483 618074 -203549 -76140 -1397846 -1747491 -2078762 -700107 2293569 -503474 242401 -2315015 -1820027 -853797 -1465465 -1672316 -4742389 -1837118 2594294 -389044 140222 -994225 -1764226 1665285 -1602620 -1402669 3820956 1472555 -3362941 3832332 564470 -2231992 -986970 
-3003874 1303457 -665318 -482560 -3795172 -1161068 -1474061 -1429228 5023029 -344727 -3365608 4445743 1257934 -2815326 3410862 -388493 4365018 1249454 -1902006 -1676763 203605 1169603 1861164 -804857 -3503385 1943259 3730013 3754007 -743818 1069515 -1032865 -356551 469647 -1790413 -1311921 1146808 -2405760 1555154 -1024127 -702090 -3140041 -1469954 2032401 1349865 2924104 2943980 -1041702 -1134225 1621901 534119 
1812747 -733046 -216079 2639756 1433850 365054 -3479402 982080 -2556186 4895415 -550366 2465919 1958396 -620190 -790494 -3000112 1822701 1680397 -1457670 4864759 2467086 875308 1637975 936588 -511689 3923114 1242093 1029027 3654669 -1359143 1255276 -2762817 -6348007 -1624503 -3428554 2625478 557871 -647873 961840 -117099 3200559 1116263 -293779 4606454 4858045 -3324388 -779057 3239136 -2624935 831302 
-1397156 -3920077 -52359 2418349 2541129 -974375 -3782876 -3707675 -796728 768335 1070776 636133 2119482 2295785 2141096 3717943 788715 1395935 3739350 -1485968 2893796 1284992 -2614881 -1253291 -433555 3044984 3532051 4213255 -1226619 129027 -1237731 -2141934 -158259 -3559037 -2276770 -1127076 -1317540 2860849 497729 -4519695 201203 -3944969 2176015 1507014 -4222163 529791 1794191 -1179473 2929738 2669921 
984481 1196059 -43078 -3916824 -1697719 -2347706 802754 2205705 -504690 -716142 -2443476 -2335551 -3179971 1375561 -506400 -2060578 1256512 1515993 -1592083 192671 -820278 326414 1124186 -1809989 856695 -658035 -1407970 -677853 2447437 -65023 -1432805 2173025 -2911001 -1170575 -3603918 -330352 2616340 -3469647 2368171 -588514 -2118491 897796 -2377542 3477150 -968298 823255 -2389176 -96814 167292 884532 
1319436 5140009 -4298274 1596824 -4103463 1051183 1784381 -901254 -4516711 -5537202 -3743129 -573024 1094388 -3695438 1854454 1055154 -1073510 387401 2690350 -1688144 1725198 2519231 1706707 -1252277 3008317 -1424987 2914717 -1353444 1878053 -2284206 -1363499 2912622 1728505 4345365 -3278395 854374 2369591 -2190405 -1642065 -440910 -1018586 4650716 -3564826 -1924987 -145340 -192223 5283246 -2351464 -529683 -1191468 
3281760 1014021 983055 1894272 -857385 745709 2374346 4941565 -1357781 -3418450 -1650843 -2223639 -1908122 834186 -425774 -2509500 1041411 -2481772 -1514732 4734986 950881 -4033767 1252385 -1062964 1187115 -4338321 -998787 -1949397 1973694 441426 -3396094 2115413 -4155030 1559880 -3706176 -3379160 388178 1767038 -545692 1516604 -531327 5935186 -4766780 1862765 -121639 -75023 3091880 1583073 34234 1168588 
-961425 -1010311 -780645 333916 -1124498 -1694618 1365095 2806103 3298382 3718829 -795319 5112583 244918 -1047281 -1194280 -2493137 1257142 -1086702 -1565600 453167 2149464 1399200 286413 -4087650 -3292497 -1881077 -1651972 1049786 1563622 -2623665 3686247 2832842 -1716061 -2472314 227920 2162154 -2093088 -3329453 2800111 -3613493 1812579 -225029 -2314716 -2505941 7184314 -1237083 -2518207 964701 -5406186 1519773 
-306311 2466562 -1186078 -2571159 -2486284 3002502 -719258 306657 3321142 1481361 4337141 -1256184 -1326888 1335188 -696956 1109234 1306777 -1332221 2866612 3163236 2527730 2299598 4378375 3041470 1433919 1205961 -1141236 -730004 2212448 -1171244 274293 -185383 -1878059 531782 89729 1128437 -1910945 -1266693 -404387 3291185 -1144787 1620600 -1423279 -543059 1023178 1546095 -1982239 -1313447 -977791 -3175396 
-2040436 2102506 151139 2397939 -72337 4185254 -694292 1621539 4726500 219274 1187854 -1557782 -1406976 277560 -3383975 -164022 1061906 2005066 -634702 245857 -2884395 691536 -1964540 1497936 4146342 -1095082 -283605 2116368 1109131 1016944 -1535983 4185988 690770 -2019754 -765311 3138230 1310026 -4916422 3118635 -2089818 1370011 3664978 -739681 4346710 -5786765 3180266 -2063182 -2773271 3439220 1333120 
-293176 -1161868 717715 -1175248 1173721 -2191551 1828043 -3613555 2942353 1426268 600682 394101 20821 3750424 -3713600 718754 -3409832 773513 587514 441619 -1235679 561245 -3098691 4504334 -2206676 -849819 -1210749 -2279850 2025666 -1286364 -1734438 -3299225 -305265 5926816 3089586 -1793936 -1351543 -31548 -3405432 3927199 -3452680 160619 937206 669724 284095 753243 -1984287 1674735 -517961 -3064680 
718963 2359180 -2436995 -85071 885601 5605162 -2316647 3458533 -354333 -2346584 2116368 -415314 254487 775861 -4957750 -6286233 -1992650 -1315944 630664 -353792 -908716 721741 -1333377 593329 5341307 3746575 1947710 -5070760 31672 -960664 -155867 -241893 5758717 3709346 1903821 4895712 -1734578 -1361149 1638652 -48605 265388 2949130 -3396359 2053267 -3524162 315446 2285496 -2034039 -3495479 955025 
-727966 -1036707 254410 1597356 3059893 -925863 635509 -2391344 -190971 -1144425 -2415381 -567004 -1710500 1278484 208465 41413 -2419922 -1069839 -255500 -1997703 1771176 2136164 -2424247 513212 1748624 -2059154 2974852 440496 -2539355 2840997 1831003 -720093 1550666 78174 -362641 1837538 -377890 1003756 -1432198 -1227419 398074 -1637969 586824 2356378 -3070877 360553 -301776 -1920300 -1154456 3782476 
-2823648 -4427939 2565244 2654742 1306995 -5590618 -2333592 1926547 -1151779 618051 -4431818 3583120 1762487 -85597 858792 1468522 -142153 3321060 -1787766 -2802183 -84831 -1574771 -3420122 -1882208 -280720 2733996 1429015 159476 1435124 -1999240 -1345991 -1956002 963809 1224833 -1308084 -4909161 -940546 2499134 346736 -999173 -3418391 2086969 2049174 1489301 589033 -115817 -68896 769822 1602384 4808368 
151296 1938488 1251941 -1435119 -3905316 2240248 3101091 370732 2826094 -1390376 -796132 777179 -1005243 -3031680 154072 1219813 -1919305 2188179 -1413280 1264263 2731571 436057 -192585 -122784 -5961605 -4671702 -3842809 -747935 2329799 -2046263 256120 414799 -5208016 540461 104156 -1260585 -1616087 -2874670 -2257250 3500276 -1730209 4791313 -105676 -3404607 3874503 -115221 -2636777 2198776 -2992990 -2224428 
-6259305 -1978408 -478771 4023921 835769 -335597 -478747 -489147 -1244400 -3966431 1919057 2417754 930295 -833676 2059748 3480690 -418340 -1673552 3728533 -1355924 -752562 2402196 -858440 -2776986 1368429 -2893781 3890879 -3696089 -2951190 1539339 -31049 1713410 5324873 2232631 13734 3291839 -1106084 469696 730026 95861 -507725 -3052746 684260 -931410 -5222744 3962303 2305098 -2455775 2701063 704259 
-363792 669 2050361 1381854 2556900 1491618 -1214119 886545 586298 -400135 -671285 2711292 1861901 -2375767 -1970155 -4356773 2821453 1393768 -2055837 901085 698780 -1698201 -314413 -691647 -3181362 -513724 5728135 933336 -560079 982837 -1855034 2822897 1643084 -289973 -597569 1219154 -5214327 2569894 -664765 -3258707 -945907 -3473532 1544942 5941454 -2051790 30146 -1107637 658046 1673617 1226881 
82479 58135 -777494 372361 -1361464 -111325 793049 1254065 -183214 -4889501 -2707329 900725 2245603 1062795 -433978 715253 504300 -1804954 1020187 2200782 1206136 302236 5093435 5142404 2144845 -1911182 -797005 -1416664 3310699 626593 -32102 -3229375 -2780673 3334827 297092 -2810715 3082931 2911400 2606813 2043377 206291 4145374 -2140558 -4256363 1192099 -3052297 380919 449713 2822995 -226171 
3570403 -447807 6158637 119928 -1841212 -185667 657365 6216247 3431910 3232870 -2445957 3025000 -286577 -1811518 -1414582 -273126 3551025 -263806 -3114166 622318 -841795 -2815423 -1027540 648365 -2550484 -1312500 3742456 -2654924 -2006367 2610118 3091537 -1260799 3282488 -4254094 -908763 -1531469 1182562 -309748 998654 -2799653 -2278818 -1585469 701602 3864546 1472268 1213501 1939388 240704 2553087 956109 
