1364822 -69389 343088 -391034 -242359 217648 238106 59820 -351664 1218728 
-1518293 1323971 831002 -472034 145974 -756199 -596603 588399 -1350050 -602325 
1172602 -1894252 -1788642 -696158 1336217 -129507 -385092 -2139728 1938189 -1717411 
-756264 597391 -642049 385449 -1033657 -402679 -838877 591602 1335626 -1637 
-1166150 -1311771 -1102734 -325705 1748585 -100289 -61027 -587701 -68435 -824093 
68634 -274199 528274 -384946 -832876 434642 800028 1114225 262612 755322 
-7697 -1851326 1681320 -417633 1468034 -836228 254123 -548421 -1051809 1508328 
1501269 1930678 1726491 451283 -1528587 839866 600801 582367 -300202 -206196 
1283483 956349 -423451 1300844 -1262226 1533848 183282 743066 815298 1774498 
-1096512 -1968011 -1121300 -1545899 1074146 -1672447 -1316228 -1830323 913847 -2255781 
