-166 995 441 866 -1000 -744 -396 999 -707 -528 -816 -207 -628 -224 -309 340 -207 872 78 693 -162 -374 371 49 -591 -113 757 -541 -946 69 341 828 -165 -86 117 -139 -720 879 -604 557 602 432 937 606 -373 -815 385 36 753 730 790 659 -830 660 -922 -454 -661 -882 757 341 -804 186 -158 343 916 -177 66 -605 384 -421 -369 -716 373 567 670 -175 -964 -932 501 248 978 321 497 -403 -439 -108 579 -556 -794 -854 -104 -62 818 -808 -413 807 -425 -761 -740 50 
-962 -833 358 834 -577 821 -469 -402 -17 169 -894 132 148 228 -707 914 179 -478 400 -538 -796 67 -172 900 389 -172 81 -901 531 -910 -720 30 890 173 767 -725 -722 785 615 -245 -205 77 305 -278 -305 502 452 767 247 502 -302 -460 792 506 930 327 244 -771 899 -100 157 -184 -526 807 147 -995 234 -347 54 772 -286 817 247 -969 859 382 995 -860 -55 -726 486 866 -616 -71 -540 17 -583 -902 423 -656 -207 -786 20 -796 -423 -537 106 684 -444 -752 
-533 -442 -817 172 140 -164 -264 626 602 -534 435 226 -146 504 -144 -143 -276 -881 875 833 564 233 -928 309 -741 -856 935 -279 136 -451 -852 -696 -677 -609 878 163 -258 941 -900 694 482 -521 -12 240 658 -687 519 -963 302 -860 628 525 -89 64 -782 -708 18 102 491 833 339 -76 -736 529 -575 260 -580 -810 -676 -287 -810 -714 862 153 680 247 -474 -869 456 470 45 545 474 -670 374 -146 457 234 513 -205 851 -593 -984 853 -411 -666 209 -952 99 -96 
853 838 -210 927 -652 -748 -730 387 11 -975 -81 923 -332 -56 -790 6 -738 772 69 -437 -291 793 -517 -953 932 -80 -140 93 598 -429 -20 198 -969 187 -133 615 -370 786 156 -632 576 224 -893 -969 -160 -901 358 -201 154 735 573 -491 -836 210 658 149 256 -429 400 395 -851 -928 510 579 801 -991 -472 -65 -281 -236 -520 -178 -954 -365 244 -140 948 356 -603 -147 -313 -561 596 760 808 326 -460 -968 -496 710 55 720 605 -630 145 -833 -912 -112 -962 -866 
624 -315 -864 546 -244 412 -841 -524 966 -912 -438 731 -854 377 139 -678 -66 -310 -550 185 -376 833 820 -486 -779 -614 -39 -1 -334 457 -983 11 346 -890 -685 210 -362 -796 781 32 -46 -695 244 88 308 -711 503 -556 39 571 -956 -380 -351 746 690 77 734 900 653 709 -803 303 407 221 600 -931 541 464 -481 -486 265 -310 593 -108 566 981 -400 -714 803 83 950 273 988 92 53 -730 -289 -948 -680 492 -940 -267 453 725 386 382 -25 683 111 -460 
-27 -449 -549 294 843 -599 760 -68 450 -394 -22 -593 -823 -669 6 575 808 -561 477 -485 128 419 -70 896 -557 -466 -837 -143 -782 268 606 394 533 -315 692 -143 648 253 -714 -844 -964 -867 -83 -774 -945 510 -210 494 -95 -100 -44 -52 607 -195 810 -926 548 -749 237 -980 77 -994 903 553 811 781 21 432 -845 231 676 392 110 723 491 -471 1000 148 278 -21 779 749 696 296 171 -437 984 600 3 545 -752 842 -911 -543 685 -389 -31 300 -712 -389 
-348 774 719 774 30 -466 761 -4 -333 790 -591 640 678 46 -676 898 -882 773 149 -242 282 -745 -187 -287 -698 713 -796 907 -667 -121 -680 759 -43 -202 -449 -897 -723 558 -644 167 142 994 -785 634 189 952 804 191 -936 -813 -613 -870 -864 -97 760 -360 209 911 -168 -609 649 265 250 338 -888 -343 961 543 -582 171 -63 -120 -85 -725 -979 517 -360 969 -560 -323 271 48 -926 -494 741 -721 -964 380 743 541 -289 -740 -207 -955 726 865 -99 950 396 507 
-102 830 289 -990 -31 719 129 661 245 298 348 157 -452 121 344 -295 712 -610 495 -501 548 -145 616 -293 -573 535 -383 953 467 -886 489 -557 -572 -602 -715 -246 -947 -631 -779 349 600 -839 -537 -585 835 423 35 -861 -52 -31 236 -799 -944 -864 -748 953 -681 -595 -138 -192 -707 459 -623 -906 288 509 -579 202 626 921 -387 857 -911 463 891 -149 565 -888 671 498 -68 -836 -600 -848 785 442 -105 153 -597 441 695 137 213 801 787 201 568 577 962 373 
840 575 -862 63 168 -227 -478 -101 95 692 632 -478 965 857 -329 409 298 -583 489 956 -169 -817 -478 -543 663 54 -935 522 -153 -646 403 195 -449 -877 410 -284 447 54 -811 -287 820 -643 -615 -598 -756 259 900 -920 -72 -861 188 -147 -309 350 -557 -66 810 -371 -190 254 413 755 101 -100 -74 -794 901 -749 -738 -679 741 975 878 -236 686 -865 147 886 36 -611 696 -497 402 81 898 249 676 -985 979 -845 -356 893 -983 646 723 -120 -489 606 -44 -732 
856 792 -344 -511 309 218 -864 -227 73 786 879 -564 124 -732 418 -694 -995 -972 -565 810 -874 -416 -710 303 -713 -378 910 835 -517 697 51 -807 -708 -170 50 -436 -476 -86 -208 460 -988 228 -938 -875 -485 184 -824 722 -855 -343 621 867 171 -506 109 121 -46 -100 872 -220 -907 -489 -135 -412 83 522 814 544 130 -657 -149 499 -935 -36 43 75 -674 276 -528 -687 -223 227 297 -660 -701 28 751 -632 -74 -142 -322 -5 386 324 656 693 110 347 -3 214 
-985 -709 424 17 -619 723 628 443 -880 -59 974 897 290 -697 278 131 -63 -144 302 199 -873 700 -390 502 159 850 -871 983 -875 -601 -155 504 -785 -798 247 170 -904 -431 -878 407 -550 -838 -818 -993 915 -871 530 -24 51 0 -825 289 -974 -299 -542 -132 -235 -60 959 -176 476 273 842 349 -543 -128 22 -913 902 -995 113 -871 -247 991 891 -884 532 302 630 142 -996 -639 262 962 750 -96 417 555 -10 -49 57 -553 -699 -261 -716 454 -46 -330 -102 220 
772 55 -182 -462 -856 -164 -949 -418 7 932 -782 -550 -705 -995 533 960 652 -202 -629 594 -617 536 -420 -567 -967 -203 -238 889 -391 169 -151 -315 -773 304 -195 -358 116 987 669 399 837 -921 -860 -52 -302 875 -21 79 791 -107 754 -493 -453 -343 95 -364 -560 -9 711 983 -905 -800 -549 -283 -716 570 -255 -877 448 -301 -22 414 86 -501 506 -146 883 936 -936 -43 -838 -156 -699 114 329 899 -326 17 751 -498 296 -671 -295 583 -915 268 529 632 -93 423 
-677 235 743 765 -141 -453 697 -494 -831 -115 30 -872 -87 -421 21 -188 930 54 -652 -267 -290 -196 917 955 884 411 -943 -183 863 654 320 369 -481 -871 10 741 403 210 465 -493 201 630 -892 -739 685 237 63 -504 -410 746 -157 -872 794 -594 653 764 -27 197 55 250 710 -436 488 768 135 -770 -546 192 -521 -738 -677 690 204 928 -309 191 198 183 232 -882 -404 501 586 30 -473 291 322 -131 -132 836 -642 177 711 209 645 759 -358 -754 443 -119 
-747 180 -928 -600 577 -976 -394 -958 995 164 -413 858 14 443 -472 -257 -511 169 392 -147 506 613 -743 -840 -37 -109 -103 409 363 30 394 237 -698 986 -716 438 295 598 228 453 73 227 -355 -47 -802 -770 -253 -613 642 -382 355 218 -591 -669 -401 75 -320 -32 459 737 -339 93 -637 402 567 -120 652 -599 857 -899 742 747 708 593 9 799 642 -849 758 502 -145 334 -311 -698 -842 271 777 696 -895 644 678 257 913 622 759 -700 718 599 223 694 
621 -775 -260 -754 -52 982 860 -702 -210 -808 122 -126 -26 -160 -476 822 273 354 180 -623 -194 935 -597 -755 -625 779 167 -382 -999 -545 -710 -593 -742 562 -477 -756 961 -234 -405 435 -619 -764 340 379 -514 247 277 -345 -865 -419 761 -80 183 -601 -780 -26 124 -999 130 -733 345 -984 357 6 -538 -651 -630 689 966 828 -140 -305 561 93 633 -33 180 575 -800 -872 74 -716 -449 144 -501 -633 899 905 -786 260 -465 -849 -372 319 -826 135 31 -433 -163 5 
105 -208 416 743 373 879 -984 -273 315 -94 538 951 -322 817 179 -22 -954 112 -336 74 267 347 257 -73 -688 -905 3 324 423 375 147 249 -582 -688 -945 -649 950 -470 70 -780 423 71 569 -161 546 -791 520 12 -373 826 -150 525 257 479 646 -433 948 -136 -767 -560 -567 -231 864 -421 -430 -15 -867 194 593 -992 -931 367 395 714 -159 -644 676 -945 -384 -800 857 705 406 -37 -212 774 -106 -255 421 -89 211 981 548 -332 -822 -631 54 -166 602 867 
-645 720 915 919 -925 -885 -989 -375 -889 -412 -288 908 -46 -444 6 287 -778 516 704 689 781 -236 -112 -797 -549 943 -431 -101 815 781 845 -688 535 760 -256 -283 120 957 -62 -734 937 -623 185 540 -162 721 -16 -37 -597 286 -750 570 -358 -463 -671 784 936 -829 -487 -279 287 -444 -332 -12 -461 -28 86 -990 -315 -426 -422 -678 -598 331 724 668 -288 872 10 -195 709 932 462 -116 -630 895 -12 928 290 -31 382 936 -382 -714 265 324 -132 -882 -15 -70 
614 -487 -217 980 -520 964 170 -817 -363 643 -538 -884 -723 871 0 777 -311 -422 896 700 -131 -64 260 62 -971 -469 -970 349 103 -357 561 -709 -294 932 -992 404 -322 -340 288 769 -760 -718 -979 788 455 -120 721 865 -323 630 -946 602 612 -172 737 531 339 616 795 -92 116 12 384 366 41 -894 657 12 -672 650 -671 -437 -243 884 -189 -160 658 -849 -372 -933 -36 -202 361 -651 -56 781 623 346 26 920 33 286 104 -778 701 -471 906 -696 354 -328 
260 -534 -988 507 847 944 195 381 749 488 -668 484 -188 458 736 82 597 -67 963 219 -165 -662 300 -927 -377 -44 -353 215 302 692 856 321 156 -203 934 238 -692 -249 791 640 -301 -105 105 -316 540 143 -468 893 -985 241 -429 -924 303 667 305 793 -400 -816 82 675 275 -721 -353 570 994 987 974 865 -867 896 428 -107 -213 -24 -888 -536 705 -411 237 824 885 227 -571 879 501 502 -577 661 -520 -810 263 -230 422 -457 -520 940 -152 -375 -273 259 
116 -656 381 688 -670 245 910 -697 333 -283 712 -586 629 846 -266 31 -910 -977 785 -126 895 70 106 45 -260 67 -15 709 -482 -347 -501 -562 600 5 -834 554 67 479 31 -200 973 -944 866 862 -218 -571 239 -644 607 -492 -419 832 806 71 726 -295 996 -133 -411 -917 980 -70 469 282 446 -898 841 854 104 928 -438 204 -566 -9 -405 458 613 -38 -321 34 -699 -853 -287 424 -779 -623 32 -783 -672 -499 -48 -54 -662 -978 -331 322 -688 359 -788 823 
507 858 957 291 -348 -603 946 -45 144 410 449 -921 -545 -939 -786 651 -964 146 913 590 -847 934 426 305 -336 908 -673 264 666 -282 -246 821 -400 603 514 257 -270 -441 757 -514 -13 -758 -619 -269 71 -241 -577 747 805 635 292 -189 -510 365 414 -863 -41 130 563 898 -523 917 -250 -493 -525 -94 -769 -136 -888 122 335 -766 -953 61 -246 818 -699 691 641 58 -1 -774 -689 -703 -268 -193 -781 -371 -366 -993 -688 79 236 -538 -67 -18 534 269 -65 698 
334 708 51 -254 -457 -20 -381 789 54 963 611 694 586 823 161 382 338 842 -233 -613 -846 513 128 931 282 -123 146 246 -13 998 870 18 430 -461 148 -119 -613 -772 -698 -895 117 696 -282 -850 -149 204 -149 622 884 740 102 -656 -670 -543 -687 750 37 -355 -504 42 307 783 536 -262 -300 -145 -968 239 -559 962 287 -909 -73 92 -331 597 64 -348 -431 -756 337 363 735 -736 598 654 293 -590 -477 -163 84 -45 -65 680 741 634 756 142 929 213 
208 -362 652 363 -897 -731 -740 311 -692 -777 63 540 541 -673 18 -698 46 887 732 -216 -692 -907 41 390 -948 -172 -873 -104 124 474 593 -105 -632 658 -938 894 154 321 751 183 217 -420 229 49 -854 774 722 651 -687 969 393 121 -634 877 444 -455 -581 -774 -283 -458 817 -4 940 963 -360 -931 -994 -228 -402 -790 -430 538 282 603 34 -536 256 -392 -941 807 -159 -148 483 897 -855 -655 -355 -503 -9 649 708 192 -520 -627 487 -526 79 314 499 -544 
-651 -921 -705 703 -791 -553 -935 353 -537 -173 -722 -246 -151 -54 -154 -795 81 545 -726 -888 -21 58 -398 -540 -287 318 -925 282 -321 946 -338 -236 967 -945 340 253 -908 256 311 -488 308 -289 890 -449 804 167 393 998 939 -841 -460 -969 606 865 79 370 -623 897 979 -518 868 984 -845 46 986 627 67 -127 -779 845 41 -599 -466 -490 875 -520 -539 923 -435 123 -548 758 -195 -594 -187 -775 340 494 -752 -637 919 -413 -270 -746 258 -764 -951 -139 -818 208 
81 442 936 470 919 -113 -961 396 158 940 100 -244 -89 -344 353 817 -286 980 -413 -522 -185 -602 696 -199 146 946 -637 448 436 -126 -693 -545 -347 979 932 30 30 -42 499 145 156 -275 -267 81 924 291 -299 226 631 53 -843 -942 257 291 -501 -707 704 330 -851 -322 706 -297 -568 -252 -529 643 28 433 106 673 -442 -138 945 10 492 -893 -777 615 583 -111 914 865 -129 -812 803 -376 -991 338 741 94 86 232 -396 -267 150 865 619 -597 -345 486 
-318 -905 -688 448 -613 -995 -185 270 -453 761 -35 -921 -46 471 170 -263 -415 -173 -571 -362 -757 926 8 847 493 -85 509 256 -393 43 425 -390 -975 -464 594 860 251 -735 515 54 508 718 896 309 709 485 454 718 846 805 -209 -832 659 78 84 651 -860 -936 118 351 943 387 375 175 -893 995 776 -266 -151 -613 -564 76 130 147 87 -290 336 307 85 768 -450 -784 -618 -226 708 -459 253 247 -184 -900 490 -409 -203 -246 327 -828 214 100 -970 967 
197 -232 -707 702 394 334 812 387 994 -629 -880 275 895 766 -492 906 -963 628 -638 -799 -635 210 715 -655 662 -333 217 722 -541 630 426 -255 842 -305 -105 703 154 308 -444 -25 242 -734 -935 -774 -45 750 -952 467 253 444 -446 -185 -599 -769 -459 -958 971 223 -243 -947 -220 -95 862 -443 230 331 -628 12 213 573 -77 -807 212 -948 -986 -881 -197 -37 852 -189 346 -850 -245 -736 -845 408 4 676 306 -914 -686 848 271 163 -581 -947 874 -82 818 -994 
175 483 -178 -39 459 -784 461 -81 759 349 -885 -688 -770 -584 491 -193 -31 775 -725 929 -915 -802 -554 613 -88 307 -652 -667 42 481 -75 740 321 -502 479 -530 -252 513 876 724 -477 -176 223 200 94 -222 -798 425 -824 733 727 417 -27 398 -210 595 573 -689 -365 -312 -272 133 -917 320 -597 -167 -98 -303 403 -175 -640 664 24 931 262 -733 -217 893 998 -694 -699 104 -419 -810 293 93 919 107 306 -19 293 211 -710 -331 -79 -745 -981 183 634 502 
-618 -291 5 101 215 -134 754 -261 743 -488 997 -689 73 129 -572 -603 140 -419 903 853 -596 -84 860 194 803 -745 -708 -856 85 765 64 564 -623 727 -625 -891 -157 110 942 -817 -452 -790 -219 -422 27 -304 857 580 722 -741 150 -571 737 -970 -789 -248 -196 -446 -808 -763 -364 902 -585 495 -484 -926 -968 -695 -76 512 458 -295 -42 628 677 -360 -992 -907 -698 848 -310 552 -537 912 -817 -845 592 -45 -957 -399 -478 643 404 -167 714 -113 -889 188 720 -418 
-702 -737 465 469 -642 -173 188 -750 571 240 231 403 975 125 729 -163 309 851 328 -394 240 -298 -355 439 221 -680 -27 892 -232 -622 -62 682 686 656 -978 -466 1000 -761 -20 580 -756 325 -24 -612 758 -637 278 482 125 258 -762 -384 174 -209 328 704 -620 807 -234 887 235 580 30 62 -345 -742 -232 -570 -935 -450 -639 751 -838 -633 408 839 -497 -958 921 365 -379 -55 -637 199 -252 749 453 909 -298 875 -42 285 474 619 -208 -104 635 435 882 960 
-642 -544 241 432 -535 495 206 755 -496 -321 -11 -770 -721 -332 -574 599 -230 537 237 -16 -838 964 -514 963 -952 -604 932 399 -510 -300 502 -631 -138 747 68 -794 -951 412 959 571 530 351 591 -920 -471 391 734 349 257 -648 -203 -598 305 -886 94 -450 477 719 157 791 797 265 287 752 529 616 20 135 -93 -805 -363 -759 565 90 -546 -552 -479 -382 -886 -225 844 -405 345 -574 -8 -994 491 744 886 394 606 -853 -519 -534 -620 765 -525 517 -478 -934 
467 453 -822 516 -347 148 897 -674 -827 189 862 -733 42 26 368 -657 875 -356 776 914 -797 815 304 -429 -981 113 151 591 -385 -412 -717 -310 961 263 -486 665 -632 844 -527 -964 863 775 191 -782 -523 -653 541 -735 -563 -67 -16 563 -73 -101 20 23 995 -741 513 588 170 -75 787 657 -900 926 -986 146 145 669 796 -231 124 197 403 857 -942 72 -988 -587 481 880 -872 -225 547 655 335 188 304 -523 -949 473 -347 -247 225 314 815 -594 -89 652 
-468 454 -629 44 -394 -991 390 -535 -645 -400 688 -91 -824 -183 139 -750 -510 -921 -286 763 992 -883 -739 -364 900 -372 -120 -916 637 906 474 205 643 -931 691 257 -434 -525 651 -915 968 -248 812 205 825 -671 335 153 -650 -907 -43 671 -784 -627 972 166 -901 906 -896 481 995 -317 928 -357 692 -378 21 -284 898 -768 -707 72 -328 -957 543 -230 143 512 882 225 -369 -780 -853 -361 322 390 -585 -835 -389 95 510 59 -426 248 -471 306 684 278 131 -386 
754 -474 978 527 648 -512 -920 734 -526 -239 182 -887 194 533 -896 196 499 -959 -155 -489 -311 -148 173 814 406 634 754 405 317 -291 -398 -661 714 551 -853 -35 817 442 -634 -253 554 -761 -644 -402 428 435 775 -806 73 -777 453 -995 393 -493 47 -592 655 485 -197 792 -468 878 -138 942 -345 -391 333 999 807 -543 862 920 154 543 913 -574 -388 582 436 -902 -136 739 -991 660 -350 678 -875 -790 404 28 -4 -253 266 207 -107 -294 -60 646 125 816 
-666 532 -474 -226 -644 736 690 -709 -138 -978 696 -667 -696 116 425 -15 756 952 -71 536 40 -10 330 -551 -781 958 630 -429 172 512 302 -616 -386 53 618 -871 -888 657 148 -363 -538 912 129 -565 -501 920 -523 -229 -31 184 444 -763 -721 -157 35 -173 -765 768 -449 233 970 -621 931 306 -19 544 455 46 484 28 -121 -342 -363 -827 915 617 947 475 -995 -874 169 -329 764 748 976 -434 432 754 -361 -778 731 -393 -161 292 210 -158 -868 -228 -755 68 
-535 510 350 -857 979 561 -545 -939 -43 -295 93 319 595 -973 429 -410 973 693 121 196 -616 -548 -692 -244 -776 23 277 -756 -312 -860 52 301 231 628 -529 236 -395 -823 -390 -858 918 455 -797 573 -296 823 -9 746 -559 -987 -266 -266 -806 -338 320 -67 759 -461 -291 -359 104 -624 -654 879 -247 174 -890 -719 -808 625 -794 33 -689 -443 766 263 928 200 -981 -169 -151 -436 -724 899 -356 -953 -736 -718 -495 -608 -687 509 -340 289 131 799 762 -114 -591 265 
274 440 385 815 565 251 202 -575 303 629 845 834 122 -481 -333 996 51 632 194 14 -303 76 -987 754 123 -952 637 -730 -939 -75 922 -813 -869 760 643 640 -64 -145 -198 165 458 569 310 125 -175 -360 -428 -408 366 525 195 -555 -612 974 532 958 -969 -502 585 439 -508 110 171 443 -73 -190 -384 -524 -503 -815 127 292 339 375 -994 -124 -372 -606 164 899 -892 -974 470 -425 -225 838 -21 -211 -214 -668 -220 -767 502 15 79 82 688 242 731 -657 
-360 -601 -787 143 874 683 -748 304 184 988 -998 820 -127 938 -501 1000 -705 601 -704 634 -529 -59 347 718 316 -26 348 -689 526 -872 -661 606 -745 249 628 982 -329 7 820 52 -113 165 418 -628 -23 -901 -840 -508 964 384 -464 413 323 -914 -277 548 -843 769 862 707 -766 130 415 776 -638 -809 -901 -145 -444 -233 185 440 554 680 -411 215 -425 997 629 -172 759 465 -145 858 -657 -411 -813 -364 -238 266 -57 664 -889 982 328 -244 -579 722 427 493 
334 -570 262 -256 163 -220 612 151 -530 -443 971 -838 474 -592 436 -13 -780 -942 -75 -982 -597 142 186 -808 574 754 600 -88 289 -220 691 -634 521 424 115 300 -820 -707 -169 423 -665 -222 -4 871 -890 658 969 -466 781 -420 598 -80 195 -527 375 -703 119 -11 675 -37 570 -200 -384 646 575 329 503 -833 -45 -883 -529 282 -462 -703 234 -805 191 -519 -669 695 -824 816 362 -72 769 280 391 -385 -676 -790 804 382 -249 557 551 -190 969 741 107 -446 
-659 -651 296 749 -759 -934 339 733 892 -81 -728 943 824 137 -454 960 -455 -802 -689 -776 426 415 629 -671 -733 -293 588 120 -924 759 176 606 -85 -890 348 848 611 -120 -824 367 -204 -42 -421 577 -907 -438 181 581 203 -936 461 -127 -953 -490 -916 0 979 -973 -118 -991 226 -634 426 -681 657 -588 -296 -539 616 -19 748 -740 -2 554 963 347 -634 520 -851 526 656 118 -15 873 -1000 -981 -496 11 81 -995 152 477 -70 251 -48 -735 -537 955 997 598 
-933 961 -189 -202 -913 -447 12 -503 -576 784 -841 -803 425 609 -978 -80 621 -785 -806 226 -696 494 -954 755 -156 -992 360 625 57 -506 586 -477 -1000 -538 987 313 -559 372 374 282 -859 -514 742 470 -665 -403 126 653 -599 -797 -236 825 -479 -784 -889 -297 -925 166 345 -79 482 2 405 -539 489 3 411 -107 12 -917 -21 -716 -715 -133 153 -314 -679 483 927 468 -846 682 -865 -91 -127 724 858 -474 -744 525 858 -349 -535 -635 927 153 721 -384 -64 -888 
-92 -586 38 76 -412 792 63 -276 -159 -688 -353 239 720 -15 -835 867 617 945 966 -957 -875 260 -518 -286 445 -909 -538 -537 845 889 584 -824 -760 368 325 912 510 750 -31 904 271 -589 136 326 55 -888 -274 936 391 -261 343 -470 -845 56 325 -421 433 -37 -757 804 304 447 -795 -41 -16 -191 -75 -949 -299 891 117 -621 -522 394 428 570 248 -487 705 218 -656 853 -437 -605 -525 -81 -497 -145 233 -915 -520 -685 411 594 751 447 207 296 -805 604 
506 407 -306 208 87 -569 865 -817 -51 521 -878 -273 494 -202 -958 43 -912 -308 387 -827 266 -700 402 192 390 259 -711 -787 441 53 -114 557 -283 496 -396 25 -651 391 55 -99 56 -802 36 -852 -266 637 85 -189 -750 215 -42 532 664 497 -92 162 554 845 807 -405 -614 -816 -391 -445 -422 660 -310 -245 86 -825 167 30 -568 -906 -66 -602 -822 -40 764 29 -17 -179 958 111 716 703 582 -686 -728 -845 -78 -431 48 -937 -823 -817 464 387 328 -846 
426 768 -527 311 -294 -39 88 628 -481 620 79 -763 698 295 -932 -76 -378 169 449 -226 -314 -279 -535 -363 677 477 416 1 -409 536 536 775 265 973 -626 115 39 435 -2 -99 -620 28 -797 -213 -6 -113 306 -625 -771 694 -111 -996 -80 738 -717 346 491 193 774 379 441 -35 50 -662 607 427 609 -716 -496 509 -289 856 -812 652 682 -12 309 -441 447 782 -392 916 149 -949 -142 -683 -246 -168 -229 -256 -192 -447 509 -357 601 823 26 -141 -817 -453 
774 -508 242 -10 -812 799 837 -865 362 944 419 -348 -854 160 467 -282 308 133 -932 842 -240 -241 693 -31 -98 280 -577 57 337 78 142 418 197 683 759 -805 81 -162 -997 -542 -101 442 12 180 220 443 601 -483 601 774 69 -925 536 -583 -538 501 -891 426 -458 -793 -887 362 -955 810 -912 -897 519 -861 516 985 54 -547 -643 96 -817 425 -945 790 919 135 811 923 356 -987 835 -368 -521 -174 -173 -932 -977 -424 -846 691 -386 832 727 278 496 -686 
206 -346 -23 -550 804 -177 138 -39 -56 199 706 790 36 313 818 776 560 823 -468 -398 -65 117 296 -238 -614 -262 -343 -240 946 -838 -656 664 727 -789 -441 -904 -432 918 -359 595 161 671 -982 492 938 -369 -466 248 430 -346 -134 469 -738 -713 -249 -543 -386 -700 -448 -807 832 -308 132 94 -976 -99 802 496 -337 785 -864 150 -322 -272 -390 207 -531 -412 -429 -987 -257 -903 749 444 191 488 -939 803 282 -116 373 -275 -449 158 -672 -765 -268 -604 11 305 
633 506 52 -276 480 -93 -277 721 461 -125 861 -972 -18 744 -32 -569 -44 -147 23 155 119 -296 948 503 780 -89 199 -173 -392 51 -618 -572 22 -973 -109 994 646 189 855 -666 952 -10 -966 355 560 102 953 632 -28 947 -388 -838 482 513 884 329 229 -44 872 -321 151 168 -60 16 -174 -256 524 -214 -600 -263 -871 141 -766 117 -974 285 696 993 -134 -377 -191 -544 -292 -548 -306 -133 834 38 360 -427 660 65 799 -643 -997 -262 -748 -906 267 404 
-438 -549 40 206 862 994 -907 547 -594 680 -668 779 -323 -424 213 -879 815 -238 580 421 409 65 -67 291 383 -529 508 874 631 461 644 -987 -651 -316 467 957 -980 466 -42 843 -245 284 -997 -642 -411 -226 -80 594 -441 -835 43 963 -199 -486 553 231 -985 973 -22 -392 330 -429 -73 304 -757 -66 471 921 -958 665 879 972 876 -742 772 -695 -279 -278 -441 -291 86 -843 -254 167 -732 -514 -375 -851 616 -473 -179 -189 -391 -745 788 363 -294 285 -816 -997 
-753 -43 -447 456 -902 -710 -50 216 721 -894 418 268 -370 126 -351 478 -925 -81 983 17 -295 -5 958 927 703 -111 -227 -704 -778 -667 -56 573 240 343 -490 -405 -910 129 -298 124 775 275 -677 -946 524 71 157 -172 180 -871 -189 -109 186 -15 -882 954 711 -242 93 866 -204 890 -939 492 -164 594 76 -675 182 -41 412 173 -55 -736 -793 -28 924 -784 433 -948 79 -403 737 90 996 122 124 -330 -496 -145 -546 -859 -150 -788 446 -403 -19 -609 557 -624 
575 -904 649 -547 -7 -248 -953 810 488 -42 494 474 272 201 49 -403 -654 -867 919 47 -926 879 981 869 992 -365 9 559 842 461 820 -874 -175 -743 -180 -504 -848 182 118 -613 -400 51 827 100 919 796 204 574 782 991 567 -629 -281 -39 230 -429 6 -443 145 525 -316 679 372 633 -692 -630 85 -878 76 -328 -351 -541 -991 374 506 -324 -60 595 295 -955 -432 909 767 -350 -3 822 -42 605 208 650 -386 -42 356 903 -358 33 867 891 969 447 
914 900 -14 -901 72 328 585 -941 767 82 -104 785 615 -245 -205 -670 855 -278 142 276 -748 381 296 -292 527 -287 506 763 -977 -4 -853 574 -872 -290 884 -241 526 543 -397 546 -694 157 -982 418 -59 529 -65 -462 664 103 -860 -656 -726 486 866 394 -868 511 508 846 -902 -752 -961 -948 -944 -508 720 78 106 936 -444 -752 -533 -442 -817 172 940 122 -963 602 -421 -534 615 -224 727 494 113 -727 -276 -758 -911 -785 -549 426 119 -975 -856 -411 -279 136 
-594 -496 488 -677 878 -258 -900 694 482 -403 -592 964 786 -687 -963 302 -860 -27 213 138 -365 978 160 -240 102 -569 833 339 -470 -868 -260 -575 -852 -810 506 -867 -480 610 -613 279 49 850 -474 -351 -869 456 470 545 816 864 -973 -532 457 234 898 901 113 832 283 -220 -28 -666 -952 99 -96 617 -263 219 -931 -291 -843 -730 11 -957 896 655 -970 -648 -336 6 -738 619 -311 881 164 758 690 811 932 -140 -308 154 -747 901 -373 906 -563 -133 -503 728 
-530 631 88 -618 178 -904 -893 -160 -901 358 -201 838 -1000 954 -247 948 -836 -685 -581 -165 -305 400 174 500 717 -928 510 396 729 -355 342 -98 -236 -520 -178 -954 63 -740 123 -665 -158 370 -452 -980 -313 -561 -937 870 564 35 -460 -496 -403 81 55 605 -630 145 467 38 542 138 -69 624 -864 546 -244 -841 -524 966 -637 624 750 -854 -626 45 808 -50 694 678 -722 81 -66 -486 -563 -779 -118 -563 -118 -39 -1 -334 457 -584 -504 704 -168 233 -533 -796 
781 581 -565 -600 361 -688 21 977 -711 -904 799 431 -380 -214 -839 -296 -998 249 -600 250 -357 -906 447 519 -187 409 171 940 -392 -373 -547 345 558 25 231 -909 -108 936 -281 108 -177 933 -594 986 319 618 -84 775 68 155 835 -372 -267 611 -40 382 -623 -116 163 980 -592 -505 -476 501 -86 -887 17 -576 598 -406 -945 187 688 -238 500 22 82 919 608 -936 128 -736 -256 -835 11 389 -86 -278 632 -909 -224 -83 472 820 -445 636 313 -978 471 207 
360 168 147 -278 918 974 -226 673 965 171 342 -828 983 559 989 308 -926 438 376 218 -788 -439 553 811 592 831 -709 -685 -625 245 812 980 422 464 819 -198 -501 -653 -761 626 -707 -472 638 -379 965 -467 67 -371 822 -267 -133 25 878 -939 434 782 -946 44 -389 774 719 117 381 -94 257 -420 -982 154 -377 35 833 -147 -505 -258 864 874 689 841 -544 -825 -546 -371 -651 214 -173 633 -630 404 -520 149 -302 -887 -543 328 -6 38 -651 167 857 -785 
-95 -688 -392 529 254 422 -813 -870 -864 -97 -249 951 -664 946 535 -609 -668 250 338 -46 -974 -294 -16 460 171 -63 -120 -85 227 -360 -777 -374 988 -669 -74 -323 48 -926 510 -72 -751 -375 9 348 743 -289 -740 -207 -955 38 620 -975 345 374 507 156 -731 616 -791 -329 719 661 245 -84 348 626 -504 -155 612 96 -505 -979 -506 495 -501 232 -476 49 -240 -928 688 -100 -383 467 -886 -674 -635 83 -455 -13 468 -947 -631 842 320 380 -664 372 204 310 
423 108 -391 670 -129 847 412 -44 -864 -248 546 -186 870 65 -107 -343 -312 -623 -906 -103 509 807 763 202 498 277 194 -409 463 -280 -848 851 -324 582 671 -616 -210 -400 -840 810 -260 61 -12 -736 -587 -848 16 -477 -286 -784 575 -787 972 -646 145 -911 840 -862 -621 56 480 -700 102 -567 519 446 -647 724 -961 721 118 -194 518 434 975 -444 -993 868 716 458 33 414 561 -250 541 501 227 -196 395 -994 550 793 -522 -759 -560 -396 766 86 -427 -724 
-420 228 -352 -85 -112 657 188 197 -299 -476 -374 -66 -371 254 413 755 -105 569 -86 313 -737 -134 819 211 534 9 -4 -236 -36 340 626 836 -825 -743 471 926 134 895 714 407 -640 239 116 -875 -122 720 -979 -830 -143 175 719 229 65 673 488 792 -17 714 -163 367 -204 11 -621 930 -412 -793 -712 -972 432 129 589 14 584 392 556 -187 296 -641 -357 -655 -183 -517 697 -186 951 -360 965 273 -250 715 239 -496 586 -134 -285 -340 395 -463 617 -410 
88 -24 711 777 -632 867 171 797 -108 844 -442 218 365 -544 -973 -167 877 -314 560 -651 -316 -711 434 399 377 -493 385 -546 -151 -256 -290 -885 263 415 -223 5 -669 114 621 -728 551 965 886 -142 -5 386 -677 -315 -476 689 601 -147 -3 -985 -709 19 -406 720 343 267 -751 -880 -979 966 217 -998 -58 78 123 845 -144 199 -873 700 -390 502 -17 -177 -364 -23 -875 -774 898 -155 504 -798 247 170 815 287 329 407 -243 -624 494 -319 591 530 92 51 
289 -974 -871 -982 945 -703 199 959 549 106 779 -290 -509 822 22 902 -995 113 -247 693 991 -884 33 -938 630 -996 -495 -340 -799 290 651 -290 -567 -10 57 -553 -265 478 -79 -858 -330 -102 220 772 405 740 -989 -403 499 727 794 -202 -124 -226 -782 346 0 554 -713 -834 -202 -629 525 -622 -320 217 380 -224 -461 -238 319 -859 -695 -967 -315 -166 522 725 32 -418 -570 917 996 100 495 472 -400 718 -316 587 -52 -486 -809 -789 -474 -207 481 95 -560 343 
-715 -812 741 -527 -228 143 52 -848 749 903 625 -433 56 -321 109 949 -377 338 -348 549 -349 780 504 526 -61 -579 -918 -357 -926 388 341 -139 536 72 -921 -731 -613 -329 -896 210 24 235 -135 696 -92 -970 747 313 646 904 -899 -530 -874 -157 728 -837 -54 -749 546 683 -914 -27 -521 905 888 228 947 -310 796 -131 -529 882 369 -481 -871 10 355 219 -6 -976 -58 -468 389 85 574 151 399 674 59 903 -375 501 37 -842 -399 250 295 -857 -207 -885 
23 -631 488 -169 -368 289 297 450 791 -238 -57 695 729 -564 251 -177 183 232 -882 -404 501 897 69 -615 506 -986 -344 836 -642 301 827 -898 469 -344 816 -831 -889 52 875 940 -532 702 314 291 711 863 -124 -895 95 -596 707 -91 176 862 -30 -390 847 -257 778 -821 934 -732 -857 943 718 506 -92 613 -743 504 -383 -58 386 -109 279 -409 -303 -738 30 394 216 -589 -698 986 522 562 438 809 -533 -647 -218 -359 631 295 227 520 -145 -948 -149 916 
-253 682 -613 866 642 -382 378 -18 -824 -530 -77 -603 -950 -32 459 737 602 -339 687 -143 402 730 314 162 652 -599 59 789 -390 -19 742 818 -340 366 799 642 -849 -27 696 -619 700 -145 -750 -51 -842 271 777 696 -895 644 678 257 913 180 -605 -141 -327 984 -240 986 38 -656 -851 -178 768 914 269 -172 -464 675 896 -616 -790 -77 122 -126 561 -780 143 -349 -792 822 273 -956 643 -623 -290 949 10 -447 657 -513 -905 -718 -836 -329 -157 411 793 747 
401 -59 655 -8 -2 -273 -552 -449 -436 850 964 -226 565 -14 -987 -491 -982 770 29 -204 -601 -100 -619 -768 -646 674 489 379 -515 -316 619 613 102 -865 761 963 -154 528 400 -492 736 945 -142 -236 -747 -512 -842 -394 484 230 -420 962 775 887 -884 200 -859 -290 445 -847 -140 -242 -168 238 286 -278 777 -472 -872 74 -268 209 918 -214 -214 582 290 -212 378 -192 -728 -99 -331 -564 852 379 198 494 84 401 862 726 -665 -474 -857 958 -527 321 -821 -579 
6 -790 -222 76 -322 112 -336 74 -219 393 357 375 123 -284 226 872 194 960 -118 479 -925 530 37 -990 -446 70 536 -894 98 602 299 863 -851 -447 839 530 200 666 792 946 998 -721 -859 -853 -971 944 -811 684 371 -25 -307 -293 -493 822 452 -949 -77 -438 -943 770 542 -341 593 -351 -945 -800 857 954 47 904 776 36 -106 -336 153 -533 480 87 463 205 990 -557 550 804 -570 192 -277 831 621 869 0 -414 812 -265 -185 -712 772 331 -633 168 
-96 875 -156 -123 603 -969 630 894 -201 817 -810 92 -101 215 86 384 535 760 264 -579 -310 -681 -111 -833 -670 -606 382 148 747 -511 259 -932 32 727 969 -981 -495 -553 -905 -980 -20 -909 -444 280 -411 -461 181 -239 405 -8 267 -293 -426 -734 875 610 876 -630 867 872 -433 -451 103 -630 462 229 -208 -461 118 445 955 382 936 -382 -653 -752 842 833 851 -875 -771 -974 876 980 -520 373 980 -645 -363 -708 242 900 322 871 777 -311 8 265 -207 850 
692 62 681 -805 484 -617 -196 -589 -364 -863 -709 -510 -416 -608 -825 740 -824 368 769 -718 -979 115 815 721 865 -323 630 -266 -814 612 737 531 339 -604 253 -331 707 771 -638 -44 -583 41 -894 113 12 -672 650 -671 -437 -643 940 484 -481 163 911 -839 -833 238 -551 531 136 333 -785 -832 250 -181 -826 -258 344 -621 792 900 924 460 -188 488 -424 -371 212 190 758 -491 533 882 -998 -48 314 687 -633 713 -271 785 -945 -830 -67 898 378 458 -170 -616 
336 -44 751 679 165 -853 303 280 436 -232 238 -692 -249 791 -378 97 364 -527 -665 17 584 385 -762 802 -41 894 107 -831 -595 709 412 790 -342 56 301 189 -537 -146 -504 692 987 865 -867 896 428 -340 251 -484 302 -258 -411 237 296 82 159 -456 -13 -979 -74 65 652 -520 263 -230 422 485 -220 520 806 175 -820 -742 -790 -655 -748 557 -922 -517 759 948 211 953 -914 898 -378 598 622 720 -83 862 -484 869 238 971 -935 451 131 -15 709 -482 
763 927 211 495 567 -500 707 892 83 858 38 -520 -228 -378 -25 741 -419 479 992 27 908 -604 -166 -251 924 806 206 -138 261 -40 -179 -552 446 193 217 -231 -530 -225 942 -33 -176 125 688 204 -207 256 -399 639 -861 -917 -902 -699 -209 911 -779 295 55 -294 -604 -559 -913 427 308 -113 438 -780 878 696 318 -242 -167 -36 871 728 -44 109 751 899 279 497 -297 836 674 104 736 700 617 -739 72 802 542 -159 956 -499 -333 909 618 801 -977 -241 
-529 -408 476 448 -76 -270 169 67 101 231 -209 544 -498 312 921 -993 447 -782 88 254 -514 828 245 -537 541 -789 111 -810 162 -494 299 432 48 315 627 615 239 -98 -184 750 406 -630 132 -246 -433 -216 -213 58 -1 -925 -705 846 -912 -255 238 -606 963 -993 -193 -153 664 -798 -845 -583 679 103 708 -93 51 317 -638 576 206 961 -556 -68 792 203 452 -173 369 893 -600 615 940 -971 -570 -766 535 -838 997 -221 811 -623 -118 690 191 -76 25 -461 
103 274 80 146 644 818 160 -36 503 -563 -339 -364 266 -968 996 740 408 -59 366 -974 965 -656 813 615 601 -462 -562 -142 699 -99 871 -295 239 -559 23 577 -630 92 -331 597 64 -348 -647 88 435 -496 411 -410 -377 300 -170 647 -321 -950 163 321 283 -991 198 -133 -912 391 53 -293 277 -362 363 793 290 878 643 311 -650 -318 -912 -533 929 -673 682 256 708 711 923 -216 -432 524 -519 -492 -832 729 -873 657 41 869 -753 354 -496 -98 482 -240 
321 751 183 217 -497 -408 66 925 -631 20 -313 540 606 -151 -592 -866 -603 -455 198 747 -744 917 367 484 966 -168 63 359 26 -228 -366 -320 -534 -73 467 -279 807 202 -780 -660 -887 -632 -110 -641 585 -744 -162 345 591 846 268 578 -384 -805 761 818 183 734 314 765 -521 859 146 -761 243 -317 779 852 856 -565 366 446 -389 -207 -476 -101 81 545 -726 -151 -456 58 345 36 -620 -62 -321 946 409 -548 690 52 1 -493 -628 -56 964 -735 -433 602 
330 -443 -371 -160 206 439 715 362 -526 852 563 -385 -390 763 -748 267 -445 655 -271 467 -615 -37 607 -206 -677 298 507 -440 -97 801 744 415 182 635 816 -995 -206 123 468 -825 -201 -441 -153 -4 320 -8 241 165 -143 -991 -611 -360 -706 197 223 0 -358 307 -620 -989 470 919 -113 -961 396 -630 -875 -244 392 -795 -609 -92 242 500 -781 249 -225 340 -593 56 -656 -963 -26 -632 277 73 550 -214 -347 932 30 -960 382 156 -275 -22 -622 -213 -941 -75 
-451 53 -843 -942 110 -414 155 466 -119 326 -522 998 -515 882 -566 -5 643 28 433 411 -119 509 840 -117 56 -868 -219 -66 791 -779 463 91 213 -941 -707 -432 -376 -586 -413 357 517 -221 -582 -141 -273 865 -347 -515 283 -380 -465 358 -688 -613 -10 270 -453 761 805 -386 507 -435 170 -894 -822 415 677 -896 -163 -718 -56 -336 638 612 158 485 786 673 53 37 430 -133 56 -87 718 684 -163 -165 -996 -960 -651 576 -900 888 67 -733 -866 -184 926 -444 
400 265 785 -860 -936 756 -931 387 375 175 284 -252 -449 19 772 131 326 -117 945 485 -290 336 -237 954 -501 623 -339 -571 943 -496 951 -41 -947 -153 483 -649 -316 688 331 35 214 552 914 813 -676 949 -707 394 334 812 -364 533 -425 915 405 250 862 -462 848 356 543 143 668 397 -707 225 -442 832 -604 -429 -905 -105 115 147 811 842 472 -352 -902 47 695 787 139 315 310 -655 804 -45 -952 467 253 444 -805 -498 -147 -599 569 827 590 -636 
-627 257 -973 -814 241 -144 -635 274 -421 726 12 573 -77 147 616 915 -481 -197 771 -463 346 -850 723 39 -362 927 877 -480 -598 178 685 -327 173 -676 -611 523 -700 -468 379 -970 -936 -425 -327 -276 615 -929 -283 277 -714 716 291 -688 243 146 -639 -770 729 -438 918 621 -928 -199 -994 -641 -76 -745 -960 -910 804 561 959 484 -169 479 -244 8 -912 -382 957 -572 -969 200 480 -510 -148 -82 686 814 274 -721 97 593 -798 -912 -667 53 -83 -820 -600 643 
-544 187 -827 855 -303 -234 -640 -864 103 192 -709 -538 -427 662 -694 -699 104 136 -313 -299 93 398 560 -65 -298 -398 84 459 -8 -981 -274 -544 695 -317 -547 -184 366 -869 -639 389 505 236 759 -663 407 835 -699 -513 93 -312 381 -885 -679 433 942 860 194 266 -281 666 -52 -117 -764 192 97 -776 -299 796 153 584 -203 985 -881 -738 -983 929 905 375 171 351 -62 355 477 -493 962 -159 327 -392 -444 37 387 -123 -563 -18 978 805 744 757 -4 -913 
-730 58 809 -404 -318 -218 205 -515 359 -839 -907 476 -455 -37 -616 695 7 54 -424 24 -997 -446 -303 -432 -829 44 577 886 -5 188 720 -962 -206 434 -173 797 500 129 588 -647 -814 815 301 906 -210 -764 383 -880 -265 -118 50 452 27 527 439 198 887 -827 -501 -390 885 238 190 -629 -938 -541 366 -19 89 363 989 -315 -523 -42 938 841 -679 693 -134 -109 218 -510 85 753 18 129 570 286 351 -862 784 -277 503 -147 -759 598 -826 934 651 950 
513 40 359 680 -4 -206 223 -710 -63 -866 -282 -520 -637 766 -374 -548 877 -775 712 858 112 -596 -681 -232 951 6 183 18 -455 311 32 241 432 -535 184 -310 -743 -396 495 -11 -370 91 365 -560 -29 986 -352 -930 635 7 -895 781 -191 859 -196 -847 399 -521 -432 491 -479 262 -532 958 -766 -5 824 -483 396 366 876 -212 -455 -496 -330 605 349 -648 873 807 -827 -614 94 -340 202 257 157 -601 -170 -725 835 529 20 135 544 -83 -416 431 -215 -732 
519 392 -108 -886 -225 844 -405 359 -930 -344 -994 744 886 394 606 -853 383 966 -717 -812 867 376 689 721 821 961 -822 -347 148 -261 -281 845 36 42 26 -18 -55 -657 -978 776 914 -930 -930 -485 815 -772 -968 -981 151 591 -385 -697 943 -670 455 782 718 665 844 -273 -297 326 584 -400 -523 -653 541 154 -497 -400 -658 -621 -73 -101 -655 -37 -697 -696 -197 -606 107 -571 -200 -243 -655 -119 190 -288 370 796 -231 -818 163 -951 -277 971 738 -695 598 622 
857 -552 -2 547 993 -120 484 -251 -341 -670 -364 -350 -259 849 815 -594 -89 652 -240 264 933 130 -282 238 4 -95 465 849 -41 -824 -183 139 -750 -510 -921 577 -455 554 -24 -364 900 -372 -120 -916 69 647 -833 -783 59 320 390 -374 -925 -171 -548 -998 372 905 -218 -400 108 704 590 370 -136 381 -568 -432 556 860 -620 -408 -988 -137 -580 283 419 -763 -836 813 -222 67 927 518 -349 -829 -707 347 -452 453 -778 791 439 -886 -813 -797 72 579 -617 -337 
609 485 -196 530 676 -332 -803 -629 -467 -360 -703 -913 637 521 303 -841 -474 978 555 147 -718 -370 -266 -416 -108 221 -574 -501 -776 -385 -5 -20 992 963 -127 945 -571 82 -93 936 673 -572 -121 -663 58 587 -929 -618 955 922 113 292 -456 905 340 334 -978 706 557 370 482 -687 438 -807 414 -995 553 -17 -592 459 -369 768 -640 878 -138 942 -345 -391 725 685 -151 -273 -435 987 -489 842 -143 871 678 -689 149 347 -188 -991 660 858 668 778 707 -624 
61 -169 266 207 703 -446 690 -167 2 459 -483 844 404 238 -454 392 -486 633 -138 696 -667 -696 -32 -72 -96 811 687 -664 536 40 362 848 791 -188 -414 116 -332 172 -240 -648 -162 -406 -967 -225 842 -888 -895 -311 -550 -546 -123 406 -111 -850 920 -523 -787 -632 533 418 -124 588 -157 501 -17 705 -952 -820 -718 934 122 -297 562 -743 544 904 126 377 -948 979 -363 -827 915 -562 -463 1000 343 763 -781 -964 -479 557 976 37 818 538 786 -659 217 -326 
-353 -998 -868 -262 414 -646 776 703 1 598 -248 389 837 -538 -389 61 541 -319 -480 -80 987 154 191 -164 -413 -665 -131 -647 758 897 -247 -657 104 481 -437 162 -948 -272 -75 217 -887 -395 650 660 -681 891 445 112 636 -917 -330 507 844 42 -987 444 846 679 -449 -979 -149 354 -72 672 959 737 -344 22 -271 -209 554 91 -371 809 -191 618 162 992 -116 8 -651 46 204 364 -169 -956 -372 -37 151 -523 117 -210 13 -495 -90 910 -5 -858 -521 -82 
592 -436 -195 -699 -459 440 -739 -16 699 499 641 -135 971 -246 727 -171 816 763 -466 581 953 777 -393 683 -432 -31 -857 -738 708 480 -149 633 -107 34 -942 475 592 654 -483 767 -10 340 457 -674 -956 288 -499 400 839 561 -204 -539 -36 -594 -965 -457 974 -555 581 795 -760 28 -358 -878 345 666 253 -896 -936 -248 -524 -815 127 625 -322 -151 -93 -124 -755 53 960 -1 -251 628 937 -426 606 993 -777 62 627 -248 -109 502 -804 -279 127 -523 680 532 
932 46 -787 143 874 669 89 673 764 552 143 231 689 245 -587 383 64 -474 -999 -529 -59 347 757 662 -784 -858 523 -431 -457 -996 -803 -729 -682 -109 629 625 7 52 165 418 -628 678 821 -346 -97 -658 -45 448 -893 157 -926 -379 -956 -550 666 581 -475 -319 280 244 776 -809 -901 -145 -444 -233 -519 473 554 -411 108 -804 -926 -905 -718 -272 498 465 858 859 -35 -9 386 238 353 90 -57 436 -462 -654 -242 -124 -156 828 -461 -296 334 -570 151 -530 
-443 -481 438 821 -756 -636 -734 367 -572 209 -597 636 -368 339 -703 -388 -406 270 362 -220 858 -476 -463 -905 -185 706 -480 -431 -649 99 -416 -388 195 -916 -823 861 11 887 -796 -871 -875 -727 -830 202 921 836 -424 885 289 -526 81 -237 -384 575 -163 -6 155 640 163 -188 -679 404 767 -784 -68 870 127 91 -873 71 309 -707 913 -608 348 -452 -784 -478 -332 -71 -532 455 615 582 432 -461 -579 -782 -207 -826 311 900 512 -767 -960 -330 986 -375 475 433 
145 -265 -584 960 -869 -528 -382 819 427 -469 -671 761 588 120 -924 808 -88 176 -85 -890 348 -922 -340 -120 185 -403 -733 -972 507 -31 74 75 463 27 -936 461 -127 -953 -441 942 -253 -812 -558 -887 697 -673 -994 260 742 111 843 399 -924 255 35 92 621 401 881 -26 91 -935 145 779 -995 -877 -4 144 -370 763 2 655 162 -997 81 -258 -415 -596 601 -368 -15 623 225 -183 -647 -205 -30 982 -432 -669 -559 -577 -848 -270 -431 776 561 -782 701 -781 
441 146 -827 811 750 688 -261 -554 995 635 -916 -254 360 193 8 862 167 -160 332 492 -506 -806 978 781 518 627 256 536 -42 -129 -910 -806 -615 -939 -866 461 510 552 336 -693 394 -974 -789 -491 -936 -542 -421 -210 -954 -246 677 67 505 38 -760 783 -452 -465 664 -81 861 -76 217 365 510 570 -877 -120 -91 -127 724 97 130 -957 -641 -487 -438 496 -927 -238 98 253 -64 -82 366 37 -409 -711 -412 -385 -952 -159 -688 -353 358 -738 -141 368 698 -500 
945 -269 -339 876 -250 272 971 -927 -371 -538 -537 845 102 -893 511 -760 -478 407 510 750 507 -555 -3 -724 271 291 275 848 20 -409 -335 -222 -653 -103 -678 462 592 223 56 -421 433 -37 -757 804 -703 -458 -995 -321 -41 -191 294 -425 -234 963 -771 -600 -621 -869 970 -765 570 -238 705 395 427 644 258 -156 -939 191 128 202 -354 110 -657 300 -857 751 -568 -413 770 768 673 -346 805 544 316 800 567 -151 -352 -212 521 579 494 -294 732 778 927 -344 
387 -827 266 -515 740 -572 496 259 497 133 -59 482 154 556 -283 707 925 959 -445 -170 450 790 423 517 767 -266 637 85 70 295 791 202 940 465 -170 162 554 845 807 237 420 323 -328 -594 -184 -699 653 421 -198 -658 752 278 994 -798 -511 -833 490 -681 -40 29 -17 52 -915 228 -545 -573 791 776 -990 665 805 24 313 536 371 -82 147 148 685 -519 515 625 594 616 659 -165 236 511 540 918 951 130 -69 671 -560 533 -616 183 214 -116 
729 87 -15 -164 -876 -276 -815 131 281 536 775 265 973 -626 501 98 -796 -951 -403 380 866 933 529 -414 244 -538 502 -669 513 738 39 -869 -102 676 -641 -923 466 126 -916 970 139 170 580 806 -879 -303 -600 -70 -817 -864 -398 809 952 528 -999 471 -956 -663 -979 -702 375 404 -258 463 695 -740 -826 -229 776 -583 -202 -105 480 235 636 836 -647 -512 844 -591 401 -673 -974 -283 837 -686 137 938 13 991 -453 -416 279 -323 -366 25 707 341 132 845 
458 453 476 158 11 349 -281 78 418 142 -848 -881 -386 -805 -483 -891 -997 -101 442 -843 -690 542 -111 -420 288 601 774 69 -925 386 337 736 -608 426 -458 374 -887 908 899 810 -912 -927 -69 -861 855 54 -547 585 591 745 -372 -735 594 135 811 -171 -883 -987 835 -368 -457 -49 848 -167 -424 -846 -416 617 -428 868 -923 527 -643 608 -577 -855 -780 -503 -177 -47 443 -756 6 627 355 -357 422 869 790 485 -468 -255 117 296 -238 -89 587 -793 946 409 
730 564 -136 885 -494 -908 -807 -599 78 -553 161 183 -232 952 -369 103 928 246 575 -163 498 -698 683 433 978 -400 -448 -211 81 -170 -793 -976 -99 802 -510 527 101 53 973 102 19 -633 545 455 -83 -402 -531 -957 -241 324 212 -937 -939 803 388 182 -752 -191 158 206 922 -589 326 -487 -165 944 -338 -276 -121 -919 -203 238 156 747 283 114 281 -905 993 -697 -163 -410 23 -823 -511 197 139 16 -974 459 -268 -388 -925 -726 -347 895 554 934 159 210 
646 -833 312 -549 -764 -303 -966 560 102 -913 714 -45 714 -625 -833 32 -91 -973 -922 -813 -919 -649 151 -47 960 -859 735 157 753 -889 -802 727 141 -766 -832 453 -660 610 -659 -327 281 -238 -292 -548 -306 -133 369 322 545 -567 458 591 124 -69 -684 -908 -72 309 -575 -200 -5 910 755 748 862 -907 -246 -38 280 -595 661 915 159 419 -884 782 -316 -287 -235 -630 987 451 -786 -41 -217 -870 -361 -272 612 -435 -539 -330 -98 -241 -980 -35 -656 134 -106 543 
140 99 374 7 468 364 -57 -696 60 343 40 334 -762 400 77 63 197 541 456 -479 -429 -488 543 -3 -8 -837 -958 -516 -888 -858 -403 -334 -213 410 -315 646 356 -10 -337 170 -807 -731 586 897 654 -670 -56 -273 138 537 487 -111 -958 363 -466 -816 -997 -753 -43 -447 456 -387 -387 216 872 -132 418 141 953 -644 478 -299 983 -295 -5 958 721 196 -946 -629 -887 585 -853 -56 -945 343 -910 129 -298 -671 -412 763 747 549 303 -539 615 356 -871 937 
-901 -519 195 702 -340 -661 369 371 262 972 -629 450 492 594 76 -153 93 141 412 173 -55 -736 -445 -861 924 494 -456 -30 -707 814 -195 616 4 -451 -262 291 -281 -722 877 416 630 -74 611 135 458 -609 362 662 -559 -985 -498 255 -379 673 706 -257 -269 -967 99 -692 -775 -894 -642 -688 -929 965 317 -226 -875 -906 610 -155 -784 -666 361 -146 -807 -216 -911 -458 6 -85 538 -680 20 -717 -622 -180 -709 125 -90 885 340 -794 214 -159 1 312 567 -414 
-801 781 457 -512 794 -164 525 -758 -406 -206 187 444 -674 479 628 734 -773 321 639 83 -46 -326 24 -425 -678 752 -980 623 892 -359 -3 822 -42 -596 -457 -518 -889 -126 810 52 91 -546 -908 -749 -570 747 733 977 46 -965 37 -113 985 -262 106 73 299 233 956 -208 -526 -633 913 171 62 -934 541 788 -838 289 -750 -811 -312 103 711 -742 -292 -763 -594 -469 -511 526 819 397 995 118 544 -490 799 36 -376 860 936 -630 -215 469 -864 745 605 339 
-429 -593 701 -742 136 30 895 -740 -967 652 -757 47 848 -417 -572 136 -241 -479 -930 169 913 -536 608 -562 526 37 -547 671 -276 290 785 -812 -437 -732 -951 -220 -586 -361 -948 783 -348 783 5 -941 -842 -579 -631 -223 527 -648 97 838 -418 -621 -836 468 -723 914 -558 -45 315 629 300 -144 42 627 677 524 191 920 -241 -327 -727 533 -471 844 430 622 -584 629 983 897 -849 -419 540 -120 -605 -788 614 755 -132 -313 822 811 -779 -593 -810 -301 -560 381 
-422 846 -450 376 705 -320 -416 -920 -580 -337 126 -48 191 461 412 788 -59 -988 -692 -847 -636 -437 805 71 641 72 388 -150 993 768 218 455 882 -728 -436 -530 -946 11 745 -275 439 618 -801 -161 906 883 -808 -635 -688 -34 -150 789 -31 -869 -760 -442 -135 -595 -302 970 -887 -63 733 777 128 708 -371 -792 -948 -300 831 -7 315 758 958 964 -529 -326 490 564 677 718 720 -438 782 -602 -174 293 822 128 112 -691 -508 485 859 -280 -86 209 -608 -988 
