-128 -949 864 896 -31 -340 398 -760 -30 266 637 366 -3 174 440 -483 92 -185 -646 940 -406 -424 -768 -637 -11 132 -557 535 155 -665 -265 -63 309 586 326 -226 226 588 -761 -703 705 19 -566 987 -370 -483 619 -293 -64 -452 597 88 -836 -267 702 -188 -946 -506 -866 988 942 601 204 530 -662 -414 48 -287 -909 866 423 35 769 107 147 -212 664 854 -989 -242 457 -974 -289 595 -461 165 -949 325 -225 -6 -170 -298 102 946 -775 -374 -917 477 916 315 
-571 -167 288 323 -659 764 556 -732 738 498 597 87 -559 837 184 -308 -473 828 -161 80 217 653 247 -647 183 -21 96 399 -509 -627 -779 -452 -980 259 -410 -626 -810 -433 -570 -429 -57 99 691 978 -903 -536 287 -677 741 673 441 -897 247 -428 626 92 409 -964 -968 871 -219 822 639 -869 -820 -284 -963 -100 -940 -460 -995 -133 174 984 -129 -275 747 -30 488 509 -353 -916 471 -629 -736 -981 -254 -979 697 -514 360 354 772 -693 894 -413 473 -49 -671 655 
79 -292 684 -937 -865 256 270 540 -117 717 -237 930 561 -991 -148 -164 127 754 355 685 853 883 632 -738 -307 -583 735 585 -302 138 611 667 -589 462 607 -914 -786 -130 -559 762 440 426 540 -339 -543 253 -171 874 285 -226 711 -239 -644 564 -56 -481 385 961 -508 581 525 -760 678 -77 -749 73 -407 -649 -842 -603 -141 284 436 704 -299 -274 -328 -188 -880 -743 306 37 -45 767 -825 118 -638 29 218 667 -269 178 -59 990 -268 942 65 -195 -918 -440 
333 -963 -853 -584 -955 -893 -136 -425 -527 454 -592 -21 -601 -479 382 -195 -501 -127 -970 786 -942 -254 359 -809 -606 885 -258 458 -748 -498 763 807 -425 935 -539 336 812 6 -375 -244 -65 920 904 387 68 -913 -505 887 114 -285 -982 -493 -492 -659 14 -310 -213 -595 -494 -875 -804 -7 -861 -648 208 -323 843 -315 298 -596 793 -440 630 657 305 549 444 713 954 -12 -363 303 -800 -997 -897 310 227 77 805 -428 263 -42 349 -39 -680 -938 890 550 869 -537 
-800 441 422 -512 283 -604 -596 815 160 -206 562 -837 -21 455 -81 724 -531 -401 -467 607 -399 194 146 -469 -503 -421 752 -963 -817 -318 -560 126 79 -9 -399 23 573 -586 -730 -390 -31 999 418 75 -639 -823 -455 -196 -866 248 -899 -392 -597 961 -451 -317 -945 281 478 335 630 -287 1000 -77 223 946 -591 -671 -673 973 731 233 873 -695 -245 46 -772 717 -641 -200 -291 -616 -756 759 620 -515 50 -877 604 -687 881 55 205 311 -85 381 -168 646 909 903 
-280 -690 -869 -366 171 -799 -389 -421 616 -513 -898 -243 859 -953 -975 -750 -414 434 -123 -733 -943 19 -499 660 -366 926 -950 -477 -101 393 -225 -898 8 610 -269 106 -467 -593 -408 684 848 958 -171 547 -664 489 -152 689 -138 -606 82 -221 90 430 437 920 900 -107 -256 -471 -442 -744 182 -684 153 -720 133 -519 -973 13 702 860 -73 -795 -51 -970 -419 -381 -514 908 -205 -993 -9 -581 546 102 79 -954 -726 -363 -332 -529 888 581 -144 115 -116 828 -440 -462 
-279 -430 461 -947 150 -683 729 599 -282 -637 -333 -21 250 744 -485 393 -176 -567 -103 98 -75 -723 -393 327 527 -128 -39 750 -580 218 342 -495 -185 22 182 -220 -793 423 934 873 332 35 168 849 -607 108 -372 -508 -595 931 155 -353 -370 -895 -44 455 -352 798 351 984 -74 -364 -781 -757 493 158 -567 95 60 716 -894 -774 8 2 978 -211 -694 -924 -113 564 -508 -781 -588 282 -33 -115 -410 808 -368 -529 866 598 -313 -100 -798 179 458 -544 -116 350 
-115 101 -611 590 -781 -59 -418 -790 711 -600 -61 290 226 943 465 356 -168 775 -226 670 813 980 573 -938 -219 3 798 -881 -32 306 675 -152 -188 977 -544 262 -75 717 437 495 2 -423 321 65 633 664 -428 -645 446 -166 -636 209 -775 -809 -976 -586 -42 -676 -863 -15 807 -977 -544 803 269 661 819 835 -706 -646 -804 877 -515 915 -959 -799 169 -602 239 -784 104 -899 -854 825 353 -646 852 385 -130 147 520 821 731 378 -574 -569 -348 -172 -563 987 
840 259 -119 442 -608 493 -422 582 406 -574 -609 -351 438 228 49 -779 -511 355 -295 -598 -228 -689 -680 -574 287 -110 -866 -960 102 -350 -420 -77 -83 919 63 500 -544 739 686 320 -526 -242 412 983 109 -239 569 201 206 -514 -761 -483 -108 -311 -125 535 -619 179 681 -542 -443 -34 -650 -52 -521 -72 -120 62 377 -173 676 422 -770 -547 443 -790 -471 -421 -199 -539 990 162 85 -177 -760 -717 720 -212 -409 433 438 315 173 846 614 736 978 375 -376 245 
-362 481 140 -192 478 574 -90 957 645 793 -714 580 -901 790 -152 172 -334 -212 87 -782 546 -765 301 -355 289 -263 -57 -969 -708 -607 4 -404 -484 666 -802 672 -501 -627 -37 -871 450 516 -379 411 110 -267 -347 796 504 660 974 -28 -399 463 -473 -749 968 -255 64 -490 551 -953 -914 -553 -540 683 -27 424 806 853 -261 -568 -66 -172 972 316 463 315 292 -555 -666 506 -946 -361 327 -335 -394 -573 -851 703 -657 788 416 -792 945 20 -657 -41 -202 -573 
266 52 -452 606 78 -321 -685 -1 -692 -92 832 705 -10 -67 826 832 -10 826 -360 -80 43 797 -746 -203 -832 829 633 -199 338 86 -972 224 705 973 -839 136 807 -207 -491 384 -738 251 -578 -243 -198 249 911 595 978 -274 -402 -1000 -332 201 -689 227 -841 -605 -857 -258 -97 50 -930 139 -599 -317 32 -327 95 -333 543 -612 -142 594 72 527 -265 291 865 -534 981 -333 197 -282 361 707 586 244 131 -695 627 967 267 -599 -744 -180 -319 391 667 -871 
-91 315 864 -435 957 385 813 615 -135 133 -562 363 394 -334 905 -315 143 -307 930 -97 -530 -847 -411 386 866 689 -347 665 -892 -815 -628 576 449 -738 416 524 -619 342 -189 -854 35 -15 764 120 681 -94 431 940 -958 -97 -602 -380 875 -616 -948 -430 -1 -614 260 -508 -589 702 15 960 327 -549 -662 -352 528 -80 136 191 -651 -314 -877 -411 -646 747 815 449 -940 -907 -202 -296 204 716 -14 -81 461 175 482 -262 616 -276 -144 -372 -864 -950 233 -562 
-93 -20 972 998 -754 -448 -835 -317 898 140 -921 41 867 946 824 519 -497 802 -406 756 -918 -888 607 -787 -122 -314 -444 -276 -29 673 234 815 674 -708 -155 66 -489 133 949 -550 -628 453 968 608 484 166 -434 -85 812 -247 826 292 351 -790 -767 -693 -779 47 -898 646 842 594 -63 231 -599 392 -953 -843 826 -570 -19 46 -630 179 -478 823 736 791 538 -927 690 -566 -732 -862 75 427 954 804 374 311 793 580 -464 -321 643 156 570 -857 -48 698 
-578 585 -871 -371 -659 410 949 214 -442 845 108 -288 418 350 925 -878 755 304 -693 -185 -887 741 -800 -562 418 522 -566 -690 -950 -841 765 -642 -193 540 967 745 846 664 532 -302 274 415 -174 875 -280 670 758 -36 865 599 831 501 488 176 438 -774 493 -642 514 -881 752 -627 717 791 -796 779 -769 951 969 -772 -461 93 -487 -216 -653 165 787 714 -938 -435 117 -531 592 284 -412 -740 219 -505 -141 -954 -167 213 -867 854 -498 -737 -710 182 -219 416 
-834 -968 921 -819 -309 -963 767 694 177 -683 603 752 900 -470 693 142 956 603 173 -98 5 103 118 -505 -478 -197 -970 -461 -882 -851 289 205 176 -832 0 -437 816 222 238 21 405 -966 -995 855 -792 -295 468 704 689 -273 608 863 234 373 768 -486 163 133 846 -353 -724 -793 -434 -870 -388 157 -108 291 48 514 -95 548 -52 453 550 709 -678 447 204 493 -947 282 -941 24 341 629 -176 401 -619 -208 811 -355 532 171 -894 946 -780 -317 904 -514 
899 321 -616 -718 965 -103 461 -735 14 -811 -8 -981 -917 829 46 780 545 59 -668 477 -572 -884 -369 171 164 663 -216 -701 -873 -869 -8 -308 842 -812 646 449 -845 -931 852 663 548 513 139 433 157 796 401 941 -452 970 690 -611 -615 -621 -764 251 -991 615 198 -394 782 686 264 -849 930 237 788 -674 -946 -402 568 647 779 -295 -599 686 163 99 41 757 -545 182 -889 314 619 -456 -270 -787 -149 -827 -685 -767 355 356 500 450 715 -968 303 -132 
-270 935 -380 781 -278 -366 142 673 -661 -196 14 972 159 -204 105 518 51 15 254 -867 -709 920 793 -809 266 443 300 125 -15 -147 787 -455 126 -110 -162 -809 -604 19 -446 -267 795 -907 -582 497 -579 -962 573 321 -978 278 -34 669 624 -479 -748 815 100 667 -662 -252 -655 451 -538 -224 551 -618 983 44 -912 -554 131 -319 421 -585 -726 605 -488 339 -935 -12 -553 -489 282 -280 370 45 310 179 -144 -719 -177 -548 625 580 -569 166 320 -144 -829 452 
-830 363 -873 -840 13 -648 -350 901 680 -268 -71 517 -91 -991 -680 -140 -557 191 116 -22 226 71 -429 -886 484 -131 949 -471 -863 -505 -192 -926 -224 -514 981 -657 689 -664 159 318 70 893 -136 302 740 -532 84 969 523 413 -217 703 681 -124 141 359 578 -109 -337 -721 444 495 -615 715 -674 654 -742 284 39 -733 431 535 782 -15 36 309 814 -237 358 186 -639 372 706 -58 902 101 -125 864 140 -178 -677 -208 -311 -907 -957 -199 -624 700 928 -426 
432 -267 727 -114 880 318 -787 -746 -180 150 43 726 -990 -760 -358 700 -993 67 -999 81 -41 -738 169 240 -95 596 -880 -347 -40 -341 -758 -771 548 -466 327 694 -417 -627 147 602 -296 676 961 308 788 -816 -817 -242 732 460 -805 -536 -337 253 495 -35 -946 745 863 -278 620 44 -47 869 397 -984 274 -535 137 -471 -412 -99 -623 853 -626 -393 -36 578 -695 327 270 -407 11 33 -361 -584 -254 -106 0 201 -300 197 -124 901 385 42 126 -783 -449 412 
970 -394 982 -296 547 -92 949 653 55 966 974 -687 574 -458 -393 -136 -46 -730 -599 845 -424 -372 -246 413 -626 -827 603 526 697 -250 -832 -398 -446 -409 -873 971 208 342 75 465 85 -496 949 -184 -215 479 951 447 -238 183 -514 -105 661 -313 742 539 -126 918 -984 -370 517 -688 134 -230 962 908 350 -779 -932 844 -661 -294 733 333 497 -717 -261 -728 -609 39 -953 -477 745 796 -624 -351 522 -197 -920 -54 -671 318 744 -847 -380 544 -923 160 -469 -557 
72 855 602 -670 -438 221 797 -674 -455 136 350 -827 -246 371 -595 -437 -775 479 -447 -479 -985 -714 154 223 -724 932 -335 102 -600 -777 730 -83 -992 -504 103 -138 -569 -295 599 -685 704 -273 48 101 -939 580 -811 -342 438 -616 -354 -335 -352 -983 -804 -41 196 72 -877 -110 -455 912 756 438 804 100 396 324 58 237 592 -729 -609 -75 -267 -64 922 -313 -741 -980 609 986 -695 -103 -692 -647 762 316 582 793 -297 -957 -746 -208 194 -523 657 -584 189 -301 
196 -467 41 -115 -958 121 -549 385 -761 -937 -420 -397 713 -838 421 -844 174 494 48 270 725 749 466 791 -40 829 779 218 607 -431 45 590 504 -242 -191 473 -525 628 -565 -769 -702 -670 943 648 459 117 766 -73 -326 -380 702 -459 -467 -514 -893 -974 575 -520 299 56 136 587 284 53 -425 -787 -834 -247 -335 -401 497 195 887 -733 -716 -361 787 569 -81 934 -668 387 791 -174 -556 -987 -549 831 871 -713 -825 313 519 -219 -52 561 698 -339 628 -855 
-390 -231 -729 451 -880 -300 135 -93 -713 -775 834 -759 440 -900 82 -85 135 -710 -137 -701 -672 -709 876 453 558 -365 891 -13 805 903 -994 243 844 401 579 -727 302 -668 379 -594 -689 711 -90 84 535 -559 -898 -122 144 164 -888 553 443 487 900 -132 482 -106 16 269 359 532 633 313 -858 -868 388 -216 923 -155 802 44 148 533 581 -322 -154 46 511 -926 466 -922 723 -309 -245 994 -24 -545 -831 964 264 999 609 868 395 483 -907 -441 169 -285 
68 843 -356 -848 -944 235 -190 847 -61 -750 -222 814 -984 8 654 -576 902 -894 758 897 -489 414 255 866 430 508 806 -282 -50 312 805 -591 476 -822 -692 -379 529 -900 -681 449 -236 -238 435 -166 825 873 568 -239 -975 -932 -663 -187 -990 -413 -652 61 -942 -692 277 546 -622 169 503 692 -295 -102 158 -699 473 -591 636 -210 875 907 776 751 719 708 948 -476 657 -311 -348 985 -805 -971 -937 -836 638 -536 -346 -540 226 -276 190 882 -825 328 283 -579 
932 720 -216 -418 -963 384 -815 -937 -109 468 -918 868 563 -416 627 380 -130 210 357 -887 876 651 -864 129 283 -522 970 -696 741 -871 68 -753 -401 -108 -207 778 -363 -545 -90 24 442 527 317 406 -975 -617 120 -98 -736 654 -423 351 402 -97 -338 -516 -223 -548 -506 376 331 897 515 -756 -51 -908 -679 -826 -193 -837 88 -939 -21 314 -640 768 -459 383 -229 -206 273 -395 180 -752 314 -233 -963 -874 -573 -43 135 -635 726 549 52 -578 -859 669 -838 -339 
304 14 -995 -723 -177 909 433 815 -720 329 345 319 -767 -79 902 -824 -256 798 407 -167 -493 471 -736 524 -503 -316 -735 411 -128 -346 915 896 329 -695 156 -82 228 -700 364 -111 440 -34 962 252 660 480 -180 772 858 536 -844 482 295 -668 295 230 950 228 792 881 -853 764 -873 688 -640 -347 -734 535 340 -808 -121 -315 -500 -158 -571 -242 -343 -772 -49 -553 821 498 -108 480 653 -664 -129 905 568 -891 310 886 -233 546 -37 -215 989 -500 572 907 
-31 90 903 298 -586 -642 172 680 999 310 475 581 385 -790 642 -308 498 917 37 -217 528 373 114 -707 137 905 -106 -259 -788 -32 646 -994 -598 714 -339 272 219 -756 -152 68 -956 68 -454 154 -255 -828 765 -291 727 -38 -348 -565 936 420 -942 681 469 344 -838 102 673 828 -708 -583 199 844 588 137 -346 243 -522 -85 704 -370 -285 588 719 331 -245 379 984 171 638 -711 -972 -903 346 424 -283 -526 452 738 396 -137 361 254 806 533 -384 937 
-550 -738 289 855 -903 135 30 712 838 292 -401 879 509 109 -918 166 -90 -19 434 -21 -698 127 347 391 615 -706 168 226 604 -377 874 110 700 894 -347 -535 -454 811 -396 -478 387 -992 -381 -706 503 -77 755 -936 142 -960 -219 636 418 -219 39 -93 770 100 -524 -751 -383 -340 -563 -233 194 -908 31 366 977 -574 276 -97 401 -255 334 424 147 -297 390 -712 -504 -262 -243 -363 -725 -362 -534 819 -751 -302 -303 -816 -987 -960 911 -947 -467 -608 -408 -127 
-466 494 493 -635 805 -768 252 122 -126 -509 759 -226 -66 -971 -454 754 491 -284 -945 -194 597 971 476 608 285 -347 985 39 -549 340 758 826 -562 -978 42 901 302 -784 -7 43 -104 956 -647 -476 760 -629 -722 936 -221 -110 294 -103 -934 -94 -934 -720 628 -182 -719 103 108 660 -867 893 -768 -240 -426 278 113 -220 63 -310 209 -31 -816 -923 788 197 235 -27 107 -563 -881 -998 370 -426 -241 -289 822 270 303 823 -181 -286 750 -211 521 529 -744 331 
-329 -658 -127 850 -118 807 299 201 -988 -150 -144 -438 162 390 -207 -330 -614 -975 44 -260 -346 -577 755 -84 -216 962 -698 315 -886 835 9 -481 417 293 68 520 -553 560 113 -432 -792 355 -18 59 -46 -244 261 552 -554 -411 -931 -358 129 -647 797 553 565 -266 303 563 -290 -715 -969 -170 380 -807 499 -287 -220 -542 484 -334 -438 19 -194 205 802 176 -913 -605 -627 -487 958 710 -242 -198 59 146 -254 173 -499 -209 371 150 870 -614 -570 -495 -294 330 
-574 615 -487 655 50 -513 -964 -607 445 859 688 -885 747 -439 118 166 662 -123 -230 -352 -781 783 68 369 -869 120 912 209 813 129 -416 575 372 -307 140 -561 485 -497 83 -452 -226 -630 986 722 897 -231 398 -78 -138 -914 -417 757 -950 683 -28 -194 917 49 -843 -599 482 459 60 -815 -533 634 -740 948 106 -215 997 598 -435 709 441 723 -340 -62 495 -181 -516 -961 940 -348 -985 387 469 627 -983 -779 -700 -605 847 792 732 999 364 251 413 -758 
926 525 -385 -957 -991 925 -906 863 201 553 -242 -95 -156 814 288 -833 -502 -400 949 951 -433 960 -207 -283 26 387 955 -911 -852 857 641 -487 382 866 375 749 -271 706 -210 872 231 -324 110 -37 27 112 -593 345 568 -485 376 593 164 -210 -299 720 -926 601 87 -546 973 631 -705 538 -293 171 958 -611 -705 -567 262 -881 -118 -952 714 50 -397 -742 -987 -459 -494 624 -646 283 485 567 -557 -257 135 964 289 -388 -363 189 -612 -667 -920 -500 78 176 
290 305 330 29 -298 -258 125 495 270 383 -37 -93 341 -934 -541 946 -672 510 931 -884 -999 296 504 -539 -877 559 882 -140 103 -267 -399 397 -440 432 653 421 235 -863 -709 -737 -407 884 497 -429 89 731 -609 585 -517 924 958 566 467 -909 167 -141 -878 -827 567 -409 -843 -256 374 -209 -108 112 -809 572 849 107 927 96 -72 -504 852 -596 -598 996 -762 -828 -999 420 321 -737 -147 -780 98 -590 -464 625 830 491 950 266 -949 -592 -53 -378 449 356 
-285 514 -529 51 906 -632 913 979 -142 -762 879 545 -443 191 -820 -999 80 301 325 -942 -400 291 -440 -28 990 11 -535 505 751 -938 640 -674 -755 -492 -282 -654 925 -299 591 629 621 949 371 -539 474 -478 -713 -256 335 -932 886 -522 755 61 -77 868 -429 -782 514 541 319 177 150 -376 201 957 -361 -448 -908 -301 340 -529 937 194 -289 214 846 958 29 -863 455 -780 -780 -397 -355 771 305 409 -604 -640 825 471 381 856 280 -18 -228 97 821 -816 
-336 290 -633 -253 -979 358 -832 -793 832 854 -563 -570 -126 -496 -623 -404 -772 -729 315 -628 390 -667 113 -820 -223 -171 -185 942 68 247 -381 -336 -837 9 607 380 770 718 -473 759 -467 570 -245 -935 -762 -778 611 -576 -629 -42 -465 -850 815 96 837 818 602 -815 -714 382 -13 902 -925 -9 351 -211 451 372 961 963 258 -789 581 -858 146 -996 158 -344 -224 -808 603 687 753 -204 -95 -658 535 -339 840 -810 753 624 365 -555 -346 351 -243 -570 706 61 
425 -998 -938 -626 100 -714 -852 942 -92 -651 701 672 311 191 912 371 -582 -894 239 119 486 777 216 -342 -475 928 193 700 844 -247 663 974 -748 387 155 -576 -525 -373 989 386 -753 -544 798 577 -258 -203 -981 958 -20 -17 -658 760 -395 -769 -790 586 -640 -3 228 798 858 -845 596 20 -666 -831 -315 304 -912 596 813 -856 344 300 302 782 775 -80 380 -330 -652 831 -556 -13 -416 492 125 -197 -897 -979 677 86 -707 823 -65 -71 724 -166 -871 -802 
-186 791 -194 -229 84 53 873 -199 106 -892 -223 -710 -169 -677 -273 84 958 -351 538 221 824 -114 276 -464 542 -301 -520 -123 -783 212 -504 -534 -532 599 -369 944 -327 274 -825 221 940 -775 69 -180 405 380 -623 -866 457 914 830 -598 767 -983 727 -444 -33 744 483 272 -751 -606 -115 618 -357 669 747 997 -903 -443 -58 -814 161 273 -139 555 -230 -701 -382 -875 -451 960 -40 54 204 983 -666 602 -84 574 -206 250 -847 625 -624 942 177 472 -10 -250 
-284 -909 890 250 850 230 -520 -886 -150 -73 -472 -655 -561 933 -380 784 -622 -454 545 -361 15 -772 548 -988 0 -778 -547 352 339 763 -539 -876 -742 -515 -467 639 -279 -34 -106 716 573 981 -532 787 515 -562 -339 889 750 -379 989 8 -808 640 7 648 58 -848 675 225 -747 502 -948 -474 -298 914 -594 162 -781 946 -334 -204 112 328 -157 -956 175 -849 921 -715 -808 -839 -913 -381 -776 -400 53 663 784 -133 -180 418 237 -253 400 649 495 838 -367 47 
308 499 376 383 -915 -393 364 -837 -876 478 938 -850 998 249 879 -754 -737 -79 -378 -5 131 39 -914 -444 -243 978 -597 -397 122 -855 668 512 977 -268 -185 -59 -56 -805 696 -824 151 -988 -583 -156 -864 -280 -525 -233 -72 -160 64 -378 660 997 870 678 39 -253 -273 153 253 992 416 -907 261 518 -946 663 34 -746 -9 4 -525 -505 625 -195 512 477 -154 611 -649 367 703 573 582 -710 -797 482 445 425 867 183 -928 -940 -943 114 880 -544 737 626 
980 -653 427 124 -441 -623 -951 965 970 68 585 872 -502 -430 115 880 329 -144 -243 -377 230 -925 -975 804 474 340 -103 -212 4 344 506 -360 508 -210 -953 748 -868 599 -777 -876 856 -951 987 -515 141 -992 290 -237 463 -51 39 -124 -267 -542 199 -227 -164 891 -973 866 -288 740 696 720 -190 390 552 780 -875 170 620 -427 229 -442 705 887 -615 398 786 71 -289 -378 -532 -430 460 -355 -755 472 693 154 -787 684 -513 -396 613 399 890 405 597 -693 
727 260 501 -731 152 -752 756 -535 598 -972 770 194 -185 290 524 910 163 -926 268 -281 586 135 -821 -505 -891 331 -634 -265 -276 860 -850 537 -106 790 217 343 -521 142 270 -163 571 -44 808 -130 110 760 -972 553 525 -545 169 707 -970 -4 -239 -88 -286 876 -171 509 -46 -203 115 873 315 825 -234 178 -842 -854 617 986 -553 -653 -662 808 235 636 116 37 535 -656 -544 -277 -535 273 795 -115 -861 534 -908 602 -798 804 249 764 -630 400 -993 -885 
913 -15 -863 278 -298 -967 -880 648 -863 636 -449 -954 515 682 64 732 721 94 444 -934 -208 -494 921 158 -656 444 -98 -568 -671 -549 -534 918 -803 658 978 728 609 -53 -511 -442 -435 -852 437 897 423 -572 -849 514 475 -345 -23 276 599 -216 472 741 452 -993 -825 195 -109 -484 302 -685 -989 514 -637 500 41 242 571 -627 50 553 -708 -416 -414 956 -547 200 -158 81 -574 723 -927 -94 537 -898 598 -898 542 -564 295 132 -237 982 -119 -834 949 -240 
661 936 -936 553 -206 -128 -469 418 11 -501 544 -217 316 -869 764 682 559 -396 771 77 -707 -918 -435 -575 -800 -939 -970 356 -9 393 -541 -302 -724 -460 -665 7 203 -935 8 705 532 -722 101 -507 -254 -91 403 551 -65 887 -804 -542 -62 131 -742 534 762 115 594 826 174 365 -3 -199 -735 385 -290 -131 -571 735 -960 -908 809 306 482 -183 295 -487 -36 -858 -808 511 -850 443 17 163 -75 -240 430 241 -228 201 -475 911 -584 -160 879 -70 -138 857 
-526 68 116 -8 911 703 -520 459 -834 -892 -533 -589 -309 894 -820 390 726 965 -120 -290 251 166 -473 259 -741 651 862 491 -990 999 -22 -588 544 -807 -189 -193 -876 -781 -824 -894 -364 507 -198 441 -400 -906 -615 924 794 850 -524 -285 269 657 -433 -271 403 283 -738 -642 -815 599 -983 -978 763 -406 -358 -533 231 628 185 -876 -197 -756 -991 -61 392 -282 891 -446 -363 -646 605 466 885 -18 -359 92 -827 -721 913 557 917 -285 763 0 -408 -391 -469 153 
-108 -506 -141 567 -378 -113 -919 -476 694 212 631 -790 593 -755 -40 540 691 284 457 -101 57 -224 356 134 -152 -870 -970 -672 -659 -690 643 134 250 2 725 -977 -209 -223 -885 -981 -262 -661 -534 505 -722 362 4 -133 -242 -870 846 444 -634 -466 -774 721 -975 -272 -564 -599 -707 628 -309 -88 174 -403 93 -898 -370 162 791 941 -254 -25 -584 940 526 -446 654 -785 893 -263 13 220 919 -27 -189 307 956 -32 -247 240 657 70 975 -910 579 990 356 -73 
106 776 -649 -507 305 134 -938 897 236 -848 -252 423 -859 918 732 330 -869 -376 -468 396 -350 -907 -316 -132 -736 182 724 -482 -804 469 486 836 -368 -61 901 733 179 402 -793 -600 -893 -365 781 -153 -369 939 834 -57 11 -171 -347 -656 602 -485 -727 521 998 -242 -219 610 180 29 964 -380 785 -12 893 766 546 -978 -261 -253 265 -917 -930 885 -585 906 -934 17 -512 -947 -167 -119 -264 -901 -479 369 83 -379 -29 -94 695 116 -375 -382 -778 168 -687 770 
53 574 101 783 -946 -671 464 987 835 627 -604 739 -728 -574 466 -668 -253 426 564 356 173 672 326 -420 -439 -102 -577 565 -407 782 -592 998 587 414 -709 973 -464 919 -248 -373 -764 -359 -349 -742 831 -564 -878 183 385 184 -150 -576 -936 -412 680 27 -230 926 -60 -91 -640 646 -258 45 832 49 262 -608 -465 739 706 941 -230 -15 -8 497 -273 -102 198 -343 -711 117 476 645 859 -811 -708 -219 -821 433 -506 -409 -577 -751 -692 568 -698 314 983 369 
482 532 403 -601 308 686 -962 207 -325 -141 106 -514 -62 -648 117 441 157 -891 -759 932 79 114 -636 -614 -335 -620 723 489 -203 251 -394 529 -641 245 203 -670 -523 -621 -60 -448 419 724 -148 54 -73 834 -834 510 -496 329 -445 -321 -783 132 -973 906 -322 453 604 266 -587 -157 257 -418 36 -309 -764 254 -892 -374 -826 -81 923 -633 -44 29 641 -822 -827 -169 -570 -627 137 78 552 -982 708 -531 -899 978 405 723 769 941 514 483 684 959 -716 -417 
51 -486 -968 690 697 425 -922 -202 -722 668 -801 307 322 -350 -851 -590 -217 851 459 -916 -41 -240 -75 610 -371 -564 430 290 344 -289 387 972 -546 52 267 966 -296 486 -333 -438 -161 625 -792 740 425 -431 623 -800 -386 -502 283 -656 19 -151 734 -755 654 -975 774 856 -829 -347 -254 -489 520 -792 -355 -944 978 290 -997 -818 867 -593 457 116 404 -629 -488 -687 -275 -899 5 -808 -716 336 -613 21 -597 394 -548 -101 -120 169 -872 -95 -78 -928 -557 -91 
747 -386 260 932 -470 -982 -685 604 540 -125 114 -373 570 -368 187 536 -288 489 -344 886 -252 -831 145 278 979 -909 391 531 480 374 145 913 -711 -376 -672 799 -496 -705 822 975 -364 687 -667 747 625 -226 507 642 -616 -198 197 490 -766 972 -761 -108 573 134 685 -482 467 636 990 269 -304 -499 -871 -122 848 792 -744 -131 399 -662 -401 -976 -583 282 585 -696 -520 -376 -31 10 398 -839 -110 -449 682 447 248 350 -629 -408 293 -830 154 161 642 344 
-630 864 99 896 -129 -159 -359 -691 -591 239 -760 -401 -467 242 58 -731 27 -631 571 708 -12 693 -841 10 -870 -144 -807 -746 194 -548 -787 -560 -300 -64 -597 281 -34 10 326 226 160 -676 402 930 0 779 -317 134 -145 -127 553 71 908 88 629 897 646 30 -558 494 -137 777 883 6 404 413 -38 921 -148 -354 524 -909 967 -117 8 -353 -481 -226 664 474 -242 457 -974 -289 -574 -276 757 -273 6 535 829 653 -177 262 -316 -237 925 294 916 607 
-541 759 185 573 64 937 150 -46 -158 198 -787 -263 -569 615 597 109 791 859 956 836 -920 466 793 676 73 -358 -206 -445 873 -73 705 -575 -1000 -815 -650 30 760 570 60 -453 -948 740 -449 -710 11 -330 -677 -562 741 -565 484 306 598 -938 -541 409 -825 -939 -286 180 -896 -869 -913 -210 337 -604 753 -135 239 -419 231 908 -104 -586 -149 -111 15 51 -916 -671 -100 416 555 554 6 914 -336 -37 497 716 -171 698 -111 432 -984 -950 881 -796 324 -434 
-599 -223 852 141 834 405 2 12 -563 -991 -148 -164 -308 78 -138 566 335 385 -312 152 -162 -863 -805 -548 722 -438 -750 -852 -348 514 -182 513 -460 733 948 512 895 -634 975 -920 -210 197 -699 -651 -703 -974 -997 -918 -149 929 -635 490 -321 302 282 -554 501 -92 -649 -490 451 -218 -227 470 948 -516 -587 -151 284 -826 432 -797 -649 427 771 967 -743 37 767 -674 456 -564 670 -799 667 -353 978 990 653 388 468 751 903 705 282 -853 247 -294 -671 787 
650 53 -73 -21 -601 -479 382 -195 -501 -714 -738 890 -572 359 -52 149 -167 -734 -339 -712 674 -174 -941 701 935 -325 920 736 -563 410 -103 -819 25 -346 731 491 -270 498 -659 -310 -213 -595 -494 622 540 592 -861 871 -588 -72 -171 -418 -353 -577 -440 -766 379 289 -377 761 -227 222 46 -350 860 697 683 909 -996 -16 876 -732 -510 10 357 -335 -387 552 -935 572 -143 258 411 -803 808 645 -249 -611 -875 -383 427 627 -347 -560 -345 929 -808 -676 389 -721 
-401 70 572 279 536 669 336 -739 -572 -230 682 -929 -23 250 -459 -84 108 490 807 573 625 66 613 -932 -692 497 -230 -364 144 -255 819 -226 673 204 824 -32 917 153 -945 281 478 723 -803 927 127 482 -552 883 287 87 923 114 63 -911 93 489 -263 359 128 -584 94 -48 -325 325 -878 -255 -132 948 397 252 -688 -130 -258 881 -94 711 307 759 -994 850 909 -280 -926 292 -251 171 48 -130 826 140 869 152 -630 965 998 -107 525 273 -630 158 
309 188 83 184 418 542 -822 827 -477 262 -118 -74 -898 327 610 -722 -335 415 -318 847 847 328 572 -209 338 -943 524 -465 -138 -606 638 -856 693 -153 -719 -388 419 -917 -107 -534 -523 387 296 -873 625 153 133 -354 654 577 -448 -859 -428 -381 -970 -558 -914 -859 816 -42 -759 401 631 507 405 -604 -300 -81 -726 -145 -797 -826 673 -662 -54 250 878 -388 -638 751 -393 -445 -700 -111 -537 599 -637 -333 -21 250 -109 356 -398 -355 997 -524 526 399 296 -757 
-989 491 -834 -515 979 933 843 167 -88 -75 -321 935 632 984 -398 160 364 -233 168 849 -607 108 -372 -730 286 -332 -150 -239 -895 -44 -55 699 -397 618 659 245 -364 759 490 -751 959 -837 -283 776 248 845 653 -115 -722 978 -604 239 -113 -191 -508 -895 -351 -67 -60 -773 -608 434 68 654 -656 -451 808 906 291 -397 384 420 410 -480 619 -967 -542 -950 517 507 -546 17 244 -905 -981 -996 -761 937 -165 -61 226 -461 -41 61 -110 -274 -488 813 19 403 
68 -428 3 -43 647 752 882 -568 -310 -762 -188 -544 262 410 -139 -513 -226 2 321 -702 70 387 -855 0 -922 -574 -262 696 752 -1000 -180 779 170 494 176 -145 66 914 757 322 7 -808 819 -563 479 -478 -804 -515 915 -680 625 -906 199 -36 199 520 740 6 -853 828 -879 589 -758 806 269 -380 731 378 -640 -574 -971 -141 -308 -563 840 259 -119 904 -494 -63 604 979 -101 -60 882 -136 -119 907 -6 -748 883 3 -279 802 -966 896 -825 -849 885 -44 
-641 965 -330 883 -81 -264 147 821 961 392 -264 728 849 86 423 743 369 301 -239 569 201 206 387 -851 -291 31 -125 404 -235 10 -418 -822 434 -552 -69 188 345 -171 -442 786 289 -504 536 74 -161 -806 -556 443 -471 395 496 -129 -892 -660 890 784 -204 -760 -113 -133 -961 433 -504 -722 173 614 642 -572 -860 -263 763 551 -490 467 133 -447 442 -433 -317 -595 116 -103 265 -979 -189 -925 -390 -828 91 841 709 -17 -312 -996 -355 -263 -218 244 -631 122 
-101 -247 676 462 -684 824 -997 -514 -726 -317 -704 -438 -199 -53 -461 -864 81 267 312 -943 -789 337 -795 -867 -97 -271 347 -920 -550 -430 -350 -985 102 -974 -399 820 -684 277 -87 850 -119 -595 992 448 -741 56 -388 764 -678 288 916 818 801 -361 -335 -394 -573 -851 703 518 -247 183 -446 841 -166 -817 315 -470 -555 233 130 -56 252 -384 -252 570 739 -692 -92 705 -67 261 275 209 -402 812 -237 695 72 202 706 694 354 -972 224 -88 211 -594 249 998 
-840 -131 384 -447 -515 -629 -642 157 875 595 978 -274 -402 -471 441 379 -458 892 603 -603 -7 -816 -97 -930 139 -638 -851 -640 -24 -889 -652 543 901 -142 72 527 -22 -225 967 -589 967 640 -512 745 -787 -390 568 -658 200 330 502 44 267 163 -703 -447 -279 -617 981 847 -256 -710 -209 -672 76 -644 -902 229 -238 367 45 255 -363 165 -11 189 -985 930 -97 -266 960 153 977 -102 -188 -870 -195 279 865 -774 -794 -64 715 -623 389 -458 726 190 45 426 
151 374 -24 500 -767 -937 -149 -940 -97 -140 560 -963 160 -443 -47 435 -614 -97 319 -307 388 -541 -90 -752 247 -766 -501 752 425 183 924 -863 -411 873 -985 913 -718 88 -475 -391 526 382 531 -622 -595 516 -758 815 848 10 407 -331 274 -950 233 967 -229 -154 890 426 -764 757 -778 -753 866 -989 676 26 700 991 855 -911 156 120 570 742 -586 931 -139 179 -50 -94 -108 752 -835 -962 236 -716 977 589 676 -103 -848 482 930 -628 569 990 -492 712 
-653 844 -392 -444 810 -418 -556 -382 347 -957 -767 857 471 -294 -898 842 594 448 648 -296 -774 850 748 -136 527 -292 686 139 400 -478 312 -486 -135 2 -962 -783 -824 -99 -862 427 954 -310 -643 935 71 926 -297 -851 -92 958 -857 992 -168 723 -45 -617 -275 177 410 661 -365 338 -221 -308 -669 -231 422 795 -750 507 946 355 646 394 -931 209 -431 619 531 -533 529 -324 954 714 157 325 794 790 918 653 532 -853 850 494 875 207 942 -347 841 975 
174 -255 -918 -655 -703 -842 -881 -733 680 178 -451 -796 779 823 784 -772 -808 272 -262 -882 704 327 -879 -93 -186 970 990 -547 526 326 -131 152 -180 -922 510 592 871 42 213 -171 120 854 573 887 830 -513 -861 992 475 -201 645 370 -480 584 -659 941 -360 603 -865 -86 -369 995 142 603 173 -733 -648 217 118 -636 -598 412 693 919 522 110 -829 -829 -695 413 -444 -154 -696 -527 -258 227 956 -746 -414 994 767 911 58 -529 -597 608 -206 854 -229 801 
-270 -964 -756 -818 -446 -262 252 -593 -320 -546 -568 342 760 -894 30 -218 51 -747 -326 12 -228 31 -207 447 -979 -200 131 -941 -924 -522 -290 -176 -396 341 -229 -601 640 212 -628 -912 485 516 -702 -372 -413 560 297 768 125 -902 136 832 379 -417 -420 698 -431 -613 829 990 805 -746 544 332 -138 -12 177 -622 862 348 513 -701 -921 -604 869 -926 277 -127 -626 348 190 -867 328 -848 -553 513 -994 128 -780 -279 -10 -121 17 690 -611 634 -385 35 -51 -954 
393 -881 408 -643 714 783 811 903 -377 -827 943 -777 -610 -957 -424 -905 -21 -295 637 -690 99 -899 440 -276 -785 330 -148 -362 -270 530 -184 762 -695 -226 739 194 450 715 681 50 -754 -354 -470 -690 211 -573 724 -90 605 693 321 638 579 159 -204 -176 -393 -32 -195 -335 -777 -173 -721 -272 -785 -234 75 -851 -487 -147 -455 -323 126 623 565 -583 -603 116 -267 -907 -537 929 941 -287 -917 600 -439 -897 -511 -696 820 -610 499 -717 -848 -257 220 63 683 -127 
223 -881 491 391 624 -792 -76 309 -984 703 642 26 -308 458 780 -11 771 -705 -339 436 -280 45 -956 -944 -233 -385 817 850 -429 -466 283 231 569 907 211 277 780 -122 -873 -840 182 -446 -192 972 901 155 378 610 438 -740 -85 667 496 -525 726 -22 71 246 301 -841 668 215 673 398 287 594 311 55 93 691 -343 -815 458 -893 -961 379 860 316 -632 -796 543 -963 -613 798 945 752 414 418 827 -873 -954 614 -721 7 519 36 -486 264 -379 746 
243 786 -912 -191 -813 42 -535 45 -514 -184 -203 -752 482 796 -685 -671 -473 -478 -317 157 101 766 518 -176 -387 -677 -208 19 487 -217 -95 -790 -628 221 541 -190 -272 -265 -177 -366 -572 -631 983 403 -713 645 -898 185 414 -628 -609 -471 -665 13 440 -29 492 -192 -740 -85 314 -922 -24 -944 638 -428 -875 -373 789 151 -201 -123 582 -338 323 -663 498 -524 955 23 -816 -817 50 -955 -714 963 -753 -333 -199 145 821 486 521 264 35 -803 792 551 397 -984 
-164 -529 -64 -63 -615 154 -219 872 873 -236 511 245 -256 -475 846 -622 580 509 -361 797 -39 -797 -455 224 537 -851 178 -437 -984 -234 326 281 121 44 -933 202 -960 -296 547 729 -729 423 934 906 674 -867 113 863 -698 817 -882 -730 528 -935 922 -466 413 66 678 -592 -940 -648 362 627 -682 153 -893 655 -820 -649 301 -60 -451 886 121 -679 -155 415 -85 -789 -653 -501 93 271 -48 -576 101 -313 782 742 -982 -516 321 -126 -232 -174 135 -909 599 517 
-944 -230 962 -70 350 -742 -4 -814 885 175 -239 -294 733 333 497 -204 -514 -58 -575 -77 299 -477 265 206 280 644 -884 931 -12 -920 -54 320 -759 -647 -233 216 145 959 124 160 -469 -180 72 -723 -294 -285 -195 946 -730 -674 136 350 -827 -288 -113 844 960 -254 465 929 911 -627 -889 -65 405 55 899 148 664 -202 534 77 -525 -494 -595 -849 82 -22 936 573 388 -430 -553 381 -557 -852 932 584 -913 293 141 -438 318 51 538 -910 -491 -151 -713 874 
-75 721 648 -767 -819 126 -684 -946 580 -811 456 559 687 -361 290 -548 -589 -298 -985 408 -774 -533 -137 -649 -548 37 30 349 -611 -336 804 127 -518 830 -923 -701 -411 362 -820 772 810 295 -232 -444 -794 351 760 61 857 -1 -579 -809 345 -413 268 862 -966 -892 -331 -384 -226 -111 -178 -809 -334 -760 -592 -107 -785 -902 -422 -347 980 69 -746 -115 234 689 -436 766 293 -178 599 -133 340 748 -355 -58 -197 -768 -792 -792 725 466 791 -40 -320 769 881 519 
-528 377 -467 722 846 974 -191 -772 -282 -977 -273 -976 -670 -494 169 621 -494 -408 -334 -622 -256 -913 90 848 -187 -459 -302 -33 81 -838 -21 -520 236 -220 228 -587 284 -385 252 -5 566 -450 674 -76 875 -687 887 191 -873 -361 633 531 -308 -812 -211 461 745 791 786 -685 -574 876 933 -56 -786 727 925 519 -739 -986 197 888 -227 -470 -34 -165 -402 665 813 -588 -941 -300 135 -93 197 -592 -869 -724 -364 -386 -838 -284 576 -561 -913 -175 -500 305 -251 916 
512 425 -897 -382 853 199 473 850 9 295 -732 350 -457 888 -304 -915 -388 724 135 931 -936 -90 -17 291 -992 -7 -898 -877 205 649 12 698 227 -304 736 -36 541 -641 -413 -247 -413 -79 777 -651 990 -788 -719 -965 -639 540 455 780 390 802 -804 -590 148 378 -263 -346 -154 71 -911 496 83 -956 -478 -304 510 -474 728 -852 480 -963 69 350 494 886 -494 583 -239 560 569 -441 -731 361 489 753 754 -662 -946 -848 722 414 377 -449 -113 847 -706 247 
-222 374 439 86 654 -582 -375 -596 -92 649 987 36 274 180 -878 -281 74 662 326 -877 584 -304 -923 580 -76 -419 -65 327 -583 717 915 414 -415 876 374 312 109 -564 -549 -252 547 677 72 25 -739 -754 728 -468 484 415 875 -489 919 -276 -124 -785 375 -652 -878 946 800 726 908 178 185 169 438 -432 445 719 54 -742 460 402 829 -852 368 -832 -605 863 -23 -335 -152 866 866 -805 -971 -937 -836 -625 35 -875 514 -540 562 -276 935 324 995 328 
283 588 835 -639 526 190 158 -963 384 -815 -410 468 -217 790 490 57 -69 -826 -888 784 698 666 961 261 -783 -959 -25 -204 -22 325 355 -395 -207 778 -119 -90 -790 -801 999 750 317 889 198 -617 -906 22 632 727 398 -817 402 -822 -338 -650 -223 -797 -271 -506 376 695 897 741 -478 -370 14 781 -522 -136 -811 -742 -21 -640 109 -892 -119 -888 -903 -722 -855 343 180 -763 931 143 -285 546 -236 459 -635 450 769 394 418 877 -112 -152 -357 -838 -887 842 
256 14 -366 -689 -469 619 -494 433 -892 460 -436 48 -738 345 -152 -139 726 -47 272 509 -379 -242 253 -736 -822 -565 97 285 -370 476 -552 915 -2 -582 -695 980 722 -755 -50 -360 446 -111 -34 -986 -339 -146 324 910 -180 -593 -449 858 908 -507 -136 325 482 507 -255 731 950 -53 900 595 227 386 420 -207 -734 467 -345 871 -845 -792 -77 -411 -571 -491 -432 951 888 -94 702 -792 -52 -108 710 10 -945 284 223 523 -720 165 546 -474 184 299 -947 369 
-449 148 -18 -722 298 296 483 970 -735 -995 474 -708 -246 717 829 37 -729 814 407 114 132 835 -897 165 -259 -788 754 186 297 -343 -39 984 -250 -455 -566 -659 -483 216 -291 -478 -850 116 480 -445 -160 -655 -736 -875 732 -382 111 -33 -167 469 7 -161 -308 -401 853 -605 -901 -71 -417 -412 -915 -810 731 -943 -525 -330 839 639 -85 652 -883 588 -252 876 331 804 -133 63 834 -794 -640 -790 651 277 918 175 -350 759 206 794 828 10 853 -201 274 -519 
865 -807 552 810 -626 146 782 -738 701 494 -903 135 30 712 348 68 29 516 -593 -998 -983 -963 -480 437 183 -220 -227 -889 720 -753 -654 840 -109 496 -706 226 923 604 874 110 700 826 855 108 558 915 -454 548 811 -288 -402 527 764 -491 -206 -944 -744 861 -543 -671 -11 327 338 624 -31 -975 -272 353 489 -449 770 419 -659 -576 -73 871 -130 -963 -411 537 547 83 265 613 -214 -618 786 -295 337 691 493 -161 780 -412 -374 -833 932 767 -359 -327 
-83 -537 201 144 312 -139 522 653 -241 -579 -820 -303 375 6 512 -735 -6 938 737 510 237 -408 -659 628 494 -37 900 432 -178 386 668 318 -536 -510 -847 745 -66 -47 -454 104 -309 925 925 -113 -265 -532 -117 -136 -115 915 456 707 559 -446 -602 436 873 44 -992 -204 -208 -76 -864 470 -551 583 115 253 -431 48 -745 778 -295 624 152 -150 600 -502 -986 -547 -103 -94 -934 373 934 -182 337 777 511 -981 -630 -319 -374 437 -242 -768 278 -986 698 -916 
-650 -965 989 -311 242 -10 619 -649 742 818 -125 124 -627 419 753 -998 -329 370 715 559 202 -481 311 -897 456 501 -249 -756 134 -681 401 -217 -108 -797 964 739 -802 604 410 52 -271 94 -824 -146 -417 -885 510 -42 223 -606 637 390 70 991 -715 -614 -709 713 44 -898 -638 768 -43 962 564 -972 294 -850 -733 -916 -927 674 -45 -125 873 -242 560 113 250 120 695 896 231 -587 -664 961 920 983 717 247 -931 985 -716 -538 -647 797 553 565 275 -266 
-239 303 -969 563 797 553 275 -239 -969 884 -715 -969 -170 460 715 -901 -100 980 552 585 195 -505 -899 -817 -14 -121 -556 474 351 -922 -627 -977 -476 942 -367 655 948 -455 788 53 760 262 -418 921 546 304 476 260 -559 -294 -923 984 111 154 449 348 -553 319 407 -779 -790 -941 139 -504 151 223 -230 -196 -50 662 -287 -229 -555 -76 -912 667 -615 921 813 -891 -973 -103 129 -585 -665 488 552 260 -487 -757 485 -497 -178 -444 -462 -31 -312 -824 643 312 
-62 -331 -614 156 -579 114 662 980 752 -817 -630 822 537 247 -938 159 -475 620 52 -810 -343 948 631 344 164 273 967 -722 -772 -910 -47 397 -598 596 -181 -961 940 -348 -806 173 673 627 -779 754 -740 -562 464 -489 983 -929 16 -826 910 482 -901 624 -484 20 782 -525 862 -990 602 553 -873 -95 45 814 -970 -39 695 210 -904 491 12 207 -817 204 254 263 -743 -873 955 -439 -814 -415 650 648 382 -233 -172 -783 642 -384 -210 493 42 776 850 -498 
-531 20 917 112 309 -617 840 -188 -112 -994 -992 -975 -204 416 -936 192 751 724 -546 368 -484 -750 155 -117 -666 -539 49 -461 678 -44 -118 819 345 104 50 -397 -495 -830 -198 -394 770 -494 618 891 587 -560 973 -734 -90 6 815 -388 -363 991 -880 449 -219 118 616 684 -961 290 -466 239 330 922 2 59 -110 -99 -209 -912 -953 -81 664 983 -940 807 -937 946 -871 178 -769 -67 -315 417 633 -410 275 -875 -33 -814 -516 138 -201 -289 -440 432 -351 -590 
424 542 651 -224 -199 554 884 497 -429 243 258 806 -71 103 349 -112 566 562 -893 491 590 757 -878 394 275 17 959 313 995 -569 -624 -656 -401 -742 135 -207 -825 24 -221 672 -70 570 985 174 716 120 967 936 -133 145 911 -846 966 -41 -605 -436 571 -654 301 306 -852 945 -738 -800 -936 669 -43 -127 -29 -32 895 942 -431 -65 710 344 281 -890 177 -737 -752 953 -914 331 651 625 -431 -250 -640 292 773 436 -920 -367 -870 595 889 188 296 -317 
-113 23 881 -596 -977 -440 303 -935 879 -443 31 633 273 -478 39 295 -510 87 755 -161 -482 849 327 -120 737 -684 -977 471 -441 -145 -779 567 -730 -374 -475 -362 -418 424 171 -784 381 772 -885 -543 -792 -366 -932 129 771 -207 833 -77 868 -429 -782 972 34 -373 -429 65 424 -450 -149 607 272 -381 -644 734 -301 282 637 -786 194 -289 -531 -122 254 -173 29 -863 -780 -780 -397 -355 941 -648 35 409 -342 -643 644 669 -73 -839 815 182 -18 97 821 359 
641 518 234 646 -247 -979 165 -692 -793 832 625 530 -977 -459 -126 333 410 411 447 -761 221 -605 -926 927 -913 121 776 -44 368 -660 -64 -604 247 -381 -967 -513 392 9 -986 514 380 45 968 8 367 -963 -395 -654 -867 936 275 904 -629 -100 493 99 -161 764 -812 -679 -433 564 479 498 -421 142 -835 -622 -925 -986 881 982 -256 875 -555 961 42 78 -993 -708 767 735 -841 -996 158 920 324 -945 -147 423 687 753 -773 -601 293 595 404 -785 326 106 
343 -295 -751 365 228 -537 269 -225 -662 -325 196 706 814 -731 -752 -685 -595 934 28 -893 -311 579 -15 944 657 -434 13 -383 -784 569 -515 -31 239 735 -247 -69 824 -342 928 193 -840 844 635 740 883 -359 -748 387 789 -576 -525 48 247 282 415 415 -462 798 -595 847 -102 -398 262 853 -687 -458 -863 -226 357 901 -30 23 -534 228 -218 359 -236 -845 996 -246 662 -998 -873 304 -477 365 -194 585 -515 -551 617 -562 755 192 -539 648 690 -161 213 282 
-13 -18 586 125 840 -197 490 -897 121 -979 -979 -831 677 773 86 -814 -707 -46 823 860 -65 -71 724 -676 -166 964 -871 840 490 121 -979 -831 773 -814 -707 -46 860 -65 -71 -676 964 -871 848 -186 890 645 -410 -794 -524 841 -468 912 859 398 446 -855 366 247 -759 84 15 -931 538 221 824 0 41 755 -185 -999 -301 -306 -337 -420 818 945 377 73 -832 -369 -393 -860 497 -825 -674 940 413 454 -677 -591 -784 94 -866 457 914 -246 -50 -332 503 -634 
515 -272 -33 162 -330 266 272 -751 191 -606 394 -609 669 -97 -772 -988 -131 614 -58 -194 296 161 925 486 -664 774 576 -916 702 38 -648 270 -587 901 866 -253 -429 -229 -382 -274 454 -146 799 235 960 -184 728 663 983 925 514 990 657 317 239 156 804 625 -784 506 758 -845 -714 -881 -702 -242 -772 -651 -45 140 -806 -886 76 3 -92 458 -599 -231 -561 933 -199 -671 784 -711 211 -951 -857 -361 -959 -182 -342 -463 -631 -485 651 -582 352 55 518 -280 
162 344 102 245 -163 200 -182 -859 508 -87 982 -776 -57 757 305 229 689 719 -575 -18 769 -621 -909 -145 -772 -263 -971 834 -162 -286 -97 60 -21 502 -948 -549 308 539 -509 554 -803 -188 -998 -214 -222 334 23 756 826 510 -635 936 -292 -636 879 -765 -913 -381 778 -706 -816 663 -439 -611 -991 559 -17 -357 -962 -117 -361 -770 579 -807 -932 -943 -541 -930 -644 376 84 -489 -915 563 775 343 -876 133 -269 136 698 853 -740 584 -754 598 -984 -45 266 -821 
508 451 149 -636 978 952 875 -729 122 -855 -686 692 724 -657 473 -95 994 -421 303 1 -492 -851 -386 -86 102 -83 -647 671 135 236 -66 579 -378 997 -122 -988 -259 -236 -131 274 872 -911 -108 -448 -907 -169 518 990 120 -826 -86 -879 -249 -409 253 -339 -73 289 299 -408 -448 721 732 493 842 846 573 293 -975 -909 306 -199 -760 -270 357 -220 -461 918 -965 114 714 50 -544 162 737 626 -60 473 -72 249 894 -288 -85 -863 -728 -166 -53 -317 -338 158 
-89 -389 219 -599 -37 -288 220 223 194 497 -535 400 -440 -909 712 -763 -148 -441 139 802 -460 970 479 -110 -139 390 -892 -56 328 880 616 343 -559 -906 354 765 158 945 396 -29 286 4 709 -298 692 566 418 -441 -1 72 -303 599 639 -508 -185 638 819 421 -365 -38 -41 -544 -186 789 -343 935 -758 656 -2 -579 199 -715 373 -999 -973 -319 -340 303 -719 -116 720 -200 340 229 770 -587 -842 55 -289 -411 345 453 -708 385 640 539 786 630 230 -755 
884 -532 481 -442 -755 966 172 96 -554 910 666 -562 -72 613 -783 -276 896 -90 -207 440 98 111 370 587 47 -800 -120 -466 897 130 -106 87 -91 -287 987 764 -547 -170 -829 729 -928 -371 -821 -456 630 922 841 -860 -615 14 0 537 -989 -106 -274 107 -422 -286 -358 714 -462 -838 -127 567 554 -584 83 -926 940 972 -391 598 -628 -996 -943 664 722 684 438 876 -594 -783 -239 678 58 -431 271 541 -977 105 -315 -825 -854 65 -709 811 -972 -226 808 235 
537 685 408 -467 971 -118 405 221 146 844 265 -38 526 -533 844 105 -345 159 -849 294 -890 -896 400 -651 -475 69 -640 282 -352 -517 -734 -591 -565 -642 -299 -253 563 -922 283 -958 186 -92 52 -363 476 69 904 450 -959 -200 -934 259 -530 -428 -623 -179 846 -849 557 -568 -460 -416 -749 918 -803 658 978 728 860 -191 285 -604 358 267 816 245 608 902 570 423 -849 516 386 221 -702 -40 -15 599 -55 -380 413 696 561 452 596 -57 -197 195 -508 -778 
407 371 -23 469 914 954 -66 959 -16 242 -110 884 549 214 346 -416 -414 -636 971 945 -403 970 234 -318 755 -811 -501 511 194 510 -373 937 295 132 -237 -119 -834 -236 -204 739 819 -215 701 638 -689 -128 -719 -469 -688 418 -250 11 548 -501 -540 544 -972 -217 580 316 -869 -675 764 857 682 -673 559 -43 -688 -250 548 -540 -972 580 316 -675 857 -673 -43 205 825 -204 -418 660 -118 27 655 -807 871 -251 393 -541 -302 -626 -590 61 -665 683 -968 680 
-284 947 845 38 -792 551 230 -91 -240 -110 857 -184 -19 -486 -689 64 -742 616 430 62 594 -54 -15 20 -554 -3 -454 -950 97 -105 608 -208 -960 -908 28 321 886 366 306 146 955 -456 -691 -808 511 226 851 -719 -227 -549 -156 215 241 378 -270 247 627 349 -528 -584 -466 879 323 49 534 754 -505 -72 753 279 911 -917 125 583 -292 335 -867 -771 894 439 -679 274 -112 965 -795 -93 -857 657 166 259 -741 -895 908 -726 138 -73 -189 -876 -988 982 
-364 850 608 -906 -897 -927 -524 30 -206 403 119 80 -977 742 -905 421 -983 131 -978 -134 -788 -213 -298 656 74 365 -876 -947 869 -136 -548 878 -281 -479 29 398 348 392 335 -691 474 776 565 -827 -138 913 433 570 178 -367 795 -461 307 297 279 96 466 810 -889 547 -378 190 -130 458 -671 -733 383 493 -144 -821 593 -755 903 202 905 691 -934 155 -463 -550 57 -224 -777 550 -383 -152 -295 -296 326 -659 643 -582 -253 -636 996 -940 -342 210 295 -133 
-762 -492 975 365 490 -395 685 98 870 -70 254 -443 -989 -142 -548 -447 -959 477 -218 -76 -65 -765 175 12 -395 -404 710 821 -715 -52 215 -909 -944 987 -845 905 -131 -53 335 174 -652 869 -755 628 -20 220 919 -27 -14 616 -534 144 588 -815 405 922 625 -910 -764 579 -57 526 -490 603 261 589 458 -57 218 745 112 851 668 236 -48 339 506 -316 134 -332 732 330 -464 -269 -574 -811 -616 953 -470 786 -144 -563 -351 669 -194 -543 -385 -540 834 -368 
858 539 -783 622 394 89 -371 815 -15 379 -781 971 59 -740 146 -311 -134 80 -835 -522 780 -24 -385 -943 984 -311 -588 780 64 666 -793 14 -154 -503 628 885 -568 -659 482 -57 -901 694 -171 -251 -241 -925 808 480 -820 -906 -241 -231 -815 -502 -499 37 -459 -299 712 907 308 560 419 845 647 413 -744 275 445 -168 -624 780 -934 -613 752 -512 -499 -212 803 -443 -264 -901 881 106 -660 655 -65 369 -531 -888 -331 251 -375 -382 114 -288 -916 850 549 110 
848 -500 -190 967 -23 65 -2 364 -620 -21 688 -62 832 687 327 802 -695 -577 955 515 208 44 326 953 -823 -102 -577 823 76 98 -608 81 587 -423 405 -333 11 -375 -213 783 98 578 -349 831 -564 -878 459 183 184 -150 -787 -976 174 -572 27 748 -52 -574 731 -248 663 -803 -489 211 -923 703 -449 -469 -428 -233 -7 -822 -568 459 389 110 -314 -471 147 -343 -711 -262 405 134 946 -811 782 734 -953 605 664 763 877 -885 293 799 580 488 -814 -969 
