102 -859 417 680 -418 -758 22 139 786 -126 793 -963 -749 -919 -586 -504 -898 -813 -118 390 -941 -710 -86 298 -569 -292 353 182 827 -953 118 -482 -170 -433 386 -119 -450 -91 516 635 -485 787 437 -959 -715 -350 618 -202 -151 -173 575 427 -954 -369 126 497 219 -594 307 326 743 623 -252 -850 521 -598 -873 28 -826 385 -33 -108 -275 32 -85 617 -368 688 -21 80 653 43 -715 -396 614 -361 -958 -35 -948 11 836 -586 852 -446 -648 981 385 505 -768 -828 
331 363 -341 -277 415 52 -151 640 143 763 602 -300 546 793 572 -433 764 91 656 -533 -595 917 533 -624 -61 5 -656 -403 -463 774 7 -564 145 -646 -315 219 -759 -923 1000 -464 -486 -447 -497 796 671 -708 991 -289 94 -16 -741 720 -563 649 997 983 -685 -59 415 -320 394 497 634 696 -837 -385 122 840 -811 -188 77 299 -380 683 -7 408 358 247 996 -681 639 -395 -789 -428 427 -523 396 -949 857 -274 600 439 205 -537 -113 286 565 588 -238 -184 
-789 -122 709 939 441 -180 -722 -956 -556 -287 566 -101 -46 33 -263 -475 606 802 -278 769 -388 -433 -574 -160 -749 986 -133 234 959 -413 -91 -204 577 235 183 -751 -939 -536 -975 -451 884 -447 -849 -452 973 -155 461 230 -639 -121 488 -256 -269 554 587 269 522 276 310 -1000 63 -643 539 -950 -869 -348 168 -799 4 602 -860 678 381 -752 67 689 235 990 -332 689 -188 714 593 -789 431 660 270 -319 -618 133 -946 -894 633 647 -954 -626 349 817 432 578 
-823 -137 829 529 -589 -537 793 486 -164 950 947 -887 80 727 185 795 97 685 266 583 -913 -455 258 194 966 234 142 420 -357 -169 142 -642 399 -100 -175 -136 -796 -725 -996 -581 -567 33 140 648 -27 783 -210 489 106 248 -459 876 540 -709 75 992 -902 -395 482 -922 494 147 464 102 879 -307 149 -899 107 -161 967 892 -724 -917 -759 -615 453 88 70 -71 -987 -215 998 641 146 -607 841 -152 239 -594 -344 -310 -211 -956 321 -660 207 239 396 -416 
-416 511 -224 -695 811 -974 773 -416 -236 957 -127 432 -175 827 439 -39 -832 -273 -19 -432 69 -581 -11 56 347 491 460 -152 -88 747 -275 476 989 850 99 -390 245 369 54 -317 -89 -837 -418 -711 333 919 -686 -944 483 -292 12 -878 -645 391 211 707 926 -281 241 -105 11 -217 955 247 -717 396 932 790 116 -971 611 864 468 -142 -238 489 -785 570 -2 -860 646 -217 -787 -653 719 -655 569 609 -827 -129 575 -20 732 -241 257 -573 685 679 132 -354 
-305 189 -744 21 -409 -317 -357 669 -649 -527 -671 -970 -149 688 806 -25 -157 737 57 97 299 -841 677 -789 65 852 97 -316 453 802 233 -889 758 -965 357 800 -685 56 410 -649 -510 -867 -682 -764 -419 501 388 525 319 589 -702 109 -958 -17 687 -55 -409 -451 -213 828 949 497 976 525 -432 -130 447 419 356 -24 -714 920 -560 959 -746 961 -248 622 -986 -110 -502 389 326 -76 413 957 -814 125 352 267 -476 750 -509 690 -59 -714 649 -844 590 200 
754 607 -196 -730 -468 -998 307 -829 -642 -510 -188 374 -111 8 -814 -324 -587 479 -965 234 396 9 -912 -498 -525 -465 -474 946 583 782 427 -307 884 -31 -629 459 -482 646 481 -420 -81 430 336 53 -572 -351 390 -86 -815 436 75 787 -695 5 245 900 244 212 -694 -228 -129 -121 22 -269 410 584 -550 -544 958 -946 64 -872 -786 199 -608 271 198 928 505 566 -814 92 -256 -187 905 -770 298 725 -777 416 -560 -364 680 -917 594 646 -297 244 706 15 
124 -485 -841 566 490 -964 127 -97 277 -113 -927 826 -425 -442 -901 435 819 -74 629 -343 -231 -417 -410 123 -348 -869 381 -383 -216 -628 -902 309 -154 865 -963 650 -963 -654 -973 19 -293 -363 949 156 853 778 -321 307 -610 -269 370 138 -831 -844 542 402 297 -559 568 154 -706 -668 242 957 172 -410 432 -594 283 -172 -939 33 15 824 422 -393 290 -500 308 203 229 -678 422 75 -582 485 -911 -935 466 -307 901 171 -720 848 111 -445 244 718 -784 119 
266 853 -924 15 465 320 723 313 263 220 -671 710 32 -958 641 377 315 -897 411 -324 629 -688 -329 -794 -964 -353 399 -161 -404 873 454 944 -394 -612 937 -842 571 895 436 149 -262 -409 -866 -242 6 -503 940 998 -421 201 766 168 -296 692 57 239 514 -424 373 -467 305 -487 593 -306 921 -654 429 710 743 40 99 -412 714 525 27 6 839 122 -813 -784 533 52 113 -134 -955 607 -237 -72 -119 -733 927 919 -981 -891 -228 964 -36 846 -317 -9 
658 317 -387 -87 248 -198 -604 -551 481 -579 -629 -426 979 983 -40 -564 -113 766 159 802 761 629 768 26 -663 559 630 985 325 -506 857 848 849 326 877 448 -535 150 -894 987 990 602 174 255 -215 -956 -555 660 793 476 170 808 -282 373 -524 -655 -826 573 -697 -428 777 -366 133 -412 509 551 767 -737 242 365 -166 -895 434 -85 765 851 -917 -683 238 -479 252 -667 -124 246 950 -804 314 199 496 -362 -477 -426 676 698 626 -443 -244 -420 373 -530 
486 586 67 -651 -475 134 471 -599 297 818 465 777 918 -451 -584 802 -221 -785 247 -43 -616 833 -40 983 -438 -881 816 -408 848 -31 387 -768 -471 358 905 640 809 550 945 -524 -756 -519 160 -259 -930 -751 -438 -329 -365 131 311 690 -240 876 -238 -153 -172 530 476 -155 -315 -835 -493 -849 -335 -622 292 493 -23 -35 -311 919 987 285 693 -249 176 -261 899 216 789 236 -831 -384 186 832 314 -292 316 265 945 215 -984 975 -709 -278 930 345 365 -132 
-199 -394 523 -272 -752 -594 -713 796 -464 -538 310 -399 608 374 179 -47 -247 -118 414 -882 -537 399 418 145 -477 -549 67 -473 479 536 439 258 787 105 -436 -525 -800 236 531 221 -736 403 479 -262 95 -846 197 -963 -304 618 258 -250 828 254 860 -21 309 286 -897 -721 -752 -584 975 344 442 843 -637 507 47 -242 492 598 191 373 703 -277 672 -45 830 435 230 960 22 -571 55 -253 939 -644 246 119 -753 393 160 -130 906 -782 262 -417 -6 -264 
373 783 -843 -42 470 -422 -328 890 -779 174 402 326 -869 918 -954 -936 111 -850 -358 585 120 161 835 -791 977 283 376 -969 743 -212 -204 273 -205 881 834 -254 -548 -187 986 -390 -8 -603 -34 906 -197 -975 234 569 -308 -795 -278 576 56 -61 -960 -217 397 -196 -469 650 353 684 855 -366 -465 -322 -262 939 722 -152 49 538 803 947 -41 -765 -496 -735 -412 583 969 63 -531 -157 -251 486 -574 685 313 689 -524 -938 126 -769 -641 626 -200 -793 595 58 
989 397 918 -739 -125 -341 46 -936 813 849 -440 481 -853 309 -371 -951 -391 74 -932 758 -165 23 934 859 438 453 676 269 214 739 -747 963 -497 -533 248 114 93 743 -989 -696 -612 105 -279 294 -162 -949 581 6 -215 -439 736 251 -802 -207 981 -494 -760 -863 -862 -923 -65 812 896 813 -235 374 -880 542 -449 314 -422 -24 -79 221 -347 -626 128 541 -233 919 -113 -223 -223 925 -410 243 59 965 -910 961 -299 609 -597 427 -336 -621 -646 -653 822 -85 
-370 627 73 344 -436 -612 -715 -322 -182 283 -223 -234 -603 -211 104 -727 512 833 138 -382 943 -753 -618 538 619 -253 -811 278 -313 705 -872 70 -664 894 947 172 387 760 806 -765 -336 584 -451 -151 967 -51 151 -551 -706 811 538 -735 863 792 -343 761 -732 -503 761 53 -177 -399 -566 -646 -97 0 -829 468 -820 -719 780 -250 -741 -215 -660 -761 966 -830 488 -99 -540 760 42 -906 -235 227 -150 -403 -344 -395 -49 995 841 78 777 -677 260 629 -475 120 
36 -786 945 -260 136 -954 40 -114 755 -865 765 -615 687 529 207 -284 -91 341 -247 -871 412 421 -431 -568 798 -300 -855 734 -527 -214 130 -56 -562 -526 9 -743 801 -475 -703 -634 -609 826 -140 511 651 -819 235 643 -541 867 70 35 989 -638 861 -496 121 -847 -281 -506 553 979 -698 -878 323 957 927 726 459 159 -969 867 139 -62 -961 -652 -312 926 277 404 -237 -874 479 647 -584 -437 74 -656 760 -504 -31 -395 867 -266 150 374 -130 -485 43 599 
-390 -179 376 -495 -220 884 -866 829 -896 -9 624 -246 403 -538 -646 -821 -985 -253 -917 -435 751 401 -162 -958 -903 986 -121 187 480 226 504 122 -12 -93 777 970 -236 -587 853 -426 437 -528 191 -366 -915 -957 -397 -73 -120 -118 6 -739 301 540 -118 -71 -751 -935 -508 -138 -779 -286 -57 -478 76 474 938 50 -648 -384 -127 87 -157 -213 823 336 855 -655 341 -44 -360 -898 778 -987 653 -261 707 -933 -910 -202 228 303 -425 277 -191 -657 -747 -508 785 -442 
107 -724 970 791 -664 -565 762 -411 -799 196 -704 -854 268 944 -623 710 260 728 -337 -302 142 -554 -392 -751 689 -53 -713 822 -413 -565 669 -912 -829 -18 -295 304 91 334 -160 664 228 -595 780 -842 -274 225 944 -291 -596 323 636 -387 24 439 132 770 -619 680 -842 -338 733 64 857 245 588 -531 -20 -44 -411 -77 309 862 76 -802 -233 -388 -484 -118 -368 573 -115 758 -396 963 -750 249 -752 -551 607 102 -260 -878 744 309 -921 -274 7 -917 -827 288 
783 -320 -920 -43 551 548 600 551 435 -847 351 907 -5 -462 744 528 106 -972 -161 -194 474 912 -8 -108 176 163 327 -567 -154 639 134 -185 -689 -629 -857 814 121 437 387 204 -779 -115 -381 -993 16 853 924 -757 569 -952 -714 -712 879 104 188 -964 -202 -717 -771 -910 396 -405 883 851 -999 362 248 120 146 -192 -460 -160 504 -873 -950 689 -886 -62 838 746 547 508 177 32 -7 -808 -911 609 -175 138 279 763 345 -101 54 -531 737 211 -868 504 
986 852 350 263 984 598 -282 735 881 -115 -251 72 -693 654 -583 485 -290 -457 674 960 -305 855 81 -623 266 -197 -169 -281 488 233 554 -291 -497 296 -62 133 -441 -234 414 454 537 987 70 -32 -96 -938 -496 -49 -734 23 -60 -561 -500 -773 -706 839 -764 -294 -585 -791 540 -292 219 679 173 633 -21 692 -19 136 19 866 125 869 -620 802 393 873 -137 490 218 995 -588 -408 -397 744 584 -196 -543 980 -999 -809 702 -290 -167 946 -756 -928 -110 -412 
-609 -889 -802 -606 545 363 -795 -86 489 160 99 251 157 -835 -812 -714 -546 -191 368 -991 422 -845 639 -870 -400 573 -805 393 750 699 350 955 -912 935 733 381 -327 -751 11 -456 -17 903 330 534 531 -84 -451 -794 -213 -1 -344 833 -398 -525 -470 -876 425 -378 228 -91 304 102 529 705 -861 648 943 -215 -864 -858 -31 -444 331 249 721 -969 -907 725 649 773 -25 -947 -625 765 291 -781 -820 -388 -661 276 337 437 -256 -585 12 -894 754 -743 283 -496 
-778 -515 865 18 -283 616 461 -27 -984 896 -69 376 772 444 963 -307 52 147 13 -834 735 -940 -403 653 976 682 325 861 -78 940 -315 -683 304 -747 474 595 25 -217 -253 -965 -602 945 964 136 -682 -954 -187 204 -689 -673 -709 -57 -632 269 -789 -252 151 961 389 -16 887 -122 833 -869 739 220 933 690 -885 116 -261 474 -268 339 522 -393 722 5 -819 -410 426 -664 926 307 634 -804 796 -809 -35 513 604 948 -294 -604 216 -461 913 783 -210 167 
339 -521 676 -638 -781 448 644 91 -782 -514 -421 -126 951 518 -692 576 -58 -99 -526 179 -379 -906 -806 882 35 -431 -190 -527 335 -738 209 501 -461 951 -326 976 -290 -79 540 393 -265 726 91 182 353 -225 -393 823 -523 -747 412 157 -99 -375 588 275 952 -665 319 -450 313 -572 657 -229 -412 -54 -287 125 410 803 896 -220 -825 -44 -873 304 -916 657 457 -190 586 330 -48 674 -969 756 -929 641 -166 289 71 608 700 -849 -733 -326 -478 -140 414 195 
415 286 -369 -321 -481 421 -444 179 -35 -799 -166 -501 -270 964 739 -561 946 -285 245 400 667 -983 -465 -192 -505 -376 520 -696 868 -508 645 -535 954 877 -198 -39 -566 720 -348 561 18 854 -670 -178 108 -546 911 917 161 327 359 -663 -857 -644 -591 -631 -577 297 723 688 -319 731 -80 -766 -375 518 -905 812 785 143 235 70 -392 999 625 134 883 -167 -131 -861 862 -653 -344 -243 691 -53 -184 -681 -266 339 -543 -181 -226 115 -88 -193 -862 -230 -868 -356 
-240 611 473 813 -729 307 -822 -919 -21 -90 330 -229 -728 -82 -922 -83 -197 -7 -75 -836 483 503 921 -167 180 254 382 -523 -644 531 224 -95 321 614 -643 -102 951 78 -591 155 975 -342 -55 -590 489 -469 563 -926 351 108 73 -671 -956 -143 620 905 758 764 -743 422 630 915 -10 240 708 -79 491 490 -974 -24 604 -650 530 378 -744 -131 -542 592 -688 -443 1000 -123 -582 633 241 118 397 -598 40 -584 972 -221 630 950 -698 -66 218 -197 -177 -77 
81 -142 509 -115 -289 -72 -691 919 -707 209 -363 587 103 -561 -539 -91 901 334 -422 382 660 -490 41 -743 709 -155 36 -967 -14 581 108 -274 489 125 -808 909 4 340 191 -727 309 -374 -681 116 276 241 423 93 -233 577 -788 -627 -534 434 -453 971 562 -441 -313 633 -344 -477 108 449 -348 -724 958 -255 -450 705 -120 563 -417 404 -471 251 -348 -967 890 -802 -954 875 700 -839 -506 24 -823 -174 938 458 161 -752 104 857 802 328 348 418 -972 -905 
355 69 664 -448 156 -77 450 -869 -96 615 -999 -324 -313 -144 348 -51 478 40 -409 693 -89 -581 -352 831 895 231 -533 -143 740 -516 -480 -377 -195 -717 -526 -838 -14 -643 -568 -389 -148 -240 97 -884 -961 -352 -108 966 -953 688 -687 92 545 532 -568 620 -891 -253 926 519 -167 -570 -169 -149 927 -590 622 631 -437 680 943 -62 -313 -64 101 186 26 694 -340 987 43 -837 -592 107 635 -601 933 -786 943 -619 195 493 -596 -194 -787 717 20 360 27 867 
167 -104 544 296 -38 -854 977 -822 -156 590 -536 -343 -692 -754 274 -454 -829 858 -441 -16 241 287 -258 160 655 50 -397 -512 -350 -42 758 162 470 208 -356 932 -844 -231 -370 -534 -915 -150 979 447 -703 732 585 807 -537 653 -954 -386 -114 -243 128 326 -429 -845 -927 -178 849 239 -192 640 936 980 -715 -628 -659 896 754 19 243 -83 609 304 -302 -727 83 -930 79 -323 105 -464 -36 767 -789 -817 -688 -709 787 -568 421 581 47 550 -605 -675 -184 -659 
381 -110 366 116 84 -408 861 -942 243 665 527 -790 746 636 702 239 724 601 904 186 608 -539 766 -168 123 -937 -818 -52 262 618 627 74 440 -884 121 58 462 56 -799 356 519 240 785 427 -232 -103 -604 160 -918 17 789 178 -41 -505 -857 -537 632 -66 -843 66 394 -129 38 -820 -690 155 -295 -123 944 -771 -967 -510 424 -597 -403 44 -265 285 363 -217 -154 935 -29 574 1000 -754 -778 -634 -765 468 -503 607 800 122 659 -775 -691 423 -921 964 
636 974 20 -698 -743 -566 893 153 -513 -549 670 733 -272 602 -793 -223 764 437 -362 425 -609 -934 924 -316 -130 374 453 -641 872 -920 -706 443 -54 -628 -171 894 -570 -740 -625 680 -378 -592 743 769 -884 575 -394 488 42 793 638 -149 398 96 514 940 -343 847 -410 760 606 -364 -666 -175 776 -492 -914 459 -293 685 746 -783 292 676 -412 274 -333 31 -755 -917 963 -415 220 715 225 -275 -161 -977 907 460 0 -174 -478 288 -43 -602 -691 -14 385 501 
-887 -665 325 523 477 -530 -317 -96 305 633 -167 870 747 -431 891 726 -763 185 813 -890 -494 625 418 114 -915 -368 -391 -775 0 -408 -18 -384 704 -258 -993 355 -473 -165 -279 -563 494 611 53 329 208 256 320 28 -402 151 -844 -586 396 900 -551 912 -854 194 890 149 134 845 553 736 -413 155 98 -197 -382 92 584 481 -459 594 -258 -866 -742 629 -929 -191 -378 424 619 -910 342 804 408 -292 122 -85 -555 236 428 -106 608 468 -930 708 622 -619 
974 -772 -94 -260 -377 -276 -706 925 547 408 -514 -698 520 255 -315 579 -668 371 752 990 293 -349 -630 -540 -847 -647 901 963 -535 -240 30 353 -669 -64 951 621 -659 45 320 -612 -484 254 661 612 562 -509 73 -17 816 -601 37 812 -563 479 -398 936 722 -793 -432 958 825 407 -546 -180 -249 622 439 -32 753 725 502 -519 353 17 -568 -505 167 -249 -711 712 -301 661 -742 408 -874 -856 768 -902 -528 -186 222 189 997 -419 -584 -961 -122 -323 188 -999 
631 -926 105 -314 -342 480 881 16 -707 -366 -23 -690 -590 -166 948 -714 589 -519 688 647 307 281 417 471 -903 539 -769 -475 -698 568 871 -843 945 -842 405 -809 -441 -662 -976 892 292 810 841 722 -606 -588 698 428 -938 -55 971 -289 -461 778 964 -475 828 -620 520 -822 -676 551 -78 -442 647 269 -636 724 -302 327 -560 -719 -975 -621 -421 362 350 -965 967 978 853 -970 144 -497 907 584 161 -805 635 834 1 -633 -36 -248 -428 459 351 -813 -196 748 
281 860 -728 -349 850 -19 -280 415 114 -811 835 -923 -83 554 -942 6 625 260 -446 -833 141 712 -555 -591 -59 730 657 -931 103 924 -385 397 -383 -489 315 -194 513 682 -103 789 -829 156 192 996 -139 418 533 -868 729 -208 233 189 902 -703 -997 -565 467 -760 -624 -573 760 -734 95 331 27 -62 741 -953 -219 -458 78 -550 -469 -184 -355 606 -88 650 -734 936 784 74 -278 737 685 -856 734 671 -585 -532 -569 -333 302 142 948 569 418 -976 172 790 
-995 -643 288 -403 402 705 -511 521 615 -446 -92 405 -930 297 791 754 753 906 510 183 -190 -291 643 103 -376 614 812 879 -733 -373 -564 864 -751 -855 380 -518 366 312 273 724 -713 -110 449 -38 424 946 -907 204 826 463 621 -828 66 -246 357 -914 -745 -618 325 -535 419 206 574 -925 -834 625 113 685 -673 29 76 -571 283 658 236 129 -843 405 587 295 67 704 326 -951 -432 519 -962 -939 -633 -424 143 -205 962 -208 727 -721 438 555 -166 544 
-419 -616 -160 -660 -810 -970 -496 -496 199 364 -471 424 -923 540 674 604 -128 959 812 636 401 -664 -453 -164 793 -445 -191 -86 103 -353 -782 -776 -494 -205 -376 -47 -395 -414 437 -832 -422 -938 -755 984 770 -132 108 899 844 630 -596 217 -782 732 -28 -210 92 349 792 -341 -452 -269 -261 785 775 -405 465 -338 -862 -812 -770 509 -321 -274 925 -890 -684 -245 711 -100 632 706 899 -554 876 758 -653 -499 380 -876 -315 163 728 354 -329 614 156 366 547 710 
-209 -170 -37 -999 -730 131 904 -903 401 -601 -540 -432 -716 -416 780 588 -722 856 414 -18 -13 925 6 -675 265 -83 -238 528 624 -787 -45 -423 409 396 850 -917 -517 646 -624 769 22 122 644 -568 -408 -229 -792 -537 -89 -442 -55 -170 -370 475 482 679 461 -555 487 356 227 -1 290 610 610 694 -26 -463 801 -174 -495 357 -967 -403 -419 -589 -728 959 -228 -793 -6 -513 -723 -815 -862 -301 -535 93 721 -846 -55 195 586 -87 803 271 -116 981 -774 -310 
-874 -270 -629 -898 -215 -211 -2 -431 777 951 -174 -573 -970 877 216 -40 490 -78 -745 391 928 -396 -267 894 -926 -798 -400 204 -675 858 -404 244 -133 116 698 309 587 -593 512 -477 846 179 578 977 -750 636 924 461 755 -10 -543 -582 904 -257 -103 308 -783 628 616 758 139 791 508 699 -561 64 -517 461 -286 -944 444 -965 -292 5 387 -74 56 181 309 -986 -73 495 441 -518 899 -808 -801 950 843 773 220 -636 105 12 750 256 800 534 927 -944 
-417 898 -545 820 739 -324 415 77 40 31 362 526 612 903 269 -62 -366 474 87 -548 718 814 865 -21 -237 -282 787 -515 -437 -479 -62 -148 -110 -838 -406 791 196 443 -319 -954 931 -429 -830 -406 21 -44 277 -388 559 908 633 -221 -325 -246 -149 -461 950 44 -177 49 -866 -313 595 812 -53 -724 844 392 892 -428 -437 781 -767 731 -951 -398 794 480 606 772 438 -662 855 728 106 -99 -273 526 89 -916 539 -148 -439 642 199 -330 -79 796 327 -927 
524 632 674 -650 472 666 446 -831 -26 970 319 587 -574 559 903 547 -305 -820 527 -65 856 123 187 -386 -748 115 -310 938 947 -563 847 352 893 253 -246 -254 623 -527 -653 311 804 -789 718 -869 -432 -238 -502 174 -343 -553 -825 -639 -306 -109 -244 -555 -641 546 524 -389 -435 -219 82 748 -446 -929 44 -648 515 -718 900 118 -804 860 -372 392 334 23 -225 701 435 -646 -668 -380 -996 -778 262 152 -416 -564 274 -438 458 -971 895 -615 138 952 426 -850 
-77 334 -842 -785 956 -924 -720 -642 325 868 -656 -279 415 -114 -474 -135 406 -751 -776 -246 -455 844 958 416 732 266 8 408 -507 1000 -96 965 680 188 -728 -791 780 -746 -719 220 859 -674 -623 -837 757 816 431 250 431 42 -378 252 -621 -264 947 647 -642 -395 895 219 108 -309 -845 775 -883 864 792 -165 -258 -39 827 -509 -375 895 -384 -437 -482 -389 974 -82 332 788 871 -305 -760 -47 -99 835 842 619 714 -75 -452 675 530 152 259 89 842 -975 
838 242 871 522 -965 -64 -53 -854 209 -582 857 -858 329 -362 -708 428 506 -25 -768 230 -915 95 -755 -243 -64 -1000 99 -679 -726 796 190 621 -524 -733 534 872 -791 205 142 -974 838 -754 -588 419 566 944 664 991 338 -384 355 944 -423 -588 -145 -352 457 -271 952 322 -73 369 -136 933 -150 -687 948 155 310 -298 -284 -252 79 -624 -256 -650 38 -884 -759 -735 642 -212 779 330 690 93 -903 -330 -30 -746 -510 -552 -988 -206 964 713 -195 946 536 282 
834 -69 632 449 -456 745 828 409 314 355 224 -872 -787 -136 107 -556 -299 361 809 308 -225 519 55 628 -567 -581 736 130 249 322 -574 -131 -544 731 -126 -805 -935 475 139 30 -350 -545 778 -962 -97 -659 669 -147 -122 482 582 465 -326 -664 966 390 957 -477 -148 658 -960 -209 -747 -832 870 103 -462 -949 342 787 -458 -430 -167 -250 -740 211 -695 -669 550 2 -610 -506 186 -251 -298 -713 419 616 670 882 751 15 953 651 854 -43 545 278 -950 143 
710 -603 -991 -758 432 46 -816 834 421 -301 62 -323 -73 765 291 -790 473 745 355 -480 -654 -203 778 -604 619 634 -176 993 -17 714 -767 642 -902 913 76 -436 798 -620 -725 890 224 342 -977 944 958 -992 980 263 -241 67 523 -761 520 -303 -635 921 -165 810 231 530 -111 76 -531 -781 507 -834 -51 -694 616 371 771 233 934 465 -584 -327 766 -353 -585 -344 219 900 729 -671 666 -474 242 -681 294 459 143 427 -52 -758 971 881 66 90 207 -259 
57 -900 898 362 -747 -649 771 908 694 -555 -429 -909 -900 -558 191 -911 -691 338 -565 -120 317 917 171 -601 -462 -683 247 359 -150 122 -122 -227 525 670 -159 -922 123 716 -392 -640 449 -216 -276 217 435 -187 -137 361 -854 710 -529 -542 -557 -504 -825 999 572 -863 -638 -839 -311 -279 -115 950 942 -854 -15 649 -961 676 -233 433 -767 574 -138 -946 240 -491 -730 63 -838 759 -308 -449 517 169 633 971 814 849 -440 -640 -665 -275 740 -3 10 285 -331 -637 
-513 -197 -685 440 -611 613 925 -156 -857 497 -909 -757 -902 -856 -721 185 917 -579 -309 -193 -186 -628 517 61 -924 802 169 549 932 -720 609 151 -631 -560 -805 135 -771 -309 809 -100 921 662 -248 446 -852 974 767 208 -424 -355 -867 398 -851 -570 -337 987 858 912 381 627 -568 -413 528 539 -880 665 646 -839 -676 -228 -282 94 -162 -589 -680 -971 594 484 183 507 136 22 8 -328 -686 485 -622 482 -548 146 -290 894 659 530 174 161 888 -342 55 326 
-920 15 478 133 -101 973 -877 0 -777 -31 -9 -493 645 -556 554 -501 -882 489 176 -315 861 -102 -913 984 485 16 -617 -475 183 239 -180 463 -20 668 519 -647 914 789 937 509 37 -59 655 758 -939 -140 -204 -741 -121 517 750 700 569 930 285 -707 74 -687 -719 851 636 -403 685 307 -167 973 676 567 381 -124 516 102 777 98 -686 901 268 -662 -674 321 -521 -13 -341 -586 -613 951 -721 -900 280 -99 -85 674 839 -132 -279 -652 -621 631 -772 -489 
-173 -637 -487 214 387 -178 -767 76 698 831 -874 140 774 805 925 856 310 -590 -505 691 -264 -628 132 310 676 -836 -899 221 776 -363 1 -422 54 453 -68 863 448 338 -845 -139 -607 -799 542 918 557 -663 -413 -71 239 -975 -982 965 -580 -439 441 -740 124 -348 120 -74 274 602 -731 67 249 -803 507 -704 -701 897 -813 284 -390 -73 587 722 160 130 -174 415 -492 -566 615 443 273 -452 -934 -34 62 415 -957 980 -369 699 74 -764 -285 539 -808 795 
-427 808 79 89 -967 -189 -273 901 -868 -248 117 89 -456 138 176 -539 -371 -603 -935 105 -337 284 -682 31 -397 24 625 -336 212 -822 141 -901 683 -593 468 935 -747 728 -165 -690 -587 495 575 476 -324 30 -202 264 -353 -954 839 949 958 -84 -692 917 15 519 397 -927 422 -609 -213 346 -48 911 -826 517 760 458 -58 75 35 495 -373 -257 -233 195 736 818 -828 -830 -150 203 -698 310 -227 -511 37 374 734 219 -330 452 -952 803 189 921 -996 370 
-307 -51 414 514 31 -4 -587 965 -129 -676 -924 -664 -787 312 550 -6 -239 -123 744 945 -200 -690 898 -601 -388 -663 -475 265 -11 326 -2 -874 -210 938 954 19 -333 852 703 175 30 -141 -325 -523 -756 -774 -145 644 -848 -709 -138 81 -715 -373 510 -949 848 -936 797 635 855 -107 -318 -837 -525 956 648 -378 354 -732 -378 690 964 69 518 -698 -301 -790 -804 -437 226 412 456 126 927 874 -76 755 -260 -971 -387 229 -285 703 -123 -808 375 -832 -242 -837 
-941 -710 -94 -443 -15 827 532 948 -195 106 -387 173 -450 89 561 -387 -556 -224 873 952 345 806 692 -244 -816 307 116 -277 -550 -187 -62 -462 -417 -85 721 173 -433 -444 -91 -589 -598 -873 682 385 -33 -276 416 494 382 379 -253 336 -320 146 -349 -110 -877 -515 944 -539 383 301 448 -50 193 -866 -855 -602 -697 -800 -742 107 -625 905 331 -341 415 52 854 679 453 -40 685 490 321 828 267 -268 106 -608 -616 452 570 945 702 87 -821 -22 856 576 
-30 -89 7 145 -646 -853 785 280 -714 -172 -902 -582 462 302 -42 -451 305 913 -129 -860 -885 -835 920 82 675 -660 -480 384 792 -319 -871 729 -418 482 -684 390 683 455 -282 454 -721 -373 -161 755 -693 761 598 944 -265 -590 -519 656 931 398 -35 -426 668 745 -816 -568 664 697 -371 -442 -138 79 -809 674 70 550 -539 931 502 -314 898 401 681 -909 -889 486 -391 34 -688 956 6 658 -852 -42 -876 769 -108 -863 -847 78 -849 -633 -127 -4 167 241 
-255 238 -686 -449 598 -694 -554 -514 -41 -999 -940 -77 -675 359 591 156 390 -218 -908 -639 488 -256 194 -732 -545 630 -472 -179 872 -449 -710 404 134 223 -916 -166 -992 -507 412 -877 -411 977 943 -36 472 265 -69 714 -655 657 -916 734 352 -108 343 -79 560 -773 16 743 855 -560 -496 808 -309 -887 430 -171 471 -46 1 -165 -419 802 338 578 792 -500 840 726 12 136 -771 524 -654 68 -747 -855 218 -18 350 582 966 -832 263 154 301 86 115 737 
-96 70 382 -821 -136 934 -796 934 -892 445 256 -183 -671 -272 -486 215 913 765 251 341 795 364 -18 500 -521 -981 -834 10 -14 277 150 -851 -208 -228 -323 54 66 77 436 -181 202 -929 -173 829 783 711 -344 -828 -315 -988 -899 911 564 80 996 778 -835 -559 703 769 -38 -546 536 -879 -662 -394 -926 997 271 -149 -147 47 480 654 -113 -21 -424 -945 -794 -78 -245 236 778 406 -912 -688 -757 424 -250 128 862 527 -58 -912 25 333 -823 -489 -692 91 
915 102 427 521 -367 -853 58 -734 -821 -647 193 108 352 398 524 -503 -107 -806 848 -921 778 -691 -811 899 -462 -372 -347 -355 920 113 -281 -712 235 92 3 909 429 -659 323 158 -432 686 -103 732 -34 -673 -407 272 -557 585 -749 263 363 293 -806 -377 -880 718 330 -935 877 -405 972 -886 204 -97 528 698 -462 922 618 -504 819 34 41 470 765 290 -795 433 -88 -206 -353 -50 734 884 -435 690 -15 -462 -491 289 -189 668 -129 674 84 779 551 -447 
-695 678 479 -794 -146 355 -123 -369 723 461 -697 -636 419 340 -124 -6 879 959 319 -192 468 -21 504 -687 -438 -547 952 300 -557 -519 210 744 -777 800 -187 -669 -291 -752 -461 318 -12 368 -793 837 -194 208 -985 -23 888 -67 -736 -363 -726 341 708 -909 -957 -547 -590 -992 -315 -677 620 -155 -526 847 -419 949 -726 646 562 253 -79 -200 930 278 826 86 -167 -569 -85 891 45 211 345 566 565 -126 53 -99 670 874 129 -582 -830 713 292 739 922 218 
428 -503 -20 815 -83 -20 -365 671 394 353 349 -864 475 637 832 -846 18 -710 -540 368 -289 -802 362 -289 130 -750 -708 -152 339 -765 549 703 345 499 -523 -800 -342 -749 -167 523 -438 712 -94 -677 285 -123 -340 33 983 504 -413 855 -632 -184 -255 972 -991 299 17 -688 283 616 534 -845 590 -308 244 706 15 -485 -841 490 -964 76 922 187 -360 -596 930 144 -982 -649 -242 -101 -279 845 -377 640 766 -157 -988 -326 860 689 119 319 722 -275 -355 269 
166 -833 -154 -752 -22 84 -273 -19 394 -706 -380 -55 296 475 -402 -68 -478 -752 -542 934 639 251 -456 572 937 -717 -823 -674 793 -476 88 944 876 111 7 -322 -956 -29 -496 -988 -903 809 -703 -612 18 210 -705 -303 971 578 75 485 -911 -935 466 -307 901 989 118 149 816 458 109 751 -870 511 -53 -717 -5 694 432 -125 468 -508 -772 -886 -588 900 492 653 539 -634 233 483 171 -321 40 611 -367 139 228 -654 -533 621 514 -717 174 -285 -630 474 
774 -30 -217 -589 746 -163 -284 -701 378 139 -48 7 794 -213 925 320 -584 535 -67 -224 -120 -78 866 -79 -481 772 570 188 -77 391 799 -581 548 221 111 722 994 221 -952 286 221 -693 605 -220 -899 -531 -618 680 200 -182 -387 -330 -812 -948 530 479 -181 -978 426 851 824 -768 -345 -474 358 -3 289 822 89 -584 409 -225 420 -637 -89 -601 101 909 -674 -371 -484 -161 118 209 369 -327 283 -130 -946 385 391 -370 630 -485 144 -181 168 239 -764 -918 
448 -535 150 -894 717 -616 739 -587 -849 -956 -555 660 793 476 808 373 -524 -655 -630 335 -428 -366 691 -813 899 -170 655 648 365 -895 310 -107 -379 38 329 -220 -182 -569 -667 -124 -159 -952 962 -976 -452 -639 38 -1000 -569 -122 896 348 -766 644 500 200 401 718 214 -54 -934 857 -360 -956 -874 -220 917 -462 -724 51 -725 165 -496 192 -28 140 110 876 -546 371 -282 -649 -344 -698 -571 76 -665 942 766 -269 -621 -386 490 -534 418 -605 596 -930 153 -495 
-852 698 -733 423 -796 313 836 -870 -597 544 72 984 -273 -122 2 -735 -344 41 -299 852 -499 23 641 475 -259 223 441 -308 -762 -41 36 -337 898 611 684 331 2 -703 -421 -266 -953 -458 859 62 -891 891 440 -650 -802 791 567 -453 -735 -400 -677 321 621 424 -730 -887 -45 -883 145 -852 496 276 -500 -816 -676 148 -715 -395 -780 111 446 88 471 565 281 237 589 606 -299 695 847 -847 686 -952 25 777 -81 -238 358 -808 818 255 479 -402 337 569 
-415 -27 -631 -601 539 67 334 -672 160 438 -399 885 -797 -813 237 685 727 208 285 -510 -766 -469 236 967 924 857 953 955 427 -398 -715 -867 394 -216 -204 -88 -763 -914 -168 630 500 -356 737 217 615 -35 175 -892 -820 -726 454 -111 223 498 65 -331 525 639 -372 -826 94 -126 -272 762 -218 70 -3 -768 314 794 115 312 -765 894 369 -636 454 147 759 569 563 271 461 530 -925 -795 -454 -823 559 -458 741 590 855 -979 636 -695 -60 -609 499 987 
972 182 -304 -191 891 -106 811 -981 56 -960 397 -196 -469 98 -149 -608 -210 -465 77 -701 996 658 457 -498 907 947 -765 -678 -639 373 -585 745 -531 -251 486 726 22 -20 -191 -120 -124 -769 869 41 378 -91 561 -554 694 918 -491 -125 -753 -919 552 184 -85 680 -335 -905 10 128 526 549 -895 657 670 -511 -140 480 -637 -951 -59 -802 -160 947 -993 82 893 779 393 277 -762 314 976 712 -468 308 -854 847 -946 -628 -902 -330 -981 -116 271 -580 -430 111 
-156 -681 633 -81 -335 623 -489 431 -612 -720 -478 513 -102 327 -280 623 -997 529 391 118 -833 850 723 575 490 567 391 -966 574 -35 356 812 -901 971 -724 -851 813 -840 -133 256 -588 -283 814 34 545 -588 852 308 -800 -802 709 -527 -674 -769 -571 341 490 272 463 604 167 -436 -697 394 448 -89 108 241 441 -749 124 571 822 160 -591 708 -927 54 105 183 682 756 -198 -359 467 751 196 17 253 -320 -206 491 -176 375 -44 612 -262 599 955 356 
-540 -456 427 338 -793 -449 670 867 -630 584 -275 331 -556 -714 -242 587 745 -186 -450 474 -653 -904 -60 514 -255 -619 -772 -711 -345 360 11 767 -846 209 650 -303 -422 -412 822 -704 260 -20 -99 -885 149 -559 -99 -207 239 571 -209 459 -91 762 406 -375 91 -808 -578 697 -541 -228 -156 -303 -91 481 -214 -223 -855 228 258 237 -581 321 -181 -871 278 -955 -710 -195 661 -706 226 -433 -271 -701 -804 677 -592 -477 -435 -15 -869 84 35 251 351 -791 -318 60 
-281 495 -860 -895 -583 -721 57 200 939 726 -184 349 709 -780 -245 103 -104 -876 -630 696 325 -609 -609 -930 382 -419 -378 -711 -69 -698 -874 479 647 248 498 -626 109 -661 398 -395 117 429 367 696 805 988 7 -390 552 -996 -555 -643 23 207 -315 -9 -858 852 265 -792 36 343 -509 -406 -191 -303 751 530 401 -768 -162 530 -768 -75 -211 986 -453 58 -421 399 -414 -1 438 -424 -457 -175 989 -59 859 682 -441 910 -156 -242 572 -651 683 -869 473 -458 
704 87 -982 -629 -319 794 -75 571 -510 -68 -144 -829 928 -57 76 474 938 545 604 -597 902 62 822 -406 363 -116 -164 -467 -605 -85 -373 328 -483 955 901 -382 810 -982 -647 -512 -757 -242 -451 115 857 553 456 282 -294 885 909 738 -922 162 -373 542 -918 45 -522 -48 41 -963 -544 -537 68 882 -880 220 857 -656 494 919 574 -456 141 142 -904 822 -565 669 -912 -829 -18 -295 107 725 -335 -291 872 -925 180 823 -613 -666 -533 312 560 -973 -808 -136 
351 620 187 254 -140 687 10 75 -366 552 389 473 644 -369 -467 -684 -343 563 -846 -812 -504 -848 -872 -438 -546 -705 916 217 490 -973 887 -874 -24 814 -54 676 176 60 132 -813 426 -872 227 108 431 123 -226 606 -163 -737 -882 473 336 -615 962 865 -640 507 84 -961 81 -724 35 -580 730 -312 -483 -961 -885 512 59 657 -204 774 -73 448 -54 487 -457 -584 716 -701 535 267 -442 562 813 -697 756 264 -961 254 -140 258 477 -432 272 -612 -229 -897 
-712 -434 -949 -584 -852 402 723 65 -870 -536 -805 964 -18 -659 131 -495 238 -74 233 620 -8 -677 -86 138 -586 695 363 -752 746 537 -40 -998 -21 384 737 433 -347 -346 794 862 470 499 949 -899 -493 -794 -92 -353 144 -130 478 -78 -947 -526 893 669 356 -236 -653 -844 -113 -965 -772 -569 -450 -952 608 -257 -674 17 855 -623 266 -197 -169 -281 488 233 554 -291 -850 -516 279 -62 397 90 -187 4 653 451 -328 70 -32 -96 -938 -496 767 939 504 775 
-662 -291 -721 -895 -241 82 604 740 -514 741 812 227 570 913 41 -760 -621 189 366 -218 -385 541 415 730 276 339 -27 -222 241 203 -558 -279 -822 337 -712 -7 967 808 475 636 393 937 -646 274 -197 -261 924 644 -404 112 381 142 -252 -864 432 464 -242 -871 -880 431 446 773 -249 193 336 486 914 -266 230 730 749 -609 -515 -272 -474 -539 817 204 565 99 -898 -108 -564 -453 591 -123 198 -506 -988 -546 -795 865 832 6 711 -420 693 -489 98 -357 
-419 211 -472 385 974 787 -741 -968 33 764 417 723 309 -220 -318 422 543 649 -608 -383 -951 -582 -145 600 867 604 266 132 -646 446 -384 314 85 -23 431 -721 -35 -786 -187 20 632 -495 308 703 -589 -852 371 -689 -727 -435 252 8 -453 -914 495 -371 -575 131 -101 -829 -577 839 586 -728 -461 -450 22 751 68 -853 877 -747 -100 366 268 -384 127 195 -870 748 -209 -131 -63 643 -226 894 32 473 534 -814 119 -696 -337 -9 -395 987 -372 -337 126 -515 
918 953 198 671 -205 -170 -298 781 583 -958 -655 -48 77 -71 -278 -859 -610 869 321 -243 -412 -868 -691 723 -209 159 -598 565 -715 -481 -963 -928 -598 182 587 -628 -552 -654 154 958 51 -966 455 -511 572 -904 530 -835 -914 -721 -785 -686 677 -305 363 -725 -585 617 -959 -193 -742 -177 534 655 -620 260 750 283 952 188 -522 -628 -590 -421 -126 -509 -310 481 -348 339 -673 -818 -228 -791 236 -607 -58 111 -99 67 56 867 -441 36 -788 694 882 632 -528 642 
684 198 -570 879 27 198 840 -487 345 240 44 754 906 393 -842 -384 -131 -265 -10 -756 474 -550 43 412 157 -681 291 490 -665 176 114 932 630 -199 369 -184 -552 -530 -608 -74 11 -930 -963 -349 -170 -333 -905 -964 -182 -518 -304 638 -985 400 486 -849 89 -695 -621 -512 108 -999 -147 -370 441 373 568 858 -13 -967 841 -845 836 581 -614 -260 141 -162 549 -923 100 -746 -159 526 657 -723 409 -857 677 -242 -616 223 -934 684 860 956 -248 -500 868 837 
843 837 280 -994 480 891 -596 -499 -456 546 222 -914 70 -343 533 216 -319 -664 -852 431 249 -409 716 -832 722 -620 395 -448 -765 -374 516 367 458 -432 634 -843 -633 861 82 506 210 -521 -402 421 -56 490 733 -77 659 112 962 -14 978 118 552 664 748 -234 -758 -965 848 -613 692 -46 -117 899 60 -875 606 -846 86 603 -62 783 -794 -352 792 655 63 -378 -725 689 -527 422 -186 217 -677 144 684 -161 68 -566 846 513 -685 945 801 252 832 762 
551 724 -897 -573 439 592 -678 -73 -337 759 -154 446 344 -370 984 658 -441 -221 -666 855 -630 965 -326 260 -307 417 448 839 -6 -435 373 -949 242 -921 750 739 481 160 -975 -644 791 -953 -403 -895 89 266 -808 -844 -432 209 -209 -521 -884 579 862 -365 894 -641 -44 95 961 -478 716 -495 -568 -859 -523 -882 782 -999 706 163 -753 -250 65 320 -192 -642 -563 -30 144 853 -743 -428 -35 518 -268 -104 977 -977 -831 -568 340 -571 -262 316 -1 -337 839 -92 
-901 599 831 -594 73 -864 -389 992 -150 -223 -551 -665 -839 -1000 617 255 -961 -816 956 596 -659 985 222 -199 -783 -873 -410 -698 -153 68 -238 -410 761 30 -344 944 -394 -403 145 449 -724 145 958 -450 -632 609 -223 -467 349 179 -537 -583 -354 -310 466 -21 -295 492 261 -58 17 -505 296 852 -94 -524 532 479 845 -56 903 703 -689 605 881 -279 -539 -745 795 950 0 291 -523 -244 -803 -828 540 571 646 -945 -131 449 689 -623 516 59 984 -250 152 381 
-55 -101 -365 477 896 894 -11 102 574 -370 130 361 456 646 -416 572 -89 860 -308 -519 -239 662 -442 907 -697 742 -407 152 382 -557 -693 -394 1 -879 -5 597 816 -54 736 -506 -935 -945 902 789 925 -938 -559 -236 -893 -367 283 869 -712 702 915 -308 352 -665 -380 85 362 -178 720 200 126 494 -873 -301 -812 621 562 570 876 582 -993 284 949 777 -299 -802 -156 -341 684 -23 -674 -390 -693 715 -807 -347 -555 -698 305 25 25 583 579 73 -524 836 
-654 -363 -673 499 966 -183 -890 -927 550 102 580 326 375 -147 190 842 962 797 705 769 -773 435 935 -252 270 -461 -989 268 -507 -396 -426 776 276 -741 417 805 744 733 -78 -48 317 652 438 -79 773 -140 153 612 434 946 374 -381 766 615 539 -116 -460 -851 129 282 462 633 -361 925 -46 -751 82 -570 904 -884 109 -352 -1 -642 -546 351 293 -841 736 142 -720 -378 374 431 -661 863 87 761 -83 32 -349 396 440 735 -134 -726 -321 -292 -608 -443 
-288 952 -586 364 -721 -447 813 857 106 -860 996 -595 743 -19 946 340 -864 -838 725 594 142 285 149 61 400 758 77 560 937 480 217 -153 186 332 728 821 -670 -736 715 224 192 403 840 34 -653 -808 977 -712 -159 989 1 529 -265 775 21 309 13 -526 990 99 -29 219 -409 -420 806 488 64 607 -859 -333 584 -306 -28 -487 999 160 -398 -623 -695 -442 772 -765 743 891 -518 -946 -521 -939 273 93 -317 928 894 261 331 973 160 548 133 -212 
657 336 -987 -801 -563 -597 -558 -792 865 -221 -16 538 -946 -784 469 -131 -642 498 -366 -781 -814 -8 -708 -769 220 140 -624 -661 -313 -946 -714 173 -499 -219 513 615 -936 462 934 -742 -797 677 299 -823 765 -421 597 957 -927 692 517 15 222 415 533 -607 371 -997 469 567 104 503 -811 281 -801 481 975 374 -947 770 388 -680 -630 -861 528 415 -813 294 25 610 -538 -580 -676 267 671 -570 234 45 56 -522 -275 298 -825 244 -767 -909 -647 145 -34 -917 
834 -849 -416 63 367 798 956 -756 655 -519 720 -907 217 843 -569 980 969 -146 -627 539 61 -783 559 891 202 -53 -292 419 924 -105 -130 910 992 -144 -869 922 375 208 595 -566 755 151 225 -608 -614 -769 789 531 415 885 -753 697 -177 -80 -723 -332 642 107 987 -445 -54 579 -779 813 243 -235 745 881 772 489 -49 66 810 733 -104 -17 742 180 919 -833 571 416 6 339 -498 -986 -552 -389 -609 -460 335 -490 -400 958 -691 504 -752 -284 580 -447 
371 -58 307 510 -783 -796 592 195 -383 -414 746 151 -694 -304 192 48 -734 -331 -754 858 -137 548 432 -442 606 29 -241 646 650 355 -130 184 -394 625 420 -509 -984 197 568 -655 695 377 756 -624 805 -866 -795 502 -707 295 -21 -827 -1 931 -571 126 712 644 -137 778 372 -930 619 203 288 -35 222 997 -419 101 -961 -122 314 -913 -19 -428 -653 -544 -711 192 -383 44 572 -207 937 392 891 197 -452 -313 292 398 0 838 -231 652 555 583 -888 959 
435 -272 838 137 873 968 -263 -331 990 849 701 -566 217 665 902 -181 609 -771 -740 443 -563 162 489 -595 519 -682 -625 753 -965 796 165 521 -573 -653 -588 50 -43 727 -197 -342 97 608 3 328 908 -460 375 89 -111 253 -491 409 919 839 -442 -119 941 537 -628 354 334 -137 -160 810 76 -444 -85 -215 860 -953 598 493 884 -562 840 147 -835 195 493 5 964 -169 -547 214 -360 -235 -680 650 -335 -328 -884 576 566 496 724 -905 -833 -926 36 962 
1 945 -726 584 -399 -540 506 72 -481 -373 562 558 602 -913 833 599 -507 -614 364 -812 990 -280 -24 94 -833 385 935 249 804 651 885 -668 -738 157 -522 858 409 -493 509 845 772 956 -681 420 -378 478 587 -882 -377 -404 209 -18 965 -225 -180 550 -933 -599 -222 -455 -435 -122 -49 -963 123 352 -906 5 -309 -137 -246 -29 558 -109 421 -816 -260 -131 -926 255 -863 971 -63 974 -697 516 735 333 -485 -699 289 738 -487 -102 590 -177 -432 -794 -170 -749 
776 -616 630 997 794 -656 -507 -318 -478 -975 6 397 -222 -746 732 266 -879 351 -545 141 413 -388 -872 471 -514 -301 -429 897 -219 371 935 497 -928 -197 338 -199 18 686 76 -571 -753 400 177 -180 258 -396 -892 -927 -440 -679 -461 327 -341 -882 410 487 -645 9 -312 636 -927 471 -393 35 770 -547 658 -605 683 -881 329 265 735 964 -440 -178 -33 -195 94 -462 -970 -763 99 -228 -492 -18 -994 318 907 961 895 309 -284 907 570 709 -89 -943 222 -506 
-885 -513 -131 -581 293 -484 -713 12 -923 282 -218 912 -842 -446 74 -436 -604 303 727 243 622 885 536 351 -618 -980 -475 657 -7 363 509 -252 532 -521 495 -380 -241 605 -364 -950 656 516 918 -215 -877 -170 196 -743 669 431 692 483 596 -852 456 -89 521 -521 -874 -450 87 310 271 -671 387 -76 163 -859 -672 -592 510 337 -26 662 667 -543 -510 911 -847 713 504 -99 230 -578 -370 -464 -250 -306 -637 536 -417 -363 -334 -714 615 945 23 834 -923 -375 
-575 433 899 -928 -699 193 349 -602 -968 208 578 -907 306 -694 76 297 -153 912 -215 658 520 980 11 125 690 44 -355 -581 -241 -848 -177 344 67 167 85 527 949 713 -265 -338 -128 622 -846 868 999 -175 608 713 245 277 367 884 -415 438 -564 -284 -441 -259 -163 793 -58 430 -705 611 491 594 795 -516 -489 -690 -808 -593 461 -468 -490 -415 -56 786 820 609 -513 -978 -788 722 -312 -379 -608 -320 -701 -58 318 -522 218 275 695 -573 465 -57 801 475 
164 249 -777 98 972 -485 -679 853 951 453 -591 -154 -48 505 248 845 324 -803 -88 961 970 -60 -93 -804 -716 -428 -325 22 -94 -629 185 497 475 -249 -874 185 -859 -820 584 -52 -512 566 338 -619 -265 -630 -578 375 208 -822 647 -147 920 -23 -566 614 486 308 -867 -294 612 -122 -938 -71 -32 -684 -952 617 799 -725 294 -449 -483 -307 242 756 -703 321 304 811 829 127 -70 776 171 516 903 -158 -480 -966 570 85 -548 718 621 -297 -614 -278 -436 171 
157 -479 779 -62 270 -435 -607 -458 136 -979 476 -348 147 100 -290 -90 483 -896 936 523 -992 627 698 522 333 34 16 -540 925 -389 762 -324 -647 -875 -640 323 444 102 -335 375 -853 113 559 755 -738 -633 -584 670 64 501 -155 -193 630 858 153 -691 57 -132 -481 482 348 609 -711 -117 -233 846 -345 -907 202 -591 -435 -344 158 -168 97 967 87 -915 759 670 593 -17 694 -55 595 388 153 -841 -979 37 406 -497 815 -501 -537 431 649 425 171 -379 
398 -31 -16 863 -583 -451 -404 -683 867 914 686 605 520 -989 -463 -310 -373 699 -642 372 269 -894 613 782 -820 -795 351 -780 656 -979 -189 -38 746 534 -985 -832 231 -373 43 84 -282 120 45 509 878 973 847 -112 193 664 646 -399 291 -110 -347 -627 -483 223 -356 361 653 -722 629 242 635 -782 165 317 952 -857 -553 110 375 696 -112 645 743 764 75 -237 784 -578 608 552 368 -358 -540 -224 -767 193 377 495 -816 96 181 -838 366 -925 650 239 
644 285 754 -766 396 773 -784 187 384 -57 662 -718 96 227 231 -555 -572 -380 -503 -489 633 -732 -609 -260 -879 303 694 439 162 942 113 -213 -312 415 -464 -498 943 -601 -82 85 -122 -297 -420 -843 -260 -266 -775 -671 -667 -643 -852 441 -328 -651 138 -198 122 166 10 -419 663 -392 -452 -197 911 -175 -772 819 -894 435 242 522 617 -64 -574 -53 209 -91 857 -858 329 -362 -708 296 770 489 -836 784 -751 559 -243 -263 320 569 -396 463 191 224 621 -272 
-308 -427 150 -723 687 -396 935 -717 281 -588 201 -212 566 875 35 -926 91 891 -465 -74 847 565 819 -756 -271 -267 -680 -926 47 -667 -485 -136 558 -446 -39 -247 277 -929 310 -88 -329 726 -501 -192 -977 -300 -284 153 292 359 -206 325 55 -835 -436 374 -382 343 -63 913 -773 623 -392 131 -409 607 -777 -260 436 785 -686 -305 -75 457 -530 -456 745 828 -956 33 572 602 -7 -512 596 84 -616 -329 223 -384 124 74 -246 146 628 -436 -157 635 -962 523 
50 967 678 -653 -454 999 759 713 134 -346 -696 75 -335 124 382 -359 -635 552 -122 482 582 307 -944 515 658 -308 -719 784 703 591 313 916 -404 767 240 -491 438 -925 634 327 -27 -801 -990 821 -240 66 -27 550 2 -557 -610 979 186 719 -93 621 -380 678 -810 656 -137 -89 200 651 -43 545 278 -950 143 -626 437 -754 670 263 410 -249 771 -442 -146 -22 -690 416 774 266 888 859 -68 355 -654 -203 584 -790 941 -943 -568 20 304 -842 798 -648 
-213 -801 -939 -829 386 112 162 251 -761 583 -68 941 -238 940 645 -496 -124 523 -761 520 -303 87 407 -130 740 463 133 444 -622 -465 -642 972 -729 684 -502 -921 220 -294 373 622 954 -805 2 -555 989 -451 -991 -886 921 -849 933 -348 389 -564 710 657 -747 -867 708 -396 658 447 655 -301 -34 -271 -344 -955 232 191 -24 -710 -232 -628 -503 -80 487 -383 788 953 -54 793 465 -924 -68 -979 3 354 -491 73 288 -732 -636 -949 -739 537 963 967 -698 917 
670 -924 -159 -257 754 -941 924 -891 830 -276 -801 -672 -346 -322 -732 -446 -79 311 -542 -557 -607 197 513 724 -986 396 -311 383 -632 898 870 531 496 -399 -725 -605 -818 -433 -138 -763 -375 -730 -838 759 978 41 48 -174 -48 -406 630 718 -271 937 227 -732 -413 328 817 213 -89 617 -355 -445 -914 25 721 -483 262 522 -601 576 -199 -62 297 235 -764 -803 -388 662 397 -322 -293 676 -851 -893 -948 -230 -40 491 -924 254 -482 652 883 696 -819 871 -766 187 
-433 -332 774 -162 532 -421 -456 -173 975 -591 318 974 878 217 622 -165 -321 225 -314 254 775 53 812 -506 -52 304 -553 -520 597 -6 406 -761 931 -26 998 450 871 -543 -136 603 -430 564 -852 -401 105 797 -155 -952 -830 -536 196 -328 165 -716 -376 354 -369 582 598 -177 -934 -104 -62 -323 397 -531 -119 717 236 -13 723 -101 -81 648 250 59 -313 -279 -900 510 -170 340 755 165 481 -800 324 617 403 74 -664 -899 176 826 -881 -611 -886 633 430 270 
751 -693 484 702 847 -989 505 -668 -68 -978 214 -646 -180 -175 -285 902 -187 812 269 -944 -627 -722 -441 -227 936 823 270 231 510 443 741 741 -412 -36 -756 410 -99 616 70 154 392 -814 -139 -491 856 960 -957 428 -16 584 142 -981 -288 583 -891 -447 -637 -834 -370 394 302 -748 -273 311 338 -960 -421 692 846 303 -613 -300 361 872 -122 36 29 -671 -261 -265 -296 223 68 592 -20 766 -544 -345 567 735 324 468 445 577 -294 -85 397 287 462 -997 
-360 -995 -504 117 160 81 -663 -145 -413 662 958 -597 168 15 -116 -683 162 -355 -895 923 -404 32 -305 -731 249 -803 -878 102 596 -379 431 15 -73 587 -500 160 130 908 889 -615 224 -584 443 -282 -163 65 -737 40 -53 519 832 371 74 -148 -489 49 -834 319 -247 -26 267 -642 443 559 -808 287 -483 -528 64 458 668 -357 558 388 397 -768 170 -601 949 425 657 -730 -755 872 -773 623 -445 -842 -973 -158 582 -488 -930 -486 -895 -289 -471 329 511 -505 
-276 -997 481 -415 -648 -297 9 -746 568 806 529 222 523 347 -361 332 -740 110 -848 879 692 622 660 -888 -837 29 425 -575 356 -458 329 -707 460 -355 921 -36 -221 -347 854 416 -417 17 344 -92 -797 588 -389 -947 -891 -182 -913 631 -501 63 -352 342 763 894 -461 -362 615 -448 70 -54 -799 889 -484 512 -168 543 704 489 81 -594 -580 -794 -807 652 945 -200 -738 -232 -167 507 758 728 -374 318 -202 -677 -593 300 533 -129 -799 -78 879 412 -894 -355 
226 -127 678 120 -927 339 -224 193 -169 -447 -187 -848 -940 -645 -777 -140 -707 916 293 635 -343 -38 431 -563 694 -730 -15 451 282 -997 701 382 967 777 353 66 -980 919 751 -719 -721 -872 553 -605 662 -767 -170 729 870 69 470 950 101 -331 -273 19 610 20 -788 790 -988 -443 561 215 -518 226 -519 -403 439 -710 251 197 539 -540 -455 198 -878 -595 777 -2 -11 -196 -692 876 -390 -291 -14 22 178 -280 -981 -212 578 -197 704 -892 463 -125 -761 -360 
