935 802 95 946 430 396 -568 953 -988 -494 -130 559 -605 726 -277 967 208 -217 624 225 -467 288 622 -962 -921 890 -107 -117 -869 -649 732 467 687 851 741 671 -478 -929 -543 -578 -639 -368 -518 -249 265 -554 -723 154 -297 -65 -283 -834 -494 -906 859 -528 622 -748 -849 371 895 -369 753 397 -287 810 -247 694 467 398 339 -840 -911 -810 -565 614 -800 -872 888 -675 184 901 -267 -957 41 -386 667 859 -743 663 574 379 301 875 -528 -37 855 -646 -694 936 
-359 772 91 -127 -258 -478 -175 -775 -162 -856 805 -614 -995 754 875 5 495 -24 -993 -75 -709 -752 519 589 -183 888 -653 886 -69 526 506 963 947 -920 -969 87 -933 315 70 333 -117 -455 900 457 -988 -802 264 -424 -185 563 -292 852 441 104 -638 -181 526 982 -853 -731 480 668 -823 659 574 377 -320 -111 -267 681 -344 -355 871 840 938 615 -827 -819 114 713 769 274 912 -697 -557 -335 -487 -376 -763 -249 -941 76 892 -110 248 224 867 469 650 -328 
815 -630 -184 475 -333 895 -530 -189 944 -913 -430 -459 -74 -150 512 -497 727 175 416 -950 -728 93 -477 -631 -886 98 200 924 851 22 519 952 473 908 878 -36 320 -641 -126 733 155 -441 -755 -537 -750 -533 -608 -233 -915 678 -192 135 -295 -670 -419 492 904 326 -359 10 -819 265 70 -411 147 -197 596 -289 -385 -733 778 -187 731 461 -958 193 631 331 -705 241 -862 799 -864 570 -289 -993 372 868 -510 -564 -272 -470 155 763 -181 754 720 -18 482 10 
-934 -586 682 693 950 -564 931 133 881 -802 924 -242 -774 -902 -610 700 -15 961 318 -455 291 -516 286 -777 -292 62 -998 79 593 -284 36 -573 415 818 30 689 -946 -511 126 822 529 639 -938 -260 315 -176 -500 981 -130 -725 -856 -686 64 -755 878 -799 491 -873 697 896 -204 -18 -137 737 488 23 663 -676 691 -169 -427 124 715 -134 -845 -426 -430 394 911 100 -493 406 -705 -877 298 -249 -98 -852 -41 212 966 -958 34 -26 250 686 707 567 61 -226 
146 -439 -98 -661 -386 581 443 -18 -212 409 847 -65 -175 -454 -117 952 -393 762 -371 -922 337 706 664 -567 -6 -353 -890 364 116 794 695 -469 215 670 -706 574 30 130 -762 -960 232 -804 320 148 -527 145 831 -876 -569 -537 780 -885 311 681 305 616 -425 718 -797 989 621 -969 -487 723 -564 -630 -908 -807 -32 -911 788 -209 -506 645 751 336 727 -934 -791 -543 541 -759 -306 429 314 551 -902 969 842 -498 -875 179 282 433 -826 544 548 927 -239 -516 
-878 -567 599 213 946 -164 821 -400 -231 243 -114 409 -862 944 -614 -556 372 176 -424 -252 20 -216 -772 860 -69 216 907 864 966 647 -364 -353 -399 691 998 564 943 -55 -920 53 -889 -466 -506 -81 853 629 -828 681 684 814 -237 992 386 545 549 -870 521 581 150 -447 -177 -513 550 -103 459 652 -11 454 -17 374 539 405 668 280 266 -973 977 -568 -225 690 -428 -325 239 -88 -607 717 171 -743 228 -263 165 10 -275 -319 -340 787 920 -906 -939 -523 
-854 -343 -39 163 629 974 416 -874 517 457 -930 -958 133 4 449 456 952 -107 -353 -941 -808 -107 462 68 505 -674 -667 220 955 -555 824 -956 686 966 -641 -36 575 191 585 542 -565 -363 823 -554 596 -419 -778 -21 -903 154 -965 -444 625 -284 -872 -505 -56 441 -886 -972 -263 440 -937 84 -739 609 307 -152 982 -708 -292 816 987 -416 -691 706 -971 -749 -608 -954 271 -967 -453 114 299 344 -713 -757 -580 78 419 -908 -74 -260 -856 162 -846 369 6 729 
-44 706 -285 -45 204 -875 383 -389 -903 398 518 758 215 596 -636 -314 -202 -329 -346 286 670 52 459 184 411 199 -724 722 -664 -450 69 356 857 -708 -903 226 147 459 -635 567 -872 -742 -645 -825 -914 296 955 -160 -697 -409 -511 431 244 223 970 -448 252 -208 475 -277 658 -447 385 -580 522 37 -527 744 -947 816 38 103 -765 532 -831 848 -34 -522 -435 -520 -762 -335 889 -171 996 771 -458 552 -282 -123 -924 830 -757 922 601 116 963 -635 692 293 
334 -720 -586 486 172 -169 -184 -770 65 659 206 -208 -954 -488 209 374 -343 -597 540 -819 -168 232 14 -891 -584 -653 23 -589 499 -830 -210 766 903 -377 -590 -959 399 -855 995 -400 926 448 -175 -357 342 862 -466 290 -132 -923 -898 -909 -908 -386 595 888 -178 551 775 -487 255 908 152 446 -764 -186 -286 562 -726 534 97 281 864 534 73 -454 -219 -536 -482 297 -240 944 -550 418 370 -459 691 755 802 23 410 776 -671 778 989 529 -240 256 -32 -32 
-191 751 35 -24 -110 891 497 126 -469 -342 -690 536 336 487 -65 913 -679 -366 -90 987 319 -446 -40 467 960 219 -818 640 -813 428 170 -62 -997 58 721 -167 -469 320 -137 396 -461 572 -42 -449 762 514 -121 -578 541 -476 817 -609 -66 -421 366 -461 -765 -548 -817 -2 -36 209 428 -206 648 262 -912 -365 -780 570 275 422 634 833 -164 231 137 933 721 418 -66 152 -974 718 -292 625 614 851 251 437 -803 -391 -779 195 -96 -612 405 663 -667 722 
-505 -908 244 -266 278 -81 -847 -750 343 -192 407 222 552 668 282 255 83 -685 110 -848 -573 -928 256 -932 813 -687 -28 90 408 944 365 487 258 221 -870 281 -273 -887 773 -533 560 281 -873 -149 -881 887 217 -637 -483 -315 288 -433 888 -443 727 94 -766 -302 -387 983 -162 264 -304 686 -21 40 739 -570 -161 365 237 352 928 -480 -427 690 -57 -988 792 778 -233 -225 931 -329 -753 349 -478 -659 358 -849 984 558 -533 -985 -271 715 -281 -232 549 -99 
-560 -504 -742 50 420 296 -1000 -252 34 358 525 -39 480 -489 268 408 -18 -159 -430 -30 -157 330 600 -576 -595 -342 -863 46 895 -335 781 829 -927 -166 882 579 944 752 -647 -817 -825 452 651 -519 -178 -451 -423 45 294 269 718 337 502 294 396 395 688 355 782 572 394 974 -876 -493 -523 1000 -861 295 -887 -756 733 863 -282 -239 -129 934 347 -832 114 -943 766 -93 286 -469 -172 642 233 283 95 -872 -671 385 683 889 330 -939 94 330 441 364 
-961 -630 -825 -970 500 -520 202 654 -274 350 299 -547 156 439 536 932 971 202 -168 97 -437 593 -737 81 -784 789 -734 950 -91 -426 -493 985 2 208 -341 600 -214 456 372 258 -518 600 884 -953 453 -874 48 712 -839 -576 569 408 522 32 -453 -317 436 977 -382 -536 -356 -855 -649 651 -776 -686 680 -522 890 -407 491 -637 894 258 -139 693 -315 429 733 -926 -79 481 -921 207 -766 -928 137 884 933 958 -627 180 -638 529 176 -407 -276 -873 -599 -512 
924 495 -673 -947 -313 -489 679 893 -476 607 -371 -149 -1000 -881 284 508 -876 -503 -611 929 -512 935 270 -353 -248 215 -731 21 -589 55 177 -830 753 642 -812 440 -842 305 775 -531 445 789 979 -88 181 -674 884 89 992 214 -403 963 -768 -732 302 -407 -28 -132 -327 504 498 -654 -100 778 891 -217 679 -309 -719 474 -73 -932 -44 -500 -145 -335 429 -778 90 -248 -90 299 10 96 421 -253 461 371 -365 278 -87 -282 346 -658 -669 -372 747 -566 -11 878 
-920 206 378 -573 944 -529 25 107 6 621 206 -43 -306 720 -155 -864 -674 429 -498 62 741 -837 -615 437 843 -401 182 -850 -763 712 -224 -223 -400 643 -80 -718 -58 -948 -456 828 -933 743 -843 357 899 -853 539 322 -652 -792 -491 -548 -101 -330 -670 313 -881 -502 542 765 588 470 -701 678 -884 -353 184 662 677 -576 -911 -513 75 857 560 -182 779 -367 -198 865 -898 -571 767 237 -220 247 -544 -186 -729 -416 789 -47 942 223 467 -585 841 -695 450 414 
-853 182 206 690 113 800 560 -917 348 78 14 676 -133 85 795 -342 738 -999 -581 556 73 13 511 -664 -59 -420 681 -599 -994 262 -793 -613 3 -282 206 553 951 208 -356 -458 -80 415 486 -442 -882 833 168 -710 -100 -900 -214 -143 -443 44 -740 -963 917 248 634 20 136 -794 100 304 761 -167 -411 -528 675 427 852 -118 160 -619 -85 286 -134 402 623 552 914 -922 -587 432 -901 -122 239 934 748 314 365 760 -731 205 -775 77 -881 265 752 306 
492 85 -226 -72 -31 -772 -485 112 223 79 817 -405 602 -240 642 900 -366 89 -20 -745 -999 -799 513 -899 -632 -417 -608 918 -26 -160 -534 74 400 -960 133 655 -733 256 264 -670 -405 -620 608 417 367 -277 -95 -43 -623 176 -664 186 89 972 -858 -188 -343 105 249 47 5 657 761 -559 498 -42 -618 -799 -287 -869 283 -578 206 -399 -567 240 -516 790 -518 -888 -546 -224 -200 -224 8 -489 227 -110 668 209 442 -198 972 775 679 -310 773 376 -358 -440 
-861 543 576 -503 271 152 -207 192 -131 -2 -53 -749 237 994 521 149 -279 -553 -321 756 -102 540 203 -370 177 892 943 576 -344 -601 769 838 -519 182 803 840 226 -417 -100 -911 -417 -123 294 -97 375 -879 854 913 -46 154 526 307 -454 371 867 -227 290 -322 593 -241 -980 892 167 -69 -154 630 -966 -608 831 -897 296 -234 -202 -803 -662 276 -581 -58 -977 734 223 -569 129 -934 -540 161 -855 122 -781 -406 27 743 716 259 -384 952 -321 -118 -9 -320 
-845 170 367 -891 -394 -848 -212 969 293 -76 -79 -387 -294 944 -885 -429 -226 -67 198 970 -954 -486 831 743 741 -488 -735 680 -401 -314 -583 136 -816 -413 346 461 938 -755 89 -655 221 972 200 157 751 685 122 -937 496 -106 991 -359 -161 401 456 -984 92 613 -141 850 -466 -684 31 -672 103 72 107 -411 617 -76 -457 -3 332 336 -942 -385 624 75 -450 -897 634 46 844 -401 505 88 740 485 -864 238 570 381 -396 -963 548 862 278 855 196 -612 
-512 -283 537 533 -460 382 -934 832 755 230 951 119 -145 -229 -731 378 133 -259 -757 711 625 -978 -715 -708 -718 -885 182 -933 -937 -705 -615 -224 662 762 96 -31 954 -327 -362 611 -522 869 495 999 -385 -318 -271 -223 -102 178 914 -906 927 535 801 -752 869 766 -616 -814 668 -556 -777 -511 -683 111 406 57 -321 -206 634 -477 -583 401 229 567 869 919 -72 430 543 494 -245 -914 -806 -721 581 -838 -589 -478 -552 778 -295 638 -110 741 193 741 765 694 
805 -839 -118 -871 -779 -743 3 404 -710 -288 391 45 -861 928 249 171 -562 -83 -934 430 -144 206 -820 630 695 -29 -322 -189 -108 -673 -348 -167 -637 935 -348 -202 -925 -486 433 481 -265 763 534 -671 -25 -724 150 836 762 -571 -376 -209 534 -602 125 -341 -917 578 -344 -309 -742 718 588 720 584 -221 -156 -930 162 -854 -458 -885 -372 -857 -801 -501 -558 926 221 -289 -956 -997 -716 240 897 -297 747 886 -842 549 633 -278 -739 -724 82 -64 983 -866 -275 120 
873 598 933 -838 -868 -970 -644 431 127 -641 771 -681 878 -527 -479 -190 38 -266 655 479 -230 -608 526 -892 62 982 -840 -937 266 -807 392 363 279 171 -713 338 90 -195 931 -933 -817 769 653 -757 583 -768 51 -673 -738 792 526 303 230 -525 46 -960 194 -738 -602 -891 27 973 -628 698 -925 741 -863 679 708 938 -742 -646 320 -178 -150 373 -3 -398 -708 -113 -842 644 -47 15 -523 202 765 -829 -530 907 -605 -737 -578 -821 704 192 472 -654 -821 928 
-667 -521 149 -730 -355 -293 -854 167 -118 262 163 -899 306 -521 -868 -35 -512 823 -592 -216 979 504 756 379 -720 -701 -742 -396 765 -232 -295 -785 -644 865 773 -842 -400 398 -996 -314 888 -725 266 -507 289 499 -81 182 474 -736 -54 -247 124 203 208 -101 99 547 -637 811 652 -491 49 590 453 -649 930 727 -524 153 962 -920 -284 -391 -516 329 692 -680 -421 -412 -270 -755 306 -172 666 307 922 598 -702 -405 -407 -322 -410 591 321 -893 -813 391 500 908 
657 -65 -293 773 377 790 -551 559 997 -854 -484 -672 396 362 -805 132 977 490 896 -452 646 662 -785 718 147 -404 -740 -172 629 -597 450 -525 -287 291 -357 -872 -157 -862 -889 -521 872 166 790 218 931 -456 247 -155 -527 120 991 459 -709 -366 907 828 886 679 -82 -636 -141 958 -913 380 -439 647 -717 -80 965 -147 -853 -603 411 -683 821 971 240 -164 -639 98 961 466 -310 794 -764 616 -470 -896 583 -314 733 644 460 -323 -605 58 -846 606 -140 -614 
770 362 -303 -117 -928 581 286 -407 650 -572 636 837 270 240 -592 889 903 135 996 -939 244 380 -627 711 182 -663 -403 360 -997 -328 608 717 -786 -31 955 501 306 -448 -641 -337 41 634 652 350 920 48 79 -516 -322 534 824 521 818 -803 -752 -389 604 -511 -857 -979 -183 655 963 320 776 133 -425 686 102 835 -186 -623 378 -639 544 428 -852 -354 152 866 986 778 -542 978 -876 -335 177 495 489 -827 834 8 -2 831 -868 287 755 97 68 -546 
926 101 -657 -303 148 463 -830 509 -688 475 -593 -570 569 271 -1 128 26 872 360 363 -131 -355 730 859 -574 -581 -585 -32 844 -62 368 -451 489 -741 -415 88 -324 908 -634 670 -209 648 -902 -117 -783 -768 -200 5 -2 -617 369 749 763 43 884 731 320 -965 121 -476 761 -806 -159 -22 642 -304 -681 -579 -568 31 -44 412 760 479 519 -722 -463 104 724 314 -765 319 -728 -523 -906 541 -723 -492 -536 401 225 -648 -307 -741 550 190 -488 -424 -288 511 
-939 -868 688 -906 -978 -497 -648 446 -443 -404 302 598 -486 -583 -432 -651 -321 798 -6 -75 533 891 -855 -710 919 -377 -191 115 -508 -129 77 278 63 509 555 -743 31 -251 66 -20 -15 7 611 -104 -493 78 418 -513 -413 -553 333 563 484 -52 -778 -787 -331 34 -388 -863 176 -898 555 571 531 -854 228 -942 -865 203 -944 -799 -693 -545 306 -361 -343 991 -74 29 -814 644 -497 618 641 -715 873 924 -206 -722 -381 878 -373 370 939 920 439 32 -92 858 
829 -38 -791 -828 -560 -465 -493 973 763 769 -752 -834 257 284 -336 59 -964 305 332 -847 -570 -899 88 -961 -148 549 -924 97 452 756 -460 -917 -850 884 539 787 753 -573 -510 -91 959 -793 -517 447 287 757 -178 853 -39 -357 241 -347 -591 -996 -928 687 984 -637 -363 100 -585 -876 -167 901 -53 -180 416 -788 -352 12 -455 559 -746 322 -75 875 -895 -926 -372 -339 526 458 490 224 300 -333 444 -320 -859 177 -510 -797 371 -746 575 -424 -171 119 794 205 
286 728 -473 -823 487 -516 -271 -604 -767 933 829 -562 475 -279 229 -367 341 -123 186 325 -703 -461 606 -108 485 523 565 276 852 -244 -250 -324 736 -468 761 -356 594 458 724 -312 967 -481 821 -475 -931 687 56 -222 929 -946 704 -826 878 2 897 -741 878 -108 -523 572 -291 -29 -852 494 169 665 -628 -155 -370 779 -982 -101 472 -743 -308 546 912 254 691 -260 205 -350 951 342 -849 89 -962 -782 545 -980 128 -333 179 -82 260 -130 -538 -880 4 215 
599 -881 -254 972 -451 962 606 593 104 -942 -691 -487 560 342 -425 357 -407 333 -265 -483 273 370 142 821 -160 668 -840 961 25 360 187 -56 117 -131 -819 -746 477 777 878 -284 350 773 932 -669 -772 961 -955 857 922 -784 989 87 -495 111 -418 -835 -767 -498 -19 501 -732 401 -564 217 146 281 -858 567 -208 873 116 421 -644 237 505 -516 -593 475 -579 -85 -712 -485 -829 -56 72 217 -941 -477 640 -518 -912 -307 -821 100 830 588 -235 173 158 -19 
691 -712 -938 28 -960 -644 -529 373 269 -513 -591 530 293 553 970 436 541 906 -196 222 917 -83 318 212 776 286 338 826 -947 -797 594 -240 221 -660 -788 -556 981 687 118 692 -412 -215 -240 277 -389 -651 977 -477 -955 845 505 -248 -483 510 647 -826 -579 588 77 845 -258 -390 484 -703 -358 -895 125 -763 786 339 -989 213 -539 806 573 880 -45 465 -447 -405 71 -93 838 956 456 -57 374 -71 -608 -521 -964 63 935 -759 205 -85 -993 -166 -510 -717 
-673 -712 176 -558 759 -924 953 -420 -520 465 488 -76 261 -449 198 -641 -692 -199 971 623 -452 -978 215 65 827 323 592 800 -613 872 954 -765 374 653 -304 90 -501 -655 448 -758 122 -309 595 -823 -944 -321 -927 94 -597 977 -470 239 -462 -335 -346 750 454 453 -67 151 445 370 -30 789 -676 -123 822 622 537 -907 728 -336 -181 969 696 -514 715 -384 744 283 -261 -618 8 323 -298 -175 -496 361 435 66 -319 -815 890 -793 855 812 -125 -374 -815 432 
316 -429 643 380 532 395 -502 427 473 165 -798 520 -745 -980 373 181 -266 861 637 871 232 -674 381 897 -594 493 246 -59 327 23 -848 38 931 524 534 133 909 -420 856 -814 -625 -995 -770 -746 668 -926 346 -256 909 629 -806 -153 920 -530 458 -731 -633 510 -111 -124 -518 -897 -330 -646 232 451 -107 584 38 -40 -577 562 398 903 865 -222 790 623 -478 -240 -139 978 -254 -819 13 660 -102 256 -709 -342 -361 284 -952 -104 -431 -217 -950 -619 115 81 
737 516 475 898 454 -874 985 386 -409 335 -231 -119 -663 -303 -586 479 228 694 874 -630 833 -324 527 900 555 910 -459 848 370 156 -59 831 673 827 -9 -559 -315 322 -235 607 352 -334 828 293 -589 700 410 688 586 -394 -662 -415 -689 -64 434 -160 -466 -124 780 104 529 733 -956 -299 373 -591 -351 -563 513 686 -545 -121 -675 -778 -756 -713 139 213 -92 -976 499 -739 562 -73 985 -182 -396 808 773 916 -663 932 -217 538 819 -623 -316 -439 -534 -34 
217 84 -364 527 300 815 -963 -690 -849 -559 -453 434 -952 -542 353 -61 196 549 574 -388 751 -268 -829 648 862 -492 -511 811 -22 106 463 681 -631 609 385 -764 162 761 158 -225 -867 358 340 -594 -277 310 559 734 718 -216 287 -651 194 -382 908 -392 -937 773 386 -569 -774 -388 237 -688 -654 828 -961 195 -203 667 -976 -698 371 731 913 -656 501 -111 -835 356 -90 651 -558 848 -904 829 491 -523 -941 982 681 -793 -234 -865 -929 99 868 616 338 15 
831 43 -196 -87 -508 746 -185 -712 588 858 -259 -779 -556 -957 515 -682 380 186 921 -146 700 936 234 986 -941 540 -605 -478 -433 210 -109 15 -728 260 -386 -607 -671 316 -808 575 451 -719 -119 187 -576 39 -208 81 -544 -766 -971 -129 -446 -249 -391 677 -998 993 370 -97 -874 490 -888 8 -864 -728 578 -820 -658 -622 -662 -4 -682 -322 763 990 570 -768 -957 -839 -345 -948 -50 105 684 -109 751 696 757 -725 -228 17 -978 536 664 -620 -966 -546 596 730 
-847 37 -523 600 -946 -368 -839 -155 -133 -855 676 -705 -727 150 773 840 -874 -508 317 -169 328 126 -176 -713 -299 -440 -658 644 -664 -417 -726 698 316 -128 -520 452 836 -29 -694 -55 471 -221 84 -996 -445 908 -135 337 214 404 32 -480 -153 847 -169 -907 -353 -914 -89 -989 -863 -516 -954 -907 180 -800 -472 -631 -826 -522 -91 -484 -60 717 -162 -848 -344 -282 -280 636 -848 160 -630 -965 667 936 427 759 607 878 -947 -371 -681 10 19 134 -513 910 -69 989 
414 628 633 298 370 390 -26 -372 -230 819 834 699 93 133 428 -26 469 -364 -174 -493 793 611 -354 -982 32 -682 1 926 364 -680 933 813 -263 -700 -851 35 724 -328 607 637 -300 246 -803 -943 302 75 571 -832 -818 205 -916 -553 404 -613 -637 -390 -146 152 911 -482 656 -457 480 757 -842 273 318 92 -105 85 815 -917 -144 169 233 -18 -676 652 196 608 934 -631 -977 756 -853 823 571 778 763 -420 939 -590 -882 96 -680 -536 377 -591 -893 -580 
63 871 20 334 735 595 722 72 207 -700 376 -909 330 64 357 -493 982 224 -644 957 -514 -579 632 -255 834 -4 880 444 -823 -147 487 110 510 213 -620 -527 517 907 801 430 -755 -203 -312 345 795 354 -880 -904 799 -334 -406 21 391 -429 625 -461 -280 890 173 736 12 -672 88 850 947 693 -206 -199 275 -653 -759 -113 -371 -287 394 -391 686 571 -310 352 -776 -573 -257 216 452 451 129 149 555 276 -963 -388 -963 696 982 892 188 619 45 329 
-686 376 994 -358 -864 -177 -646 989 246 298 -441 -366 481 971 359 921 -48 -187 136 -158 943 -899 135 -672 355 412 752 -125 802 394 -637 -223 -898 -4 -131 -296 781 -642 79 740 752 -1 592 684 658 -974 -943 -226 907 31 -411 -182 966 13 339 -661 -210 253 625 591 857 -688 -134 832 -105 846 -728 435 -488 2 -961 79 -234 -547 462 174 92 884 -287 517 614 943 -718 732 -402 -549 608 -589 -233 366 -47 -877 369 -297 190 382 -877 86 -383 26 
739 -980 583 -245 -830 37 -760 695 922 84 413 -33 -946 -863 -653 -912 688 -141 759 -186 -285 -225 -998 310 -210 -331 973 958 372 774 -709 -183 -88 -839 -162 391 474 337 -333 334 9 213 639 86 -434 -441 946 -230 557 77 -288 850 -454 740 224 915 -320 -721 -321 -128 -678 843 -645 521 -136 792 602 -383 -182 -61 -246 326 -3 817 220 571 -918 -685 430 486 626 -888 255 861 403 -435 134 588 -819 181 -752 -770 -181 -493 -284 67 883 -27 -419 -514 
-130 703 -941 -232 349 -524 -106 775 -756 591 -350 296 36 -807 547 279 150 -372 -806 553 -821 -714 -83 -10 -713 -312 -687 -595 944 -357 -216 -599 -350 -506 -914 475 299 -273 387 -332 -137 560 -252 131 -489 60 825 367 443 -655 95 -821 320 -682 -535 -386 678 -835 720 559 -487 -94 -516 -390 -66 -615 -189 -93 -988 -279 -207 -380 142 -84 511 184 618 -256 999 53 363 613 -668 105 126 362 -705 83 -744 -654 191 -582 -932 -849 -203 410 -84 -161 -468 -531 
-98 4 301 -900 642 242 203 -591 834 345 332 603 -342 -16 353 219 467 801 165 -974 -77 125 294 -487 -969 -323 -469 -251 -71 430 486 349 177 -619 592 196 479 527 -547 821 -764 -938 -661 -145 473 -65 -800 739 -121 147 -208 -490 341 -290 -448 -771 -698 923 868 -414 560 82 -710 -295 175 60 -303 591 -308 -793 931 608 185 -415 -153 -408 918 -290 288 423 -373 404 191 809 262 -948 -227 -342 278 -729 434 -765 -482 -420 90 808 314 155 -729 998 
497 7 -580 -180 956 353 305 -808 -619 99 -464 229 -767 -783 294 202 988 -611 23 608 893 547 -496 280 -644 -788 -454 -357 -39 265 863 -773 823 -874 355 618 960 -804 -851 47 -535 -488 155 -614 -42 250 -611 -230 669 -668 497 -351 -30 -705 103 750 956 146 479 -382 852 11 -634 407 -250 183 -469 -636 -126 -885 568 -477 -880 19 236 745 180 998 197 535 -155 -124 -494 -825 346 651 -480 -562 -451 -38 -381 -920 260 -243 -926 -868 578 -195 464 472 
417 -330 -35 63 933 -446 704 -962 -918 -548 -2 -201 -278 67 -772 830 516 -388 919 560 402 406 -156 -7 971 192 859 -25 -4 670 -70 923 -472 -273 429 796 569 132 -712 567 -646 378 754 -815 -201 58 -107 465 241 19 -180 364 327 475 588 -1000 -245 642 349 -715 660 -988 -97 890 -96 -334 221 -53 -674 600 255 340 -917 473 -950 -542 279 569 133 -898 -735 765 531 263 842 -95 -713 -463 -935 -927 -349 78 -738 -434 375 799 684 -100 9 -775 
416 -105 -898 -317 -130 -782 -790 361 -149 920 -971 320 792 -980 612 38 -560 -319 14 -335 -927 491 483 -713 -71 -531 549 -810 -166 13 395 -706 -975 -667 -423 -853 -843 -833 -116 936 235 980 324 -57 475 -244 -787 748 -669 485 946 610 -312 160 896 -380 -90 -821 235 965 -622 -184 731 875 -816 -746 -829 -148 -777 -682 -423 -667 418 845 -684 674 368 -325 -778 589 -179 441 -391 457 -801 -175 -801 -984 1 845 -848 195 1 -813 150 175 387 365 -160 -507 
65 -936 29 622 -461 205 -280 -748 -328 -387 -877 895 -242 988 -955 -795 -324 817 965 -515 495 218 322 918 866 -277 253 -855 480 -859 904 -996 356 -961 112 962 -210 -637 757 -120 611 634 -960 -711 -931 289 293 -260 -810 -731 -172 949 -819 97 798 -71 -206 -702 -674 482 -461 373 -739 -17 -139 -584 42 -467 961 -29 -879 503 -400 -699 551 -517 386 -26 898 910 309 262 -433 -44 -65 -761 634 -577 -34 955 898 192 352 -296 -799 -847 -91 642 -802 -957 
895 -454 -925 575 739 -735 769 -294 -250 923 7 -233 -932 413 -230 827 -914 443 -203 -444 37 -375 -769 -41 273 -960 -96 -617 841 -364 -63 -399 -664 567 199 43 388 953 531 -961 -914 11 69 325 -243 960 569 -373 488 659 921 138 951 689 581 867 -834 736 21 -149 133 -537 67 992 733 -917 481 412 950 50 172 787 328 276 354 -224 -909 603 -26 89 -861 -135 -613 0 -908 -94 354 -977 -12 -741 -122 -701 -125 -278 -343 909 878 -659 164 -191 
37 158 728 -157 -693 -263 -195 -82 648 908 829 765 360 -447 -686 837 656 964 -996 -885 782 -521 -390 300 -408 -449 -868 -979 314 -3 -980 -789 213 615 324 -124 -74 709 623 -799 -507 124 940 998 65 776 -72 469 -26 -144 -490 -617 710 664 -310 268 -251 522 -642 694 350 660 -676 -896 356 -166 940 -787 429 354 -219 -259 260 310 -617 -739 281 374 434 -78 -667 -923 392 657 967 -328 -225 794 47 800 368 -256 -568 300 626 -161 192 915 48 -395 
111 -220 903 -106 258 72 774 -227 -711 -592 -152 484 -169 -370 35 188 515 -788 -924 -451 -42 16 503 925 -679 -403 -53 739 903 241 809 -558 -912 906 -242 134 -786 -926 -506 602 959 -14 552 552 -191 -433 232 -647 350 -573 -833 576 916 515 -306 -516 490 -570 741 -533 -575 69 24 -256 793 334 804 541 860 929 -766 -557 412 304 621 -3 -283 -283 -458 677 -412 865 -279 -17 -904 -382 620 -272 -982 313 922 -263 7 -438 773 -31 -541 880 855 -452 
935 -655 712 218 396 195 -717 -551 397 807 266 -990 145 -277 967 -673 195 -983 -227 -912 914 -128 898 573 733 -654 -851 202 -664 467 -183 56 876 43 -784 -684 90 49 275 -197 300 -206 248 535 -642 -249 5 374 -493 110 250 791 -274 275 -617 -4 -635 837 -136 661 -167 810 -190 -338 144 691 722 191 -831 195 -509 465 790 29 207 -870 80 -742 229 -273 536 -903 -781 368 29 143 688 -25 621 20 854 334 -703 -271 732 -300 -622 -55 -215 238 
-127 -258 -478 -175 -775 -162 -856 805 960 247 -834 466 358 652 -305 -883 224 -709 -383 507 511 835 864 -820 -610 123 -980 -540 -927 -832 325 167 454 809 -967 794 8 230 -731 -56 269 -16 863 872 0 -181 622 32 -21 741 797 -722 459 131 782 -368 508 -442 -761 -546 548 576 302 -385 995 -411 336 -472 -155 755 194 -439 499 456 380 -97 -31 -190 904 -968 -373 981 768 -961 -795 -812 -469 -610 -212 579 -824 -244 -217 -395 -65 982 495 -833 231 -610 
-238 -333 773 722 -670 -539 -896 718 -322 -214 -459 -754 -86 -531 126 -595 23 897 -256 909 -631 -784 -819 55 -592 -414 851 -639 281 -799 -128 474 657 -222 -777 101 584 997 672 58 -174 -875 -608 -92 -301 -633 739 -295 272 -735 -835 -687 973 -791 -155 750 169 -965 778 -232 -665 -326 188 -925 287 220 -543 -148 -613 -958 168 -109 684 -602 -119 335 799 -864 570 -289 -993 372 868 -510 -564 -272 -470 155 763 916 -518 720 668 -148 -620 278 -144 12 302 880 
617 -754 815 354 -361 460 -50 122 144 -697 -276 -129 -885 448 -347 -46 897 736 -454 -200 143 -761 593 -353 -769 415 -391 316 -31 -18 817 818 469 663 -598 986 -182 343 -423 507 110 -319 -845 -885 -417 -511 592 -999 979 742 932 41 502 -743 837 -417 -772 299 506 199 -914 250 707 -4 145 5 593 814 -355 449 310 -254 607 390 -16 144 898 280 270 -239 564 745 -381 -347 347 -423 -837 -424 394 5 160 253 70 923 622 927 387 604 503 883 
-319 -351 -977 -865 924 -50 -757 -785 35 303 669 143 -332 402 -625 -335 -759 362 79 -121 -540 688 -207 825 -457 275 475 -662 -636 530 -822 -43 -835 928 671 -536 687 495 -783 -466 284 415 -313 -742 -10 528 42 -612 -392 515 -79 531 -648 370 599 775 -404 825 171 -412 -939 330 899 149 -400 -341 -19 968 -139 -226 -11 -557 -419 620 786 -260 -36 807 427 -85 917 771 -75 -613 672 796 344 611 -962 241 614 -429 -690 781 565 -284 155 -544 -338 373 
523 760 318 599 -621 438 962 818 569 786 -90 -365 278 171 -920 -460 169 -871 -875 -247 -758 -171 350 -56 -963 857 -498 -986 -115 702 868 -734 -862 670 689 830 581 673 636 -921 -648 -913 -999 954 999 111 -704 -728 823 836 170 445 199 426 957 -130 -846 -845 308 -883 -784 767 876 -773 -558 982 840 257 -52 580 -24 952 537 274 -776 441 -765 -708 725 147 126 397 691 894 -871 -920 -845 956 462 68 -249 219 -758 -223 -408 350 -687 947 -918 -795 
-670 980 -484 374 356 -243 -404 491 -836 -957 -189 -354 -859 -828 1 911 399 -640 -284 362 -846 -607 -861 -58 91 726 -937 -724 -446 -172 -392 982 -708 523 47 -255 -692 791 334 73 296 -950 -547 68 228 -736 299 344 -713 -757 -580 -84 401 415 53 -66 181 516 -880 723 -539 263 345 501 870 -406 -875 92 -650 -550 -723 945 -738 564 676 890 812 230 -966 -334 543 -640 -645 440 425 -801 214 243 -21 718 105 292 243 368 -25 -747 436 25 -367 -714 
554 204 165 -965 -137 687 -726 -953 584 -694 846 852 127 21 69 -894 365 215 -380 580 103 448 641 -818 608 -212 -688 -527 485 -767 426 531 75 66 519 132 -851 -853 912 -13 329 -271 -285 370 -379 -798 -339 -763 952 699 273 -856 -124 789 232 -215 -254 -648 -994 77 293 -720 -586 486 172 -169 -745 624 -27 622 993 -170 588 833 953 456 466 -531 171 -455 330 246 435 324 965 358 770 -218 -952 -589 -801 120 904 -342 479 655 921 -660 -805 185 
-397 -513 -554 933 90 -437 161 643 633 -32 608 -671 138 689 -362 -462 695 -397 40 -774 -590 437 -950 -294 -451 -612 -715 -326 523 399 600 578 -847 -298 192 665 -515 307 796 -874 882 -974 -385 370 -459 691 755 802 23 410 776 -671 934 -525 -240 256 -32 -32 -191 751 35 -24 -110 -776 -921 867 538 211 -947 931 657 249 -414 452 -37 -565 -90 -917 441 -436 -537 245 708 -939 45 -114 968 -282 -800 949 -79 -34 54 -493 298 437 214 176 -157 304 
-858 -270 -959 148 886 864 427 62 559 -533 -421 -103 766 595 29 37 -646 -261 372 765 215 424 584 332 667 365 741 751 837 502 -979 107 -811 721 418 -66 152 -974 718 -689 42 -624 -125 -473 -38 -166 -442 37 -105 -271 957 -427 521 -854 722 -412 636 250 33 -120 743 181 589 928 -651 -495 275 -638 -703 891 781 762 -491 51 -25 -928 -932 813 -687 -200 -658 -911 -155 540 -936 221 -309 945 480 773 -533 516 -718 -874 897 -647 -975 54 200 -779 
-908 -291 165 848 -79 943 -870 -234 410 -888 -430 222 -752 749 -955 503 -701 -401 -324 -235 906 -933 -176 904 158 631 -954 80 765 -73 -28 -639 978 30 -648 -680 -257 493 -317 521 -441 558 -533 -985 -271 871 242 -981 849 -343 -720 -490 120 523 85 -32 512 862 -20 -808 -722 867 876 463 216 751 572 450 99 448 -288 713 607 94 -877 -190 -59 -650 191 -932 -425 -701 103 -729 -636 911 -481 44 -534 -951 433 -269 -57 -971 -630 112 354 289 896 -276 
724 337 294 396 395 688 355 782 572 394 974 -876 -621 127 110 939 131 621 262 -819 -282 -51 -706 -68 175 595 317 702 720 -872 855 -144 254 -432 -415 -14 889 -133 925 878 562 -162 -224 560 -194 -864 736 -382 339 542 388 941 19 873 -908 -86 75 182 -567 620 791 896 -265 987 -232 -488 422 97 -939 -598 -357 -435 -301 512 644 -52 871 208 -429 806 25 -341 921 960 456 -192 -674 949 -78 991 381 43 -390 890 -272 -730 -918 729 -2 102 
684 -166 172 969 507 -306 -500 686 826 162 -574 669 318 -869 -881 851 985 -32 491 -637 -192 -987 -154 93 956 439 -228 -258 -167 -538 -657 -646 580 986 23 -432 184 -670 130 -367 529 944 968 -276 -453 934 365 244 -32 277 -748 287 821 934 -70 22 -981 -805 -881 284 508 -876 -15 -692 718 -609 -80 92 -248 -731 21 -589 -645 55 177 -791 -780 806 440 -842 -51 -930 -820 986 -939 -802 56 11 148 -225 68 -172 -827 -767 856 -184 373 696 963 956 
-278 924 701 695 751 -299 125 211 -541 -156 812 -671 -359 -70 -745 -855 892 -848 -769 96 390 -223 -914 -451 -502 -548 -489 -992 935 356 736 -971 548 -422 -828 758 364 937 -131 242 168 252 740 924 359 -504 741 -600 -58 946 -62 449 -810 368 -924 690 776 -732 944 -485 -535 900 -219 494 424 -230 292 -312 -837 -682 927 846 879 -346 -336 -215 805 -717 38 -473 -458 -854 -212 -886 -81 415 -423 -318 743 357 899 291 -545 247 508 285 573 18 368 -683 
628 -290 -936 -516 796 210 379 -109 652 -992 520 -616 -934 -892 998 -695 651 206 -49 -604 597 110 -783 -832 921 100 -701 982 -262 44 -911 -82 711 -382 128 50 -649 872 488 -340 -853 -586 -307 -954 -224 -727 -717 -382 -555 -328 -156 591 -300 527 -328 -582 489 -276 619 186 505 -405 76 203 413 724 133 -265 -143 786 179 -959 -876 565 361 651 416 623 518 -412 -126 313 -372 567 -318 130 417 -660 -787 0 919 -515 -392 236 -196 517 -338 -743 -578 -134 
-102 -796 736 -908 -223 269 620 -117 374 868 -824 48 8 -897 -227 -644 -998 -690 342 999 536 726 -247 182 193 -547 219 -244 -108 -798 -831 -79 927 -270 -187 53 279 -925 457 600 -928 952 219 81 -632 289 -573 300 85 -25 -778 -905 861 596 825 -293 -2 -368 -211 28 -226 -961 602 -981 -580 329 -164 -577 535 731 620 385 -425 285 -935 -817 22 -847 -387 511 -520 226 740 732 848 383 -581 113 -344 371 -838 -249 903 -104 -112 136 -771 -714 186 89 
-180 837 -838 626 499 -485 529 -905 -340 -365 195 -589 352 -497 -662 -659 288 380 -676 -846 691 -159 51 318 827 279 462 249 -174 -25 -532 -912 -177 -941 -718 -56 -139 871 922 -439 -195 -818 966 235 368 -895 -88 174 543 331 689 -943 -647 590 -597 -905 550 -905 144 957 -626 -70 62 -881 -492 747 857 -937 413 770 -260 356 75 565 649 434 -170 -444 -768 -946 803 769 226 417 435 282 -309 311 748 -268 41 -723 226 -419 718 -502 -889 307 371 867 
-227 -456 345 980 -771 -688 43 27 36 -891 28 -638 252 -707 -151 802 -493 777 351 669 -385 935 247 17 568 410 -573 64 -762 -331 -8 -262 -406 276 -980 740 279 258 8 -412 219 -594 378 -287 -789 700 960 782 -555 524 360 633 -875 154 -910 -356 382 399 547 642 -186 727 424 -27 524 -257 -643 394 -421 -706 -592 577 -331 -927 -451 786 307 -996 685 -822 255 790 -704 -955 984 449 -345 804 -349 -183 -679 -638 -420 648 421 330 -43 897 582 -517 
-14 -572 221 510 -797 290 607 506 -294 648 123 4 657 -994 723 533 -566 -752 876 -801 596 -819 125 -332 -632 -888 388 610 515 -685 278 -253 -378 332 -497 -392 181 -349 -880 -275 -745 -361 -690 969 -122 472 -580 -323 -724 823 -882 -759 -191 -727 438 351 -210 367 976 -647 -787 -770 -518 -22 -253 -145 537 765 -368 499 360 -342 814 485 -653 614 641 -494 -673 -138 525 -6 916 138 -432 874 -990 335 -223 -736 -447 988 -958 453 999 -334 -929 -598 -699 762 
-816 89 760 75 877 -621 540 -239 390 -180 -228 -223 -718 270 589 -262 -804 519 -968 -39 -133 365 946 -212 854 -931 -164 463 -189 -116 -598 -646 778 -295 -940 693 -159 838 -18 -802 -800 508 -900 -995 -840 -669 965 492 -221 735 323 13 -25 -913 -640 116 696 -448 812 -643 -203 432 -574 734 -594 -232 -309 50 273 867 -687 683 -260 -218 935 141 -785 99 -903 890 -590 916 218 80 -671 -311 949 -668 435 -106 -411 -667 761 907 -827 -495 -509 680 73 -678 
378 1 263 176 953 106 10 944 -930 -854 -458 499 63 747 -827 962 788 -297 635 942 785 -683 224 -105 692 -169 -103 -727 749 476 624 199 -80 459 -173 269 -824 -777 975 302 -84 198 748 353 892 -617 88 564 180 -507 -274 -273 -395 302 692 278 -266 372 -949 758 -445 979 -594 -694 -234 889 922 -911 290 151 976 227 -626 547 903 653 -617 -959 439 361 693 351 187 936 510 -784 -387 405 -425 977 -861 970 397 423 -608 -262 425 -267 377 16 
877 -25 -551 -72 551 332 -439 -449 374 -642 54 951 -552 884 976 689 933 221 -469 438 206 -238 826 -380 473 -901 -762 233 -923 -345 -873 612 918 498 -458 259 339 363 -946 148 286 -463 291 -580 70 143 721 -921 -254 -134 -879 698 -641 -205 -593 -172 129 823 -641 930 53 284 992 -509 -710 -436 -15 374 433 765 -470 -193 -348 549 -615 926 323 -90 558 -811 638 464 730 -542 817 135 758 -637 560 -882 541 998 -115 -50 -445 -826 446 756 -365 144 
969 -220 974 -317 986 390 48 861 124 559 -240 875 -398 -773 488 -919 -563 670 -114 15 954 -176 186 -268 -917 741 922 598 -648 96 -260 -7 792 -125 -735 932 626 47 -281 -976 878 -221 758 30 479 -160 -795 962 97 -982 343 323 -821 -137 145 695 293 182 948 124 861 -85 566 234 -869 -293 505 490 -99 -844 -845 113 -241 -925 741 787 -733 630 91 -761 396 -293 794 642 34 607 927 -268 -60 882 169 488 -386 -868 739 306 -606 -470 331 97 
-401 337 -323 803 -983 -307 -344 -679 174 -460 990 -279 -252 -372 -234 -990 -573 84 342 -569 -817 162 184 -653 194 98 -822 218 583 69 929 -620 -979 124 69 359 647 447 988 394 895 -804 970 267 -450 -196 -65 -929 261 -858 -792 243 -440 722 141 -613 -719 743 243 537 994 -803 800 482 59 -617 -728 -604 -478 -742 814 501 -930 -327 -269 719 -571 -5 542 190 -381 506 -538 -867 334 -747 -503 919 749 -593 521 -803 -752 -674 -589 -735 -446 -487 -57 -9 
-341 710 -84 -14 242 589 390 767 -872 887 -361 -398 -279 432 -232 -343 152 -969 396 -769 -698 978 950 -862 -989 -812 -846 374 468 -126 65 685 -28 -730 97 68 830 813 666 -461 -392 891 148 -713 271 -805 -188 186 305 -39 -996 -179 428 109 534 52 410 379 675 748 346 -288 -939 141 -440 644 69 -719 -229 701 498 227 -962 -264 -513 -634 670 -209 -9 433 43 339 938 553 -583 405 -70 672 548 -674 640 -33 -184 -326 119 861 991 632 653 282 
866 968 -356 -790 532 -339 287 839 822 -369 -428 431 -577 782 -260 -205 -581 -592 -836 43 -848 726 659 530 -288 759 -332 195 249 244 -183 851 -241 -88 994 578 863 489 -937 924 148 -978 -648 421 -124 -518 -2 -287 588 -841 -866 696 -999 -584 580 -953 -545 -664 232 -953 -239 766 -3 -417 -844 -349 -309 120 -345 -470 -244 371 545 -734 -973 618 -280 4 -917 46 712 845 775 296 -844 146 13 -206 -431 -962 -899 647 -842 -578 202 988 379 856 -179 -378 
10 -447 209 -798 -465 -213 196 -520 -615 621 -236 -372 -783 452 423 -521 485 -958 -770 116 199 -223 -652 345 -898 351 324 965 -52 -548 193 -911 470 -933 183 -744 -979 530 -745 890 906 170 452 904 -822 838 528 -288 -932 821 -551 -901 311 -30 70 981 534 -392 112 387 329 -926 982 88 -945 -475 944 -137 -124 529 808 558 546 706 476 -960 -895 95 115 1 88 -416 -442 604 813 -383 387 -112 -300 377 -175 -493 712 211 865 -964 687 18 964 557 
-778 761 425 955 71 -285 536 463 739 -342 76 450 -570 -723 -485 9 -382 718 -577 255 581 -728 683 639 -595 -81 -700 613 -713 588 867 933 651 990 627 -409 663 898 32 395 -460 407 -488 646 -632 137 955 286 538 295 948 120 852 -823 362 74 998 -516 -680 320 -956 973 -767 -98 471 -634 -645 423 -987 229 -367 778 -381 586 211 -693 -708 877 -357 -742 191 -956 -29 -458 -872 137 604 733 235 123 -835 -158 -759 947 904 -722 715 470 -305 -608 
-967 602 -194 834 -888 689 -889 -387 -837 78 400 292 -433 -692 293 392 -553 -868 507 -423 200 -47 612 -718 226 620 611 -278 293 400 -660 -756 622 848 -401 205 878 -890 -175 380 -569 798 -397 -257 -622 166 273 859 -757 -961 -859 -480 -987 751 115 623 340 -306 -49 -8 -962 842 -578 -978 -418 707 -46 305 -836 357 -741 -407 -741 -131 526 -913 -851 -628 -954 284 -698 -397 378 -408 -294 -955 733 -322 -736 -751 779 -500 -506 -379 979 343 824 -13 108 -729 
-607 -568 -111 844 -963 -424 -123 666 -365 -545 -67 219 419 -69 -682 873 860 716 401 482 789 615 -61 -942 -208 983 255 -126 733 -345 -397 473 -719 772 616 383 250 454 157 244 619 -575 -246 -139 49 414 -523 -871 706 -655 427 -911 -440 250 878 771 170 674 -768 846 681 342 -929 -639 -804 338 633 903 387 -238 -650 663 565 -594 222 454 -964 -157 995 176 -36 30 866 958 -406 -790 978 -512 84 -756 539 965 118 692 585 -412 -313 -240 -389 -651 
609 209 -537 505 -417 -272 -145 -9 534 -362 -40 77 -331 703 -145 118 -635 -358 289 747 -505 -285 -615 -23 -916 806 573 880 -507 -675 -447 106 -224 204 -845 594 719 374 -71 963 984 480 -528 -609 -416 -288 -650 -108 122 -510 -673 981 618 -874 -767 -846 -158 870 811 931 -678 19 -449 603 -632 -174 -470 840 363 -495 -980 92 -288 674 294 -111 720 63 -406 219 -855 653 166 -969 357 -825 -901 657 -285 -309 -944 658 -788 -370 -845 -299 -717 351 -967 -335 
-346 498 -966 825 198 445 923 -449 789 657 -253 752 694 200 157 -122 557 -181 -877 321 576 -384 744 283 -261 280 596 855 -897 -916 -678 -504 -335 526 -319 -815 -669 -238 674 341 786 493 249 -286 -429 643 -256 -569 116 407 905 775 -619 -18 506 451 155 -487 -130 -313 -266 871 232 -112 897 233 -594 246 -59 745 -386 -655 484 834 -160 -36 -634 -510 -499 -814 -655 -616 388 161 640 -514 -256 909 629 -916 562 -845 357 785 287 -731 -721 139 506 -708 
-257 143 865 -53 -956 -883 810 492 46 -569 920 895 -65 -642 -648 669 -545 912 -458 991 747 959 -751 -713 814 695 -210 -11 655 726 464 -73 -182 -625 -794 545 -510 -629 71 -217 486 15 -822 -732 383 217 84 -364 527 -804 -880 -706 -572 -282 -478 344 -952 -57 -471 -119 -143 91 751 -268 -233 295 661 -622 151 679 -684 -154 -434 127 286 845 161 948 162 228 -225 -867 358 340 -594 -277 310 559 734 669 786 389 194 846 963 845 -810 710 -569 437 
449 191 488 -466 655 -485 459 -475 657 -297 371 731 707 -737 505 -265 830 698 -493 848 -779 -107 189 873 982 -617 329 -865 -929 820 228 669 -76 -772 223 -585 -282 58 96 -812 -748 692 188 -596 887 -556 -957 -887 834 186 921 -6 -77 329 876 771 665 -605 -588 525 -682 564 905 -736 -911 189 932 -68 -557 788 -280 516 -119 -693 -856 -208 81 -544 716 183 -277 -384 -508 677 62 900 546 483 481 -937 -658 369 -215 578 829 -611 -943 -738 -682 763 
990 570 -768 -957 -839 -431 -320 105 684 430 751 696 757 -725 -923 -381 536 470 -587 -546 435 331 -184 -837 -571 777 -594 802 306 87 600 193 -119 -502 328 -148 805 475 -624 -705 -727 -344 773 280 457 -472 -551 -554 -507 328 -954 -535 254 200 -849 210 -801 278 -206 515 -658 654 644 124 53 949 882 852 401 452 -29 -694 -55 471 101 -250 -445 908 -909 214 478 -342 -147 -51 -630 -103 -954 -89 -863 -107 -516 835 -954 -80 -907 -202 180 -587 -800 -629 
-472 -707 880 -631 316 -826 939 -522 497 -91 -107 -516 -80 -202 -587 -629 -707 880 316 939 497 -657 885 734 633 -908 -256 -638 -571 333 784 433 160 -965 667 277 783 -23 -102 -389 -969 -630 -90 473 -484 444 -841 -175 244 -618 -227 303 -589 -456 83 226 589 551 739 592 864 117 985 823 -282 -112 264 703 596 -567 173 333 -965 417 -899 667 992 771 -412 3 626 -889 61 -851 35 262 724 -672 172 998 246 787 -434 -669 -813 198 -28 -320 -916 188 
-103 967 943 -659 -364 540 -365 660 423 239 -516 -763 -865 -371 388 -479 696 456 636 282 895 -339 503 910 -646 196 160 -544 -639 -228 522 823 -458 -207 674 828 343 756 936 535 375 407 -780 934 177 -274 503 -186 -237 534 387 -222 -973 584 447 -700 -909 815 975 -460 -369 -64 224 -686 -250 201 -610 -372 834 -4 -353 275 -509 -793 487 510 213 -620 -235 -527 517 443 -125 873 751 -228 -868 361 -100 159 -904 -759 -406 -31 -455 454 -71 634 890 -243 
173 12 -672 88 580 617 280 -199 596 -644 477 -110 859 280 -916 166 -525 -274 -374 -683 -797 61 -707 433 -967 451 149 200 866 -513 -576 227 555 700 842 188 124 619 329 359 -686 -703 442 912 -864 -646 -715 -27 -581 -450 -259 378 971 359 -913 -48 -187 -368 959 -994 713 238 -672 -173 -419 440 196 175 -90 -555 -701 -898 -4 -131 -296 -305 781 79 740 752 325 862 -279 658 607 -143 739 -49 618 -411 966 13 339 -290 -462 917 701 625 857 825 
51 832 -197 -214 -728 -869 753 207 515 79 -897 -547 349 174 796 559 918 332 269 943 346 -718 -986 -254 -623 -874 638 -406 -443 -47 -253 862 -218 190 -877 -239 110 185 739 -916 294 -830 988 392 -107 -292 -788 -219 -946 -863 -912 688 11 -69 -285 -727 -225 310 -210 -331 -406 -316 267 332 693 739 65 -960 885 -985 979 -577 910 359 139 221 -1000 -639 799 946 -574 833 77 147 -759 -602 740 224 915 -721 -551 -321 -678 843 -645 521 -92 694 946 -878 
283 866 -252 -338 830 -410 -826 952 131 771 -276 486 -63 15 -807 -539 -941 668 877 -192 426 -453 -658 -181 964 -238 432 327 -52 -260 398 -174 -941 -65 -956 746 -252 -604 394 -913 841 90 654 690 912 279 -372 178 877 -791 -903 994 -742 46 538 671 -279 950 -631 206 -475 -893 -914 -959 475 299 387 -332 -137 560 -252 -85 428 -506 -161 431 -753 -378 -901 -79 320 -535 -317 -386 -835 -593 856 -889 878 -859 -845 -66 -615 -189 -287 -279 131 -365 437 824 
-907 -445 2 -758 589 343 -16 79 -699 -91 -671 293 -958 83 -654 29 -296 6 362 -705 840 29 -97 -816 744 422 1000 498 512 -631 -815 806 -39 -494 -122 332 -342 -16 578 -104 360 404 -69 -136 710 -64 196 -670 342 848 -165 755 -172 -821 -424 58 366 -492 196 -490 -435 316 -156 85 73 -694 -752 704 -690 -274 183 -268 463 737 -581 -656 174 -882 -678 923 268 -579 82 737 57 454 -943 141 887 8 -42 975 473 144 -863 -843 985 822 133 -771 
757 986 45 541 -778 -169 -314 -906 621 -226 -918 -765 499 -160 -858 -991 363 705 549 -729 998 -243 565 -453 909 574 408 -724 -397 -145 -20 229 -767 -783 530 283 -611 785 547 -496 -643 -302 553 -903 -357 -856 159 228 -816 -359 992 960 217 -804 -679 4 -809 -459 -749 -55 250 -230 523 -452 497 -351 580 -319 178 956 896 751 -857 11 587 635 -488 266 -190 -915 -885 800 568 862 -477 429 800 862 429 45 576 341 -654 998 197 535 -155 -538 -712 -131 
346 651 -562 -827 753 -903 -278 260 -243 819 592 764 116 -584 588 472 -91 -52 -284 358 -389 -889 -627 -797 585 -228 182 -228 180 -604 289 830 737 -720 600 221 504 -253 795 -522 -207 442 -667 -25 378 822 396 -579 -177 -664 -529 -31 -781 94 -342 604 -39 732 -573 41 221 438 -806 18 591 -69 -694 111 488 226 694 -245 -696 643 963 984 -640 -779 -932 -334 288 221 873 428 -634 926 -594 399 584 32 -567 -333 -944 -898 647 -735 576 885 -188 -982 
-550 -123 -334 49 934 -186 -635 742 -497 836 393 57 -919 484 357 -288 -589 -913 -920 737 709 -616 923 -333 -372 935 928 -947 719 38 -560 -896 36 535 82 857 531 -512 625 -619 -635 -166 13 297 -248 989 -397 -853 98 -467 -924 -565 -308 281 530 -541 508 -160 748 -669 523 -482 -240 641 896 -877 370 980 756 -301 -778 -85 -753 992 -217 196 498 -282 -682 183 187 418 979 -315 -811 -36 -799 -720 120 -665 75 -605 524 -806 311 -801 111 124 46 545 
693 -813 150 175 543 154 -978 -157 -673 164 -371 -79 342 -38 -664 854 -981 -773 -618 196 261 822 -162 404 717 -720 2 -185 780 495 -64 979 756 -435 -723 9 603 -93 904 -996 662 -581 -316 -180 578 -97 210 611 634 -243 -960 -931 289 312 -124 -221 830 -899 -94 -414 597 811 -1 -870 -143 -872 552 274 520 -409 -17 -584 -224 286 846 785 -879 265 503 -699 530 386 -26 335 995 -842 377 -918 -111 -761 634 -498 -588 -598 995 -1 204 -962 988 22 
-425 -554 396 897 -76 -454 575 323 -184 910 58 -67 381 697 -420 617 852 975 46 -660 -537 3 -90 -444 37 593 154 792 764 -96 -75 -930 856 225 -399 -664 199 230 308 -126 342 -855 -410 712 -582 228 -267 -210 -373 488 659 921 169 -228 -761 75 -360 866 971 780 288 505 -344 785 240 118 -94 -231 950 50 -143 172 -913 -845 -416 -500 913 348 129 342 200 955 -971 -636 803 -412 354 750 422 -186 -122 890 -209 173 -484 147 -966 164 -191 -301 
-813 127 -516 -729 -195 -82 -114 -264 978 587 -455 489 614 -166 -56 -805 202 808 382 -65 -149 -478 0 130 533 366 887 -980 -789 213 615 -875 202 694 702 -494 -227 -888 940 128 -784 -408 -72 -270 -569 -490 166 -311 904 -592 -553 89 676 -647 16 520 71 -842 -258 -539 940 -787 69 -511 292 -455 -128 550 -739 761 184 663 843 -25 -467 -161 -820 -898 -225 -330 8 -199 933 -925 614 -918 626 6 -706 949 -586 -696 -728 3 -754 258 72 115 -269 -69 
401 -754 -169 -278 396 -972 -143 157 -451 -42 672 669 -532 630 604 -161 537 304 983 -258 -603 -625 -826 -724 -478 -647 816 -689 624 -679 855 723 -434 -54 232 548 -637 -417 -232 -783 37 -306 216 -516 940 -203 -636 -263 -172 890 735 -946 -197 67 -567 874 320 -353 -848 412 -322 -24 -283 -283 -248 198 -445 82 -722 701 460 -528 948 -774 313 922 333 -926 24 -888 995 -541 497 -268 752 823 -596 244 917 606 166 -345 -751 -57 401 -652 550 -489 -944 599 
-895 -108 -964 -279 -801 -762 -39 989 477 -180 -80 40 -688 -681 761 596 403 313 -994 -809 -597 -741 915 -956 -216 -633 -796 630 -637 919 -560 -787 -25 188 -295 850 773 343 413 588 -144 282 893 818 627 97 -600 375 842 375 -97 92 961 805 58 -442 253 -413 -513 -467 546 826 764 -299 -596 -834 -624 21 -5 -658 735 693 -537 226 -316 -713 -780 853 -785 -390 -602 675 -907 448 843 37 -253 -846 -758 185 -975 -381 -397 837 -627 -102 -563 -916 165 547 
250 -300 -800 -882 -841 -749 4 796 390 -994 -85 984 -810 -958 491 968 -472 450 -646 -128 -752 -272 -456 -300 953 277 -469 246 -278 -261 432 909 -592 780 -368 -144 -937 -770 -285 587 -874 -10 -789 507 -90 -362 -520 956 837 -42 18 616 403 -722 -432 -234 -611 -97 614 560 515 344 876 431 -337 -90 595 -238 803 -58 -229 -20 -856 342 724 -746 41 298 281 172 764 -456 885 41 -970 93 831 -445 -232 -203 471 -55 112 715 356 -170 -574 806 421 489 
