-556 -890 742 663 -587 838 959 -821 -207 -292 -27 982 617 -839 299 477 639 -515 529 760 -779 -592 -762 756 47 -16 464 -971 -814 653 667 785 916 928 921 -819 -623 -952 -591 370 400 559 -955 155 -997 382 633 852 -989 441 334 -601 394 151 160 -871 -646 -317 218 -609 -757 870 -378 -51 -876 -450 264 -548 887 -246 -232 -396 -610 473 855 -812 -278 -929 93 593 -686 -898 672 -623 -269 -512 590 -296 278 -13 167 782 879 866 -777 687 -308 -799 -233 21 
923 -930 -257 -976 720 -765 -778 -43 700 585 29 -107 601 -960 145 -894 -177 -508 512 255 496 976 180 13 -566 148 843 564 661 -518 710 -715 520 868 432 -744 -756 211 968 809 -478 194 -332 -109 290 -317 689 257 -600 -238 47 351 -438 -874 507 -516 -830 616 -660 -610 630 621 179 830 -881 930 142 -395 652 319 973 -785 162 -54 305 -517 -938 89 -271 152 785 659 -81 -163 266 54 923 578 -7 -578 208 497 57 -782 407 569 718 405 802 530 
519 -847 -802 -444 -695 -781 -42 -353 395 -148 693 -64 723 -878 -709 297 -226 -75 555 -786 -645 150 -509 102 -858 -305 -975 -669 -880 -444 -303 740 183 -245 550 250 -681 788 461 -4 287 793 19 -664 283 977 -945 541 859 125 -761 702 861 -142 821 499 521 -146 -715 624 -616 -691 -957 -186 322 -1000 691 -678 479 166 541 200 923 -241 -6 -323 486 -399 598 -829 -529 -124 -748 -594 683 -255 -563 693 151 268 778 428 560 994 -826 -686 -82 936 -991 269 
-614 -152 788 -415 552 -149 142 981 922 176 256 776 506 313 923 -54 -341 -93 -272 -888 -939 -724 -171 -574 338 -257 -587 -339 -837 -127 -644 623 -815 -108 -105 -945 -442 -850 415 -905 728 429 661 -735 -270 827 -133 852 923 901 -987 -519 139 -577 -585 -804 51 198 581 -576 998 309 -924 -652 48 -985 58 -304 -408 -531 -451 942 -61 -430 877 934 439 -727 458 780 -118 573 443 794 306 54 -403 -187 -809 892 13 826 -28 -560 776 522 989 26 64 315 
791 951 -224 514 688 -242 -553 -264 306 -485 -27 717 -528 664 877 666 9 207 610 276 249 971 495 -63 -878 40 -102 -402 -655 -319 -411 -592 695 146 -681 160 350 797 571 310 61 -752 -984 -405 813 -697 517 -117 617 -985 -616 -239 472 191 -915 630 172 -602 -113 -851 -943 -643 -202 704 -21 944 136 145 305 -580 920 503 -291 -959 130 -560 714 682 526 -774 -622 884 -13 -312 -56 376 634 -546 -596 -151 696 855 -620 379 -108 757 -409 -460 -957 -790 
743 -668 -443 108 -508 845 -837 -327 361 -669 155 -151 -974 213 -306 463 -577 951 678 -103 -358 -972 456 -468 542 750 -74 773 -645 -735 -779 -898 316 -187 314 326 948 -622 -597 -928 -729 -153 862 727 -961 504 628 -953 -490 563 -5 547 793 -210 497 369 52 611 559 170 318 -203 -753 -152 -386 -257 284 15 -248 -140 24 258 -266 904 -719 487 -24 913 915 36 536 362 -497 -890 907 -170 57 -129 399 509 356 -996 365 961 -574 427 -605 -679 951 -350 
8 659 856 -936 762 -833 -590 511 962 -119 -266 -983 -685 308 615 -255 -598 -291 -269 -465 -552 495 155 548 -686 90 -841 -804 -136 185 434 137 -846 -246 476 902 811 -17 871 -497 234 526 -997 -836 -358 -568 -726 -651 -341 104 279 -30 399 -364 -268 -734 -566 -678 -26 303 653 -53 -825 767 874 543 558 -971 386 -932 -98 510 19 -117 937 861 778 625 921 568 846 -535 252 -991 -788 795 168 -757 908 302 -887 -669 -139 -639 -946 -396 888 119 -651 536 
-319 270 -22 -765 400 -323 -166 -95 797 -540 -404 82 -430 898 -859 -445 887 353 806 681 -316 718 -730 253 -88 926 -99 -688 287 -765 -691 859 341 810 -974 230 865 -326 -863 -272 -734 -50 -580 -601 -994 -945 -447 -244 -596 167 -843 988 -729 -852 -893 -433 68 -875 -988 226 885 -806 290 890 -548 -475 431 982 -7 659 88 -521 -333 721 58 -309 248 -704 -395 483 -930 -272 -168 830 719 -906 -647 -240 739 -981 60 -637 -404 -726 -237 381 79 -583 -424 530 
488 637 -197 924 285 206 -851 -261 925 -573 -828 -230 171 685 -175 367 -382 487 809 589 981 -323 -941 -948 866 527 -680 933 953 -815 -917 34 967 131 -452 -734 -819 532 -994 232 -294 68 640 713 -557 96 -892 -26 -354 -459 815 207 953 -73 193 770 -826 525 -75 850 738 -831 -739 979 1 -639 864 -659 -565 -905 233 -596 -457 -520 -770 -349 946 -418 570 -115 -430 821 -763 -578 -611 -947 356 -143 521 -649 343 88 490 -230 -164 -192 -925 -131 142 -117 
-237 -654 -226 -899 -434 -984 -435 -674 -89 -870 -633 251 286 -952 231 268 733 298 898 -975 660 810 -41 503 894 -491 -454 -233 340 246 -457 -810 657 -322 -998 385 -339 464 -760 408 -486 826 225 -189 714 346 -642 -459 761 874 405 64 822 321 879 411 -109 -238 471 -147 -840 -877 -882 -815 -466 143 -618 855 -40 491 672 967 -512 329 -919 -990 887 -423 -901 -919 255 788 -671 -655 890 530 615 954 52 -150 908 -541 242 -167 -680 -131 -42 -880 -687 270 
380 521 768 149 322 -706 377 -678 760 888 358 -12 572 109 525 496 -696 -108 -215 954 483 478 646 361 766 -866 399 567 451 398 636 -145 -409 221 389 -188 -788 545 324 -699 381 226 987 313 65 -941 -911 357 926 298 -980 -39 907 538 -108 -572 -993 590 -704 -120 -843 -838 889 -680 968 180 -355 -190 176 -754 586 848 157 101 -335 -164 383 138 585 13 -900 989 125 310 -718 -832 -919 684 -816 174 -2 404 629 -228 558 741 -643 -853 -765 39 
-858 -159 -875 -318 40 181 -310 417 341 -52 387 438 -723 286 69 -112 155 -290 174 -994 -874 -837 979 1 -288 587 172 -90 -224 105 20 -431 -865 172 665 -863 294 -899 -774 253 69 -621 -312 -773 382 -601 361 925 377 836 606 641 165 -244 83 -803 -655 207 -242 -764 619 -258 -858 -790 -433 -501 -566 107 7 -600 987 283 -53 -675 567 689 621 175 204 495 -114 -18 -561 79 -627 566 -403 -809 -716 872 612 -716 -936 476 -635 -278 152 -158 -155 306 
98 -169 905 508 -507 947 864 -916 483 301 290 77 -232 -3 -455 742 -592 -296 873 195 -69 926 -339 957 267 812 372 -340 -338 -683 227 651 490 634 351 -263 136 921 -636 -397 -484 -293 -581 -894 260 -135 -926 -807 432 -67 588 -762 -400 -498 995 949 789 -19 464 -788 -146 395 -383 686 590 -436 -912 253 -532 500 122 734 -851 -113 715 646 927 668 -682 -844 -43 192 79 -651 235 540 -869 485 -12 -702 -931 -657 -980 100 405 342 55 -160 409 102 
176 -811 956 -960 318 426 -194 423 921 471 590 -567 215 -567 280 698 257 -230 -789 165 642 664 -580 360 210 -285 -753 -865 -14 -712 -154 112 871 -43 -872 -341 664 649 942 -175 316 -539 951 -241 -61 744 685 933 104 496 702 853 -155 -778 -36 -407 727 892 -908 -71 -570 -39 -842 913 -352 169 -780 -179 -477 -891 140 -51 920 770 7 332 -789 -954 629 76 -424 -620 -45 284 -455 -744 635 -145 -821 172 157 -181 698 -480 529 -422 -49 756 558 368 
799 657 -66 997 -528 -80 -629 687 243 -884 732 962 -436 -354 805 -605 -212 939 -659 -387 -399 818 -581 -236 50 -476 3 37 934 -126 976 -672 -157 -833 -777 999 157 -385 148 156 780 -410 -155 971 -570 -887 37 -286 581 -70 -615 353 800 -725 -255 -501 -201 -707 530 510 -61 859 -596 805 637 -382 323 849 785 -366 -172 -57 -449 580 -905 9 482 743 -718 -190 811 129 -265 643 -550 655 -260 111 -118 -477 -723 70 -156 815 426 96 608 473 -101 -702 
78 128 483 -139 -275 -268 -344 -138 -773 -442 383 329 118 -423 505 934 863 449 398 -439 850 779 597 -116 940 -660 -43 -793 -338 -830 478 516 -151 166 603 418 510 289 609 -537 109 -512 899 134 -346 -595 9 -100 -519 904 276 -750 333 918 -404 -102 -155 -692 -819 -249 -958 138 -563 -41 -164 -963 -722 629 389 -320 -294 918 -361 -76 826 875 944 -955 -144 922 843 318 -62 -713 -486 -509 552 165 -920 -201 1000 -741 60 738 -51 403 -915 939 151 673 
703 835 382 -87 985 -567 -182 -34 -809 26 -543 419 -553 -847 648 832 -828 -299 725 784 681 320 862 814 383 577 113 477 -66 -872 472 -482 -481 -744 -303 533 302 448 99 -965 -261 -681 265 -510 -512 278 -258 399 -144 -154 920 -250 846 975 951 162 -248 -583 -393 -273 -225 729 -213 651 -463 451 -652 698 294 26 -313 986 311 -54 966 307 945 -532 -834 707 -256 569 -203 487 914 961 69 996 337 -926 -489 707 -39 158 -54 -785 278 27 -617 881 
-731 353 20 426 457 20 -259 325 -438 305 601 508 600 802 -539 -59 -491 843 -715 -635 -701 -956 -396 -114 225 -558 -467 785 -10 518 -528 192 19 -525 935 -144 785 -160 603 279 809 -992 112 743 -733 -931 917 590 511 -854 138 151 488 -568 692 223 984 469 -727 -528 405 -554 -537 748 -630 -484 -740 603 625 -118 -538 768 159 624 834 -663 728 209 309 -854 975 -45 673 571 961 -267 592 977 -514 -331 -882 864 543 -452 -377 705 -257 379 716 -748 
940 965 -482 -703 -616 898 627 692 -522 -122 -481 -607 234 969 -953 -697 919 855 239 -753 -832 -573 923 27 158 -507 129 53 -89 -561 -812 -494 -573 -540 -896 -699 531 320 -863 -471 533 -161 335 259 -704 -923 -450 475 -232 513 522 58 -847 803 489 -960 415 83 86 239 431 -252 -751 -826 305 733 345 -148 -617 51 225 36 -971 -660 -851 -422 -362 637 409 965 493 86 -980 -608 898 95 30 47 942 869 355 281 84 -909 561 -476 436 -124 -810 -434 
497 -285 450 118 978 -198 374 -206 -824 696 -980 508 616 535 725 560 -541 104 -917 -293 -158 905 -680 666 751 166 -115 225 -230 515 552 225 677 -116 219 186 -376 503 -765 -45 300 -483 -893 -268 84 -259 -393 590 -630 42 690 -425 795 -632 830 -881 679 522 -756 768 -401 411 -107 -128 -831 614 83 -978 578 -615 638 784 -221 880 -919 -525 408 546 -811 -928 1000 84 -620 561 -702 849 361 -730 -936 927 -117 392 -28 -417 -187 -412 466 -377 -611 -564 
-154 851 294 -364 355 -458 727 -739 -176 -412 374 -223 924 -909 823 -989 -6 -175 244 -998 -191 340 -825 151 -423 -238 -67 -2 18 -713 -302 422 743 666 454 681 312 433 145 100 -171 492 137 -261 -290 249 329 -838 769 -365 818 -142 735 -880 -217 19 295 247 534 -557 -325 -161 671 -506 -844 -648 725 740 686 -507 -58 -703 -497 164 641 -31 -701 576 136 -772 761 732 647 -944 -401 -77 -546 13 -178 764 -84 555 93 57 -846 987 -878 -94 -298 641 
-770 -28 -118 -702 588 -291 928 572 952 -632 255 -118 -995 -927 559 -651 851 216 692 757 946 -392 -735 -382 -317 -654 -997 -854 756 -371 817 135 212 670 767 666 -45 -164 -49 -386 -629 497 893 27 -328 -600 -773 484 478 -526 577 532 -215 -253 442 -504 141 325 355 26 179 -442 -54 -984 -548 523 37 -812 -357 554 663 179 802 -208 480 -386 -759 -350 239 44 -911 51 868 273 608 809 -48 455 776 164 -376 237 209 685 -549 770 -119 381 291 -111 
71 -158 525 123 937 -327 769 -210 227 -335 557 -249 -571 -941 996 -75 597 969 -734 -473 704 135 -691 712 -968 353 -494 -454 -589 -944 -52 -839 -622 -657 -695 -581 -451 -403 -717 -714 -536 -403 -976 -586 -788 204 -414 -109 705 630 -596 701 -238 -126 -768 252 220 858 -537 101 754 -915 -850 -90 876 636 577 -640 -603 -20 530 -902 625 -500 731 157 -543 -597 -325 18 629 -111 290 52 983 83 -59 35 -709 343 737 -419 361 -87 -219 586 -941 329 -761 -763 
579 -458 120 -18 -154 -820 -753 -550 -246 -466 488 -588 -564 -619 247 -349 -777 -369 -634 -866 -903 62 426 -24 -150 284 569 793 579 -431 603 -179 887 -750 -431 -699 999 720 -855 -923 -886 -917 -921 -782 714 -347 276 -926 855 979 -136 -499 -288 -884 -610 -570 112 392 -497 557 -883 512 755 -470 462 447 -167 -180 172 -202 -856 313 -184 -905 -806 279 166 -420 -908 -206 -729 -651 350 85 615 -408 977 -709 -3 -758 -139 300 -803 -561 12 -685 879 -459 -867 319 
956 849 41 405 -913 -897 -123 -302 -41 97 300 -541 509 670 114 -1 -167 -982 -84 -731 -822 920 160 -621 -281 435 867 245 -484 -46 -532 -940 -174 408 408 504 -915 -694 -476 902 -698 971 -829 613 634 -821 -781 -648 -964 721 769 883 872 411 -558 889 -439 737 417 325 645 -88 573 678 -183 241 -496 572 -291 20 -263 -547 976 -978 -469 514 358 798 981 -779 -294 215 -836 173 171 -653 -505 -754 -670 104 -50 -772 498 322 -175 691 567 791 431 -220 
352 171 -996 -140 -675 -102 -892 138 527 270 854 285 230 -523 949 -299 -373 -640 746 259 110 104 597 -555 234 -595 832 -544 -836 107 898 -64 68 -379 -477 -832 672 140 664 210 -377 779 956 -819 -872 -122 451 490 996 -817 500 906 -28 967 -296 -37 379 723 -202 347 -816 -508 -642 418 -430 192 -152 -19 796 252 -274 270 600 -292 -205 -917 -36 -891 -54 -535 519 -507 -108 -310 -789 -734 275 845 -123 -927 77 30 -541 -25 -391 -785 992 414 -641 272 
-466 308 -460 -92 -645 -267 572 771 -960 832 384 -603 -230 692 -290 201 -336 143 -468 545 -919 -700 714 315 846 -37 293 465 -799 -623 -482 881 -211 -902 -44 -441 464 600 -817 295 -750 809 691 -936 -427 -664 -939 -146 217 -824 490 -829 12 962 532 -245 567 758 49 638 -365 -43 -45 322 878 409 690 897 411 582 790 -934 509 -786 930 -256 590 -273 29 124 -415 -90 -325 768 201 107 -543 -771 102 374 -829 147 -215 -198 -480 -545 997 -444 46 724 
-86 -181 -415 669 -304 -487 -866 418 490 -332 44 574 -486 368 -747 -119 -749 575 -715 791 889 316 -334 318 645 721 -886 210 947 423 736 630 -264 -947 -866 -950 -11 -306 403 437 -506 -991 310 -828 -377 -545 -440 -543 817 283 -85 -294 -534 278 -790 355 -842 182 907 -995 361 474 -99 -372 -662 -838 157 142 -325 622 -478 -341 262 -407 951 -83 553 502 -400 -171 390 808 975 -979 268 582 -810 -141 806 88 -161 -942 524 466 -208 717 588 -463 420 -603 
-655 744 -25 94 524 182 389 -277 316 777 217 -307 60 -32 702 114 306 200 -767 369 862 -118 -113 435 -943 -600 257 -461 812 954 889 -775 -966 -586 823 746 -351 -686 -282 245 -5 -112 -494 278 943 627 -400 414 335 824 24 256 814 864 -11 -722 285 -24 -653 -546 -876 604 -38 -886 -463 890 -898 398 -601 -862 678 238 618 -625 -342 179 -757 224 -413 -804 -744 -280 896 252 -689 -192 -230 983 -83 -610 107 -524 552 -438 -972 -550 -846 -585 321 807 
946 124 -494 434 40 809 -331 -316 -780 -194 -304 415 -735 -639 717 244 -338 202 -726 959 876 -661 503 524 -770 131 735 -48 853 31 859 -402 -107 112 -997 186 438 -573 203 985 -215 -506 312 854 -65 -991 573 845 -931 804 237 -339 953 182 -534 -242 -278 192 918 544 -756 632 671 -207 -275 -231 836 -297 -220 -832 -979 105 -611 -223 330 573 -506 563 -88 -915 -894 -889 -194 92 -754 853 104 675 258 330 -156 -41 -100 -176 -863 751 -915 703 628 144 
927 -99 172 764 -893 501 307 -144 387 -25 -645 323 523 -385 -927 429 -383 790 -481 -399 411 567 819 166 809 -21 657 512 -596 351 -947 235 -756 -618 531 93 590 796 340 122 898 -878 -358 -478 605 -379 108 905 663 -506 731 -660 -785 -847 172 -688 663 -635 91 456 -478 -115 -140 -649 752 -922 -612 999 -401 378 -532 199 -675 427 -815 -270 511 -58 -792 182 -209 -273 -202 631 -690 -3 136 735 -315 597 718 460 795 -112 -218 851 583 670 308 -185 
793 -262 624 -288 231 552 -741 105 831 -891 -185 623 -375 -352 163 793 -945 -284 6 -840 -28 122 647 331 -79 -684 38 -130 900 477 174 -173 430 -155 799 -452 663 -479 -499 918 -509 -810 -814 -747 706 499 328 -61 133 652 381 984 -275 -798 -538 -191 -99 754 -511 685 -974 -32 288 301 -678 -717 132 844 -322 239 -837 -981 25 -51 561 -312 -690 108 -736 519 -919 537 239 -592 -380 514 270 -462 194 225 491 917 -246 -662 185 375 906 -103 430 -73 
942 436 -680 959 -653 -27 -159 -196 982 33 605 -13 150 902 -198 -57 802 -518 2 -458 -460 -440 -1 241 -403 -576 846 -243 -482 -273 -962 835 -52 -227 189 -209 -352 984 373 490 -932 -305 -886 -909 892 -60 22 -592 -558 -399 737 979 -535 -842 402 -330 -931 -949 -850 -56 -790 -895 -369 150 -418 -967 846 467 -795 -260 -626 751 216 472 -577 -132 -264 257 -522 -500 -968 74 -202 -904 -36 -142 235 -565 -52 798 51 636 494 -268 848 -671 590 -821 622 556 
738 -239 -889 954 -728 333 -459 -507 -564 -916 947 635 782 -425 755 910 520 399 -390 -601 -546 -255 -640 510 -583 525 828 867 -318 -181 761 191 -477 -765 671 -536 -183 -169 100 258 28 -314 317 214 -89 -909 -789 936 -458 -680 -817 801 -883 -554 304 -338 -591 -267 -862 420 798 -705 414 -419 698 -288 -802 814 313 -945 -341 -195 642 187 508 -342 -912 -167 -487 -338 -760 729 733 -25 329 -227 -893 -669 941 -654 784 875 -710 772 -135 -337 -252 -893 536 545 
-418 314 986 134 -752 972 477 -912 -398 -603 225 -261 -851 -358 -346 579 174 -537 -234 -704 165 647 -776 470 -677 786 -202 -840 54 950 237 248 -340 721 -52 -5 604 170 -485 -70 -305 451 721 -943 440 51 -138 -939 926 -510 -829 574 -543 -366 450 708 155 423 679 -689 434 -420 757 -480 797 -633 -124 906 -217 981 751 15 361 -850 -803 -284 861 -275 44 540 594 -823 -379 -969 200 338 -347 735 -422 84 -752 187 935 824 982 443 913 -415 508 974 
-717 -304 309 211 290 972 -268 -477 209 -544 642 169 -918 700 -72 457 -225 -329 -690 469 990 440 -98 -816 -525 -515 440 -636 797 -885 958 89 -841 -233 -873 -560 412 40 -765 425 -475 -519 -25 -331 898 690 146 766 539 552 -81 527 -871 -222 -998 -863 972 175 86 -123 603 933 -817 376 -239 146 338 -644 -904 -988 368 -308 -232 -264 108 136 364 -926 -50 -80 23 -170 -483 393 923 707 68 -254 34 -696 262 -766 -143 627 -85 446 126 402 -457 -74 
460 720 -620 412 -647 525 -893 -396 -154 465 122 -715 157 -890 -925 -302 571 746 -623 333 832 904 214 -702 534 275 135 -6 578 627 305 -261 -963 -659 -245 -444 -889 301 57 -199 753 197 -377 536 591 992 146 -69 -658 292 773 237 387 -338 352 950 -206 -778 726 -601 -775 822 313 -115 -457 -400 -234 -180 734 -106 -758 378 906 324 -560 -41 -212 -275 174 -354 688 274 -33 -552 -132 636 410 -654 -87 -700 422 -605 281 627 -918 557 -504 -198 -785 -353 
-205 688 -929 -112 -281 217 -971 570 -939 -337 209 406 631 115 213 955 -690 140 993 -18 -206 -935 -520 313 871 698 410 -992 721 -913 683 454 -919 167 -295 -400 929 6 345 -999 -197 -880 844 -945 -563 8 -428 -938 -746 184 363 148 790 139 -902 -661 243 650 58 223 -308 302 715 -712 609 704 -125 -537 477 -560 -73 -587 -16 -93 357 -277 277 -53 -644 245 294 185 906 673 -315 -626 377 236 458 -933 -160 -213 658 -668 764 -1000 -346 314 525 -342 
-349 755 33 29 -84 807 -851 -544 257 -44 -787 -75 327 72 -658 -68 -21 926 557 345 764 535 96 218 261 39 827 -158 984 487 -414 929 843 622 723 -770 934 803 -423 673 -426 760 624 -734 -45 -650 -69 957 722 114 888 991 -615 473 -826 -748 599 347 -146 238 350 927 -887 625 492 -947 203 484 -22 -190 735 -956 -888 -520 -190 814 910 259 268 246 -898 -455 -340 548 326 163 829 805 -888 923 110 439 624 -454 -790 60 -916 85 521 -30 
553 165 210 509 849 128 -168 775 423 -85 948 -9 684 534 859 -865 -831 -123 -707 -244 -22 -577 302 623 -877 942 948 -568 684 966 435 548 -245 989 -885 191 -97 -574 334 -694 -350 532 865 595 962 -95 -446 -501 -950 -283 -213 -999 -196 233 577 -845 -688 -759 -680 135 -803 359 417 -17 -334 -636 355 -400 143 -544 -443 646 674 497 622 140 -617 -7 886 -405 -934 532 -509 -156 498 -802 -423 -147 487 -279 -31 -510 451 -108 467 417 361 349 -826 -303 
441 437 446 -846 311 931 972 390 -662 -275 63 -468 -178 852 108 29 502 552 248 -715 590 346 -949 389 101 -195 -235 -284 -914 -392 -268 364 -931 -643 241 573 -271 -541 -117 452 -748 248 514 268 -531 384 50 -964 172 879 583 -844 -81 -333 -329 554 391 938 -416 -537 468 104 -689 -100 -163 252 -149 -444 137 605 -16 115 -714 -175 759 -668 -10 621 551 561 573 -294 704 -897 -69 178 100 460 572 -78 -588 253 88 -304 278 -943 163 -137 322 -206 
-597 -145 -193 299 -16 -706 70 244 920 761 -53 -180 254 -197 -189 938 677 -41 -751 -304 -206 -93 533 -487 -449 -217 -282 -188 22 604 673 92 -359 917 270 691 -492 -365 -184 967 465 -264 796 -234 -499 -785 -975 -118 -442 78 719 286 -103 -505 -498 575 -388 811 -705 522 682 -875 589 791 859 -98 648 216 575 129 998 -299 -660 521 -728 583 -421 215 -496 229 -872 -354 223 445 -169 -712 -533 599 -217 -278 -186 133 -187 611 259 -246 -189 -835 707 705 
967 -301 433 684 -222 -13 -684 -462 384 -405 -989 -413 691 36 696 670 -140 -202 -829 -12 -824 975 481 -597 -889 -173 652 -966 897 614 -723 -576 -272 -86 433 -308 -877 865 719 -618 862 661 121 900 -610 862 -687 -743 -826 -602 304 -776 420 350 961 -968 -163 -329 -432 -985 50 -291 -300 867 -227 -881 -287 442 236 -833 -218 -340 -506 736 852 -413 162 -290 558 970 197 217 -526 -499 -173 -58 702 -546 -478 -445 438 224 -555 -727 -802 989 522 -927 -931 386 
87 365 40 -331 839 -849 -625 887 444 -30 278 -227 507 -784 -110 -712 -226 -25 54 -197 692 497 341 663 971 -645 810 356 -543 767 -965 771 -498 695 916 910 599 -878 -60 -125 -165 759 -18 352 -877 -405 -150 378 -902 -823 348 -427 192 -378 -880 -32 -558 600 932 462 141 -924 -240 -469 -363 -656 -962 452 795 -310 -559 949 -625 -219 -848 -659 444 -464 -211 657 234 785 -841 788 -808 53 153 -159 -165 -504 -634 958 -252 358 -803 277 -472 -589 432 -388 
-483 -911 -895 -294 -702 282 648 137 561 204 -472 400 -163 717 239 513 546 -285 208 179 803 701 118 -460 -976 -822 -707 -722 577 90 255 -887 -357 403 363 236 -799 770 -802 -710 -90 307 -558 622 -141 630 -989 493 472 -661 -785 385 544 792 -296 -879 -746 -216 -399 345 -381 609 276 -101 -725 -407 -11 236 -797 -72 -483 -594 817 11 -871 89 512 -65 -43 384 -772 761 -992 -565 439 -595 -68 -29 -355 774 -910 535 137 -126 -360 771 460 -225 849 277 
657 88 -985 -24 -653 -801 -676 571 71 812 685 397 -181 366 639 -204 407 242 944 65 578 599 190 -190 -562 -870 -676 891 282 436 463 -35 -636 -215 -140 43 114 -895 224 -39 -271 488 -591 -391 -801 -90 371 522 364 -661 -496 -514 -820 367 166 313 479 135 -754 941 966 728 -991 334 639 -535 342 -24 420 -678 -708 -496 -703 532 222 748 241 409 588 -191 -225 709 400 208 -879 -123 663 -857 -3 633 744 72 -876 188 827 -3 -398 -185 -631 80 
877 -300 -425 365 -241 -269 -16 -487 -396 -934 -771 -54 -619 117 -58 -360 470 -570 -466 462 -208 227 873 -484 864 658 895 159 -865 936 441 -351 -496 180 -682 789 -819 -203 852 -795 182 -144 289 -799 611 356 -716 878 -920 -916 -528 -561 -265 783 602 -41 -357 -753 853 -614 -86 -68 569 736 372 -671 -338 -441 -555 896 616 909 -640 -741 31 -760 -222 -377 -501 468 -374 749 -838 -989 164 -299 -322 286 547 -214 830 -19 -749 -485 416 -264 -610 -953 -60 -214 
248 -565 181 534 -2 -982 -24 -382 -591 -67 -251 -932 282 103 -163 968 794 597 -445 39 499 152 -75 -375 -660 24 -399 -506 296 474 -136 -905 648 -307 786 -135 -447 504 -585 853 944 96 -623 356 -398 -454 -97 462 770 857 -59 558 643 485 335 -245 840 -760 77 -220 -708 -584 532 911 -500 -85 486 206 430 -933 -175 44 657 -718 627 773 471 -210 -221 -824 408 394 -167 -363 942 -622 401 96 382 403 230 135 811 310 -677 -152 507 -635 -27 -914 
-676 -168 -712 876 -133 240 537 -922 -895 215 -551 -459 955 -367 -471 320 941 378 728 -65 -608 -651 -389 -584 -29 235 -540 210 871 363 -818 994 470 -758 -591 605 422 342 762 -315 663 764 208 -239 496 228 -895 907 507 -94 -768 -300 710 -887 -354 381 520 -963 506 -320 -427 46 899 -138 -304 -507 842 -357 740 -849 480 902 -780 117 -333 -267 -686 -408 929 -789 -880 37 427 306 -98 180 -583 -223 -476 -961 -11 -817 896 -101 -166 62 -385 -767 625 -338 
-732 -539 889 987 -78 -749 -458 19 -483 343 347 594 546 826 693 639 337 -680 458 227 622 213 -110 -554 648 595 -169 929 -655 772 -635 -914 503 952 797 -825 676 -234 709 -218 541 -137 448 873 -462 -651 -483 309 -109 764 -685 747 -438 -685 -743 -629 108 211 -268 -712 -610 -502 -81 -623 -395 -858 -759 450 -622 -733 -54 -925 807 -513 -18 648 35 344 772 225 936 884 425 623 574 651 -234 -719 -541 494 309 45 -75 -406 -265 -10 763 -991 -922 477 
-556 663 -273 838 959 -23 224 532 37 -407 -625 -839 477 -117 -684 760 -452 -172 -408 258 160 200 -469 -431 -493 -345 -712 -669 123 -819 992 -45 370 687 232 126 -264 -997 31 280 972 -482 605 741 846 -996 -61 963 -202 628 93 542 -30 -942 -827 -777 -498 930 264 634 132 271 624 854 826 650 855 369 -152 133 -570 -686 -898 672 690 288 -732 -647 -362 913 -547 782 879 866 -830 623 989 -295 -32 485 -255 -930 -695 -357 -765 -281 395 585 29 -108 
942 21 -28 -894 -177 971 603 -893 -619 -95 406 -336 -280 843 908 -185 798 -340 -835 53 322 786 931 540 518 420 403 535 949 -253 -834 -521 -557 -273 621 -880 -101 627 -472 -874 507 403 -808 -796 -312 640 850 517 759 709 -659 170 -299 478 -943 -654 -733 961 865 413 873 475 -231 780 152 785 659 -810 -751 447 -585 -275 890 485 -145 -668 497 512 988 -563 -149 -152 -363 -269 -44 84 -470 -732 -396 -727 -365 359 203 995 122 98 285 454 232 177 
210 -291 555 209 -382 -509 102 -62 688 -403 266 -187 -48 740 183 -245 -33 -720 -850 376 640 234 793 261 601 -276 -945 541 -637 -761 702 861 -142 731 -146 956 307 -559 -957 -186 322 -462 590 -881 -320 136 310 -8 142 960 520 994 829 860 -793 -961 -509 -939 -655 656 865 766 -969 -414 557 -27 -470 -981 99 415 612 -619 269 878 -484 -415 552 -535 -624 922 176 256 776 506 313 923 -54 -389 -300 555 -645 -724 -171 -862 -671 -688 -310 276 -190 -644 
623 -815 -399 161 647 -383 415 29 -78 -916 -220 -940 339 399 -858 -458 901 -987 -134 166 -302 -248 -289 -538 -948 463 998 309 -924 507 719 617 89 -961 -863 51 -791 -408 -531 -435 706 52 30 -836 -824 596 458 952 -885 241 794 306 534 624 -77 -31 -806 -258 773 -560 498 614 -607 529 315 791 -858 -311 -687 407 730 58 53 -357 -27 717 -410 528 -358 9 749 -29 249 -315 -63 891 -136 -659 628 -248 32 267 -411 -275 618 792 830 -157 797 174 
994 -752 514 177 29 517 667 663 -312 -239 472 -342 -851 -418 -602 -113 276 911 609 312 -585 944 -226 811 2 345 775 -884 -411 -645 -907 -317 831 -495 -774 -622 84 -312 869 641 -698 -519 -249 789 681 -323 644 -638 -592 361 -258 278 -790 -61 -277 108 -47 493 -712 122 951 -851 -865 -136 776 -155 463 -469 -370 -747 948 160 952 -913 23 252 506 -684 -818 548 -898 316 -187 -928 -585 -622 680 486 -511 172 -11 -818 -285 502 -743 -520 -287 -992 547 793 
-210 277 52 611 559 170 345 -767 -971 -152 -990 -844 660 34 578 478 56 455 888 897 -491 817 -58 -584 -180 168 778 807 120 615 58 -810 -129 363 532 120 913 -980 -333 -364 -246 833 -605 533 872 -584 659 -402 762 -937 511 -570 -266 -983 -685 308 615 -255 -482 -795 434 -230 -224 659 -452 706 989 871 472 -319 229 440 974 710 975 911 808 -87 -685 281 315 -77 -783 -818 98 915 -138 -726 -651 -341 -622 -238 -813 188 916 551 -59 -678 -26 303 
-141 -825 -476 297 -666 485 963 -478 -98 510 -150 -833 861 -630 625 477 -729 -535 252 -297 398 -79 470 -757 302 -376 655 -639 -946 -281 -154 -651 -916 270 -526 400 -323 -166 -95 797 -540 859 677 -211 -859 -445 887 353 -291 367 240 546 253 -929 926 -787 287 -989 -29 849 -225 810 230 -575 690 -975 -179 67 491 946 588 114 -863 -622 546 -734 429 -459 355 -349 19 -422 -181 -244 -596 351 -135 -489 -852 -893 820 -270 -992 -499 617 486 290 890 652 -54 
838 -461 -207 84 307 -674 -377 -499 65 -762 -200 -395 483 -930 -272 33 -307 715 -647 -240 739 324 -637 -687 -481 -113 889 569 -424 -49 -915 552 430 387 -347 -261 48 202 239 796 -340 -512 -124 235 704 487 809 35 -221 493 -259 -151 -964 16 -590 933 953 221 551 -687 131 734 -767 532 -186 -933 -294 640 713 205 -520 -26 -354 -459 -85 953 -73 863 -301 -856 -90 178 599 -263 39 778 266 -453 864 140 676 613 344 -402 306 -770 340 50 -354 -115 
-514 -430 -60 -148 -16 -947 -783 708 -649 -379 391 -230 -164 -458 93 -739 -824 -773 613 -128 553 -178 563 -435 -674 -89 -870 857 56 -542 231 -475 298 30 -208 810 370 894 -491 -725 -100 714 -314 -259 688 978 820 689 138 268 -708 408 -269 -305 -526 54 -865 11 556 -565 -726 -117 -212 426 -846 545 346 -566 753 70 -317 -535 -458 87 -908 -271 -490 -806 5 -289 757 53 -709 -846 137 559 -180 70 613 303 215 255 908 35 -575 530 -653 -449 831 922 
-541 409 -680 -834 -574 355 862 -180 521 815 322 486 -478 64 -597 -448 742 109 525 -757 -80 -823 187 724 478 646 -776 766 -866 399 437 48 636 -145 -455 -11 389 -178 141 761 -807 381 226 900 65 -941 -911 935 298 -980 -575 538 185 221 118 -844 -704 594 -838 267 -954 442 -972 794 176 -754 898 -94 108 857 -164 383 585 508 -900 443 310 -718 -832 62 -992 555 -150 -2 629 -261 -669 -643 -853 791 -445 73 -159 -539 -716 462 597 482 -211 -52 
387 438 -723 402 69 -521 -497 101 577 -246 126 979 1 97 398 -90 -224 105 20 -431 893 672 -215 867 -990 -15 -244 602 -185 -422 866 -985 -601 669 941 160 979 606 165 -244 475 -778 -119 -987 695 337 -884 315 -678 -882 -501 497 560 -888 -600 -747 -53 242 -22 16 840 677 495 -114 -208 141 453 -125 -906 332 740 -379 581 433 288 -936 -971 17 69 -778 944 -525 523 -169 -97 640 947 864 4 384 290 568 -797 -177 -455 866 -733 -695 417 -69 
270 225 437 -715 406 -340 384 -299 651 693 270 -466 -184 -275 -636 -867 244 -98 -866 260 197 48 -780 -67 588 -489 -400 -955 -747 -659 -837 -179 -705 -295 823 173 521 -786 -172 -604 421 -380 121 659 672 -655 167 766 -466 927 668 -682 489 133 -612 -978 540 -869 76 -278 -931 -657 419 -877 -26 51 425 -230 30 513 696 545 546 693 -12 -157 733 167 -913 685 796 981 -492 607 207 -642 257 -230 -567 807 -463 -404 971 894 687 -753 -865 567 -168 -154 
-438 -424 -596 -344 -888 -203 16 990 -616 385 -472 -376 865 111 744 -445 142 496 702 136 -692 -879 850 -169 -402 -21 274 95 -984 -850 -884 913 -352 169 -863 -477 -891 140 354 836 770 -1 -789 -954 -811 -424 -620 -45 284 593 -374 454 -333 544 157 -181 975 -790 704 131 -222 558 368 799 657 220 226 869 -556 656 243 -884 939 -669 -354 805 -38 -45 933 -946 -399 818 -581 -66 739 489 -859 -410 -785 -74 -672 -157 -833 -777 244 157 609 156 647 110 
685 20 49 37 581 -85 -554 389 -569 196 -255 542 -752 -866 17 -626 486 -596 914 -382 323 917 530 718 -26 878 580 -905 482 55 -710 811 129 -265 643 -550 -813 706 537 -933 901 -723 -111 386 426 608 473 380 -258 -193 -971 827 224 676 7 -138 189 383 329 847 246 824 775 -471 -638 336 528 110 597 -116 -350 420 -504 -532 -166 478 516 -151 166 603 418 38 -959 -584 -85 -657 652 -975 -346 -595 -40 853 393 -469 -902 333 918 -907 371 974 
367 38 -647 138 474 -803 598 227 -865 596 214 637 -600 -361 -76 417 -141 -405 -385 -284 843 331 52 11 -509 792 -920 742 -365 -741 738 -51 -468 764 -408 -580 -532 925 887 469 106 971 308 -34 733 215 28 315 -483 -833 428 42 -92 -299 784 681 -419 -105 383 577 838 -66 490 -482 943 395 533 302 448 -376 186 -336 -224 598 708 -954 34 -838 49 797 920 -250 54 951 162 -248 -894 -665 719 33 412 569 -457 443 -316 -753 -385 -313 -148 -54 
966 257 886 381 89 -256 569 -203 -136 -689 215 434 127 625 257 -39 158 -54 -785 278 27 -617 -238 -731 -497 426 908 702 -777 897 -995 365 508 600 802 -539 -411 -491 -773 363 207 847 -594 -130 936 -467 -855 -79 518 -528 -267 437 -270 -144 785 -160 603 79 -213 359 159 893 851 -130 -844 377 -228 854 -901 488 302 -517 984 469 907 210 534 -537 748 -630 -484 -740 69 -716 -538 768 159 514 906 751 541 309 354 176 -998 571 961 -456 444 977 
-331 -882 611 -926 -77 -893 -714 605 -542 -456 400 786 509 802 802 63 200 -395 -122 -714 234 -940 -953 -697 363 203 312 664 485 -446 -99 158 920 129 -89 472 -883 -573 -540 -445 531 320 -863 -161 919 -287 -341 321 -537 919 152 732 327 -943 803 489 931 -955 86 239 -846 -572 -751 -999 777 -321 494 -617 -696 853 -73 -81 87 674 -67 -524 804 493 86 -185 -518 732 829 -50 149 -821 192 281 84 -909 494 -902 955 775 840 414 -738 320 -82 -962 
684 -491 164 259 -39 532 180 616 535 725 -337 -541 266 -178 678 473 49 -336 751 166 285 242 471 847 -309 677 -116 684 598 -538 828 675 664 293 516 502 -746 -259 635 658 42 690 -425 779 -764 -881 679 522 354 305 745 -125 212 680 424 973 590 -503 -615 918 698 880 -919 -575 546 -811 -928 896 48 -198 561 -702 -77 228 108 -7 -117 321 -686 468 -269 308 716 -306 -100 -451 927 -284 -709 -364 -243 727 -739 -176 446 168 661 -223 540 -536 
153 662 665 -856 -998 -926 642 155 -423 211 -297 974 -206 93 562 -517 151 -285 -37 312 433 145 100 -171 -396 -303 -290 -559 349 -147 -296 -172 -142 -425 -217 222 784 -421 -616 -684 -936 799 380 -844 448 -293 137 -313 -58 794 653 -240 -217 -701 576 91 -583 -30 -459 -617 532 -401 -546 13 -178 900 555 93 57 -846 51 631 863 -179 -770 -260 -421 -857 -291 917 715 -441 803 364 -995 902 -363 551 216 -551 -478 941 -392 696 481 732 -857 -55 -228 315 
817 135 -37 213 666 -439 -675 -298 -913 -31 -301 880 -532 -600 -773 282 -647 577 -125 -332 293 750 639 899 355 766 -198 458 739 -908 482 597 -302 -357 966 274 -387 -626 438 -811 -759 -350 -74 190 520 -445 951 -576 -255 -593 713 776 164 764 213 620 410 -546 -119 711 -111 -253 884 48 650 -327 769 -208 -714 463 309 372 -760 996 -75 676 -821 719 934 -29 -234 -968 353 570 -563 -576 933 -862 -34 -298 705 -695 396 -403 106 -146 -403 974 -496 204 
-345 -45 -764 -596 414 -15 -284 -768 716 858 -533 -619 -885 -568 922 784 -647 -215 577 -27 892 530 -817 -278 -435 157 -543 411 18 629 822 986 369 343 488 133 -880 343 737 -810 -917 -163 -122 967 -496 -761 -763 -505 -751 -18 838 -709 550 -246 950 -878 988 868 595 -142 -777 -771 -547 -657 62 928 -877 -504 636 -786 -90 -414 -221 -82 -179 -844 -135 598 -6 720 -888 -644 -917 -921 -782 714 960 912 855 371 230 968 -159 -621 -570 112 -869 20 -90 431 
755 844 447 -167 -986 441 -639 49 741 674 -494 279 166 791 764 839 337 609 -51 615 -408 977 -709 -181 -139 300 752 274 442 303 -960 -809 786 996 655 339 -303 -578 957 578 -366 757 -19 52 -193 568 -82 236 271 144 -167 -428 -731 619 -723 -621 484 -940 962 -691 530 536 570 -940 -685 -518 99 -696 -532 -768 -919 856 -884 455 631 634 -821 537 -299 -95 -859 832 -206 52 -309 602 -551 532 318 -643 -580 -614 8 -694 155 490 93 320 -447 -231 
912 -547 976 570 -406 929 496 798 346 -247 -294 215 989 171 536 -412 872 104 -867 342 322 -244 -505 486 171 -220 179 215 -140 -988 -297 138 527 -799 -366 -742 499 -715 697 -690 -3 -499 544 -152 -278 597 891 -595 832 -898 391 866 531 -64 -595 -788 994 -833 -149 210 -488 956 -819 -522 451 -459 -928 930 906 578 -296 -472 260 -202 347 -816 -508 -468 -972 652 -530 -187 796 -734 759 -866 -141 -205 350 476 464 -535 -77 -745 86 -462 -94 275 -977 -197 
-378 -492 30 -25 -391 267 -436 -752 367 194 308 -58 -92 -645 -267 -67 887 392 522 384 709 906 705 422 915 -210 -391 -659 422 809 714 315 846 -37 -575 -581 193 425 859 -211 481 -145 308 -902 450 944 383 -817 295 -677 957 343 497 -427 -939 -146 -185 -1000 293 -239 -380 86 308 -697 381 758 -50 -393 -584 -694 -532 -681 409 690 -929 95 227 823 398 686 306 -369 590 -634 124 -423 584 675 -105 552 107 745 -483 551 -829 -103 -198 -102 -733 -790 
257 724 724 -748 -817 -668 3 130 -693 264 -332 44 574 56 48 -119 -331 -295 -473 191 -623 -901 656 67 645 192 534 322 231 368 -169 -501 -458 -479 486 943 -829 403 437 -224 28 -142 -613 9 -388 -500 0 402 -808 -294 -492 477 -34 -842 182 907 -879 474 -99 -372 -197 157 142 -325 622 -478 -341 -128 -362 -83 -483 60 507 973 -245 975 -384 -922 -585 -141 105 -490 -942 524 466 -208 717 588 698 938 -296 -810 536 -963 524 674 842 -941 777 977 
-753 -32 -264 727 -835 -61 -943 862 -118 -985 99 -164 -25 -933 -464 954 889 -672 940 840 -68 -351 158 245 -981 259 -33 632 627 -400 18 -102 328 102 911 -144 412 -366 -218 -318 -755 402 516 -920 -286 -579 662 66 471 995 -601 -923 219 640 -406 -326 217 265 277 -966 -399 102 781 381 831 620 -846 -230 983 686 473 -141 -598 615 135 -717 306 26 -634 807 946 -779 -497 405 165 -549 939 253 483 975 -735 413 -682 367 -191 -471 507 59 -716 -825 
543 -162 -447 -585 -48 -568 859 -402 -425 795 150 186 -929 -150 -620 -215 -506 -831 580 -342 851 845 -412 804 237 552 182 -952 106 552 -729 544 -756 -590 -207 -275 592 904 348 -69 1000 -979 -926 -5 -611 223 -998 -368 -506 -275 1000 -950 252 -889 534 -742 520 104 675 131 86 -41 -100 862 -689 -863 423 -915 883 -198 -877 -269 -790 447 764 -166 906 -586 387 -25 -645 -600 329 -385 -927 342 580 952 -512 -663 -934 320 819 348 -562 393 512 -227 -947 -399 
602 531 -31 -10 254 41 47 -335 614 -901 -324 18 108 905 663 445 -660 -785 -847 -943 756 -211 -77 447 390 133 10 -649 752 -937 748 -43 555 316 -847 -716 -768 621 941 511 -58 -792 182 -209 -568 659 -538 -3 136 735 -315 -195 460 795 -112 303 -469 675 565 -185 793 -262 624 -288 154 -844 -431 831 -891 -521 519 15 -700 793 -945 -284 -742 931 122 647 331 286 720 -130 900 139 927 496 -155 799 -520 -170 -549 -503 39 764 574 -5 109 -1000 
484 720 133 524 211 -44 777 -450 16 299 358 -511 685 -974 -32 684 -195 121 190 831 677 -837 -981 -88 781 -822 -690 108 -736 198 537 239 -973 -592 -638 376 205 414 -744 -384 -52 -712 -662 971 -464 784 -421 -73 28 624 -659 -653 -125 702 -606 33 -368 -124 -344 -884 -57 -852 -953 -458 -825 620 276 633 363 644 -243 -482 -541 -609 698 -52 -283 -702 -627 216 642 152 -46 -556 -23 -571 -243 -60 -815 409 -399 615 -972 -842 -168 -330 734 -949 -289 394 
615 340 368 -924 -190 -349 -739 -12 -260 -626 347 19 -177 82 -802 161 -587 7 659 350 -55 -503 -435 55 -925 235 329 798 51 -956 450 456 -732 940 351 622 556 -433 -939 -207 -818 611 -549 -271 -604 -426 -931 -40 -600 525 -37 755 -450 598 -371 -687 -985 275 -640 510 658 59 866 184 -181 761 339 -765 -536 464 -25 81 575 457 -593 214 -462 913 -886 564 666 801 -883 527 -856 578 -232 631 -497 170 414 -419 286 271 814 313 -874 -699 -365 -865 
807 597 -912 -789 -338 -842 -760 538 -490 -495 -227 102 562 -812 -481 784 -953 772 -135 -337 285 536 545 -418 314 684 48 150 477 -800 -953 -144 180 -938 527 -711 657 -921 890 -694 -340 165 647 -776 886 663 -84 -840 212 -87 -755 110 -79 -52 389 -555 -525 -605 -305 451 852 440 242 -138 -939 926 -446 -616 379 607 450 708 155 608 -468 55 -420 -142 -916 394 -124 906 -450 -350 787 89 -400 326 -425 -624 -441 52 -902 -48 965 -61 786 200 -726 -201 
-948 389 -546 603 744 508 950 643 -437 726 109 317 -956 473 294 -848 599 678 -862 -446 361 687 -18 182 -753 700 681 289 281 128 159 990 824 -451 -484 -515 -282 -264 93 -727 -197 408 927 139 -149 -560 412 -319 425 905 263 -354 25 690 146 766 539 552 -81 -187 -445 190 -495 766 -989 86 -123 603 371 420 -292 -541 911 752 -755 -448 -988 368 795 344 -970 -235 362 646 -110 -717 23 285 -633 82 62 311 851 34 -696 -144 -485 178 -339 -721 
643 88 -880 -713 -122 -961 -620 34 -147 989 -841 8 -291 -310 -767 -164 -805 -773 869 -302 571 746 617 303 -966 268 -365 534 275 -2 -278 601 168 -485 -633 589 -815 -282 -369 157 57 906 197 -29 -14 335 992 146 260 -329 209 237 387 -338 584 -206 78 225 -618 822 536 939 254 328 -277 -933 -30 -882 378 -724 273 -284 -131 -275 -514 352 -145 946 498 -713 636 478 294 927 773 -605 -822 -708 417 -263 -191 -869 -785 -353 -194 -448 -279 -537 -778 -907 
-457 72 35 209 406 631 -248 508 783 -90 993 -18 -739 -520 313 881 -38 899 -528 -913 575 498 -754 -351 492 929 6 663 -265 914 -392 -377 -890 22 -428 -938 -935 769 981 966 -264 139 -350 955 243 -237 -110 -617 -443 10 -712 609 704 -125 769 -501 180 -372 -731 737 526 158 -576 40 424 245 267 824 906 -155 192 -341 184 458 -933 -419 658 -7 -53 -346 314 525 686 -758 -295 29 -925 -256 680 257 -44 217 -677 826 -961 -310 -21 926 557 -840 
-927 -869 -471 702 -721 -615 -158 984 487 -375 808 46 598 483 -370 482 -345 558 178 481 -613 539 -149 587 427 -806 -705 -193 414 199 -615 453 -318 286 340 -807 715 675 -970 124 527 -414 -947 -669 -825 -273 152 -130 -520 -190 814 910 -25 242 459 -208 -885 548 112 -489 537 273 -915 -33 439 -334 -172 -534 263 220 -656 320 -915 165 210 509 849 128 32 423 -97 -9 752 859 -865 -831 -988 -398 83 -292 505 623 -877 -896 948 425 -723 640 -113 -924 
-160 339 578 -133 -369 -631 -518 -461 532 517 -913 490 -973 -735 -950 -618 -706 -999 -196 233 498 782 -535 -680 -375 574 679 -789 432 964 647 -460 -993 947 -188 646 -252 622 140 -761 -125 -376 -480 936 532 -509 -183 498 291 889 902 -583 158 404 -180 454 187 958 361 349 -181 708 828 -940 358 878 -685 988 -421 -192 -275 63 -468 -699 404 746 620 552 248 444 346 -949 539 972 -950 -316 -914 -392 647 -112 -643 241 -345 58 -340 452 -748 198 -963 200 
559 806 -964 -957 583 -747 -92 673 122 -125 -795 -416 -537 31 434 81 48 37 884 49 -972 605 -16 -529 -847 575 -959 -353 529 551 561 262 -357 704 -69 -770 460 -568 -588 253 88 -304 278 -943 -899 623 78 -151 -895 -284 524 796 -752 -142 -249 -13 788 -906 -976 -137 938 677 -41 -751 217 995 807 -41 -449 759 228 339 -636 476 511 -377 -359 -946 -973 -492 -365 -184 348 -978 -62 143 146 -588 -328 581 600 -442 -837 -462 414 -640 763 575 366 -570 
-686 -9 301 866 -131 -627 929 -350 -332 448 -135 -692 811 607 612 -262 908 671 -390 110 949 -337 -904 114 712 223 -923 -169 197 -293 310 -278 -290 552 -187 546 578 -778 459 -457 872 -20 -365 -681 366 35 -479 -176 -522 -281 129 -435 -413 691 36 696 -923 -104 -855 477 -516 514 -100 591 195 197 652 -398 -996 -604 525 775 187 804 -308 -582 719 901 679 60 482 -475 -259 282 370 -422 -334 39 103 -776 350 961 -216 833 -873 -432 -552 777 -291 867 
-227 -339 -205 236 -833 557 -506 -330 4 683 482 857 585 40 197 -775 -499 -173 -58 -79 -478 196 300 -432 -604 -737 -89 522 -927 -554 -912 -244 -271 448 -331 -825 444 854 -664 233 278 -227 -868 -641 755 -513 -756 549 89 -447 94 538 375 -971 640 810 356 -929 328 607 -71 566 -450 910 -692 -636 644 232 -555 580 311 -257 -614 655 648 981 -481 -823 -427 192 -860 583 953 510 -844 694 477 857 -924 -240 -469 -363 515 360 603 500 -559 -140 -107 -652 
-508 444 -464 -211 657 128 -491 162 886 -331 673 397 561 238 -504 164 -252 317 277 11 432 -982 212 -924 -294 -702 958 909 424 847 812 665 616 -782 324 -812 299 208 179 598 -442 -418 -976 786 -223 544 477 -34 223 141 -239 419 327 419 -341 -251 435 -710 -557 901 -131 688 630 319 493 472 726 385 -438 351 98 438 -350 773 -381 276 -101 -687 903 -251 465 -483 817 -444 115 869 -878 -560 384 90 133 -565 723 -141 -29 -93 -910 -355 -712 -360 
974 239 103 -120 179 958 149 -985 -24 998 -801 -676 989 812 -882 -181 -212 207 669 -71 -541 182 578 -817 -823 -862 -994 961 -468 -842 223 88 666 -219 -636 -140 43 114 -446 606 874 -293 -785 930 -801 -986 975 -381 153 491 -799 -820 367 -143 199 -609 219 941 966 108 455 -969 -535 117 -191 -78 -107 -496 -511 222 748 100 578 -698 -377 -938 -8 208 -879 -123 663 -92 326 -979 -747 72 -876 630 826 -867 -398 -185 -631 977 -671 699 -682 381 -450 -16 
-30 457 985 843 918 117 -58 -999 -795 -793 792 -885 -456 596 313 -192 -562 -938 -432 -547 936 441 -444 434 837 787 -522 -461 -75 -193 -106 -815 289 -867 589 -694 -735 930 -2 -888 202 285 -40 -265 897 -41 -357 -753 -540 -535 439 -637 322 -479 325 610 -641 -555 896 -428 243 -34 -386 -221 -942 -254 -501 -6 388 -646 -843 270 -775 -510 140 880 -52 -895 619 -129 -92 829 -28 101 178 -60 -214 248 630 882 7 225 -982 -69 -364 666 815 305 282 -254 
190 597 154 954 863 -498 152 256 -362 935 -462 302 296 637 -104 -106 -957 -213 350 -185 -977 813 833 -59 757 -930 356 -549 -387 -289 -788 63 755 -571 -176 -58 849 139 992 -50 -437 -978 42 -51 -648 56 71 -533 905 -354 51 -465 -370 927 -737 -11 -422 -210 -221 -206 230 850 -357 803 453 -681 160 182 269 -594 -349 731 966 -569 -323 -290 843 -759 -27 -914 -595 -150 876 -133 240 158 -782 469 -257 955 116 320 -280 -319 -369 -371 380 338 -584 -29 
-519 210 871 -663 -690 886 117 449 464 955 -149 762 76 521 280 208 387 -445 -895 498 -869 -94 -768 -865 633 -966 -3 520 519 -402 -509 684 -38 469 4 -507 842 457 740 -597 479 893 -804 475 -467 -679 259 435 -584 280 -30 -812 -430 -201 945 386 -804 -704 -329 -580 879 458 281 -618 -166 672 -991 -618 -318 -450 252 304 -864 -676 191 301 523 -64 -863 -27 -203 787 516 -65 -883 -988 199 -203 227 -91 794 -130 930 -856 -870 324 550 382 857 -257 
-218 926 -568 -104 361 -610 885 -137 -651 -595 -375 937 -722 829 -910 -855 290 541 541 -771 -993 -280 337 -878 738 -55 125 558 -712 797 651 810 -57 899 -317 167 -609 -883 68 -872 153 -417 -6 244 -308 485 196 565 -13 290 146 473 350 673 839 850 -577 -332 -877 -52 -389 -214 -357 559 -382 758 832 -221 -189 571 -406 132 954 222 -101 -647 -484 477 -116 437 871 -580 367 -42 570 -617 -59 972 165 158 -773 666 -333 -133 176 -962 378 482 918 349 
848 962 -25 256 516 -138 397 991 199 -706 -87 226 623 253 -456 265 -222 -738 -221 296 727 643 922 -963 -782 173 -264 870 131 708 -447 984 -802 839 -829 687 670 921 914 -312 454 -663 -559 334 113 480 662 -520 655 -119 -455 -478 271 -609 -378 35 -413 -8 -368 188 888 606 305 927 182 -345 -265 -965 -603 480 -542 783 -371 442 104 254 369 -161 58 825 33 -725 204 -837 21 613 493 -85 126 -446 247 -501 504 418 117 -151 -923 -234 278 -995 
-734 776 -751 -50 -224 -943 987 76 885 204 -360 304 600 582 -472 663 -352 -433 -22 -171 -854 747 533 519 569 350 379 -56 -536 -158 597 -188 -750 -12 464 639 75 51 515 -501 24 -162 -975 463 -70 -112 -79 -637 956 -649 609 828 754 150 188 -210 -63 -841 -877 383 793 699 777 -233 959 466 -912 766 -707 982 834 -758 420 -734 -326 -1000 -641 -368 -796 292 206 -960 904 139 -439 93 167 -12 -229 455 -677 204 182 91 78 -86 622 -745 -548 659 
107 -497 -962 -906 213 798 105 530 726 913 70 739 187 612 675 681 -288 424 359 -736 -43 497 613 1000 -288 -746 -941 254 30 164 -351 -972 877 179 961 -105 252 506 -907 -212 634 648 -473 -197 -937 -960 -944 -882 595 -203 132 919 -510 -810 472 99 -661 -128 -27 90 860 331 -890 265 840 -252 -872 372 114 119 -746 974 398 -84 -1000 -716 -16 185 -418 973 305 586 148 -774 -847 -288 -241 -780 -519 -223 -665 635 226 -250 860 -802 87 428 -870 524 
759 293 759 -637 948 -344 577 112 -513 -425 -51 -299 229 43 593 709 249 774 -345 267 766 162 -540 246 -442 98 -589 -952 -838 -948 -785 -569 983 -55 -794 -526 -510 714 488 -851 18 493 730 -53 584 -136 -149 89 396 -910 945 -771 -834 904 253 467 925 291 -718 531 -488 769 485 -754 -210 -174 -965 638 854 -765 473 -582 93 -461 -75 -71 987 937 712 -127 618 497 500 -840 -942 774 697 -412 384 -600 -200 53 13 449 -347 321 866 -606 -685 -355 
-531 -605 -118 800 688 -474 -259 335 208 -370 -170 -947 618 936 -233 -734 -165 -361 194 888 -567 673 -116 824 -855 103 -482 -114 516 168 709 -831 371 863 -716 965 -666 855 395 -929 -520 -60 572 696 716 948 -595 478 -20 332 -625 636 -705 -6 -39 502 747 63 584 406 835 -138 174 -44 -745 -80 827 -616 115 -840 -928 964 -682 532 632 578 -90 321 937 -212 600 -542 -479 605 -939 -890 275 -799 420 333 -746 -373 280 393 -887 259 -206 221 139 -732 
