-388 -241 -470 103 -608 -545 -139 -120 -954 -131 -609 652 -511 -554 262 227 100 161 438 707 17 -918 -669 736 161 -782 800 851 -60 969 -746 965 -960 411 931 -295 212 633 -566 984 339 386 -649 661 -508 208 637 -165 -878 815 468 -239 -212 758 -777 -131 137 -961 -270 -61 -510 99 -128 864 -410 -158 -501 -116 167 521 467 444 477 23 -480 542 13 -269 -616 -672 -781 460 125 784 -610 790 -915 -113 787 338 643 323 -664 397 249 320 886 587 963 945 
-684 459 500 669 890 498 -645 835 462 -598 545 4 527 855 -700 781 231 707 -795 -855 -312 -363 -224 567 686 -259 -407 992 765 639 949 122 -339 -382 -776 315 -452 -293 -31 -592 730 -120 -557 -700 363 -957 -993 -532 -888 580 372 771 887 893 -115 932 -702 -217 -141 456 944 -17 400 665 601 168 497 774 559 607 -365 -323 -313 -926 -733 942 -48 -142 -701 702 607 -907 -580 -242 923 553 525 118 470 918 -138 814 101 399 61 672 -768 -53 283 73 
-174 -268 229 -441 -850 195 548 -298 -477 989 441 -351 98 52 -397 -630 -248 950 446 789 -61 -520 758 -971 -687 -23 -844 -535 -182 299 829 -622 -771 -889 425 -503 -465 834 120 -929 -343 614 772 -519 392 360 926 453 -62 -476 -881 -690 -442 630 -949 902 567 772 611 44 788 -850 -97 842 313 190 849 755 781 -955 -177 -688 -427 870 155 113 -11 -487 -849 -691 203 211 100 -364 461 24 -144 -483 -721 969 839 -25 -283 -607 -372 413 327 745 848 553 
460 -912 470 -606 -122 -314 -446 661 -561 347 472 472 789 524 -70 -53 510 -727 760 595 603 -238 816 -463 215 902 -425 237 718 -838 415 969 -398 292 183 134 626 -233 99 -188 -538 -908 458 -600 -613 259 61 -197 29 624 -893 -620 597 587 213 -99 112 -865 566 -924 173 116 -64 763 606 150 337 -305 923 533 178 -893 815 -530 101 -38 80 -737 -888 -626 631 224 147 -51 -432 -780 736 -122 -828 -285 574 -887 375 -166 375 -834 866 476 555 938 
-903 657 -808 -345 -246 -811 870 281 -449 780 -288 -649 283 728 -361 5 795 862 -455 473 512 -165 -88 -531 -163 -152 -468 240 160 181 -674 -909 346 66 249 865 627 -380 -911 -307 281 -113 -983 158 -636 -680 -563 -729 99 -246 990 -961 67 -576 175 -780 -857 609 -68 -951 350 60 514 -777 13 789 -932 421 423 -464 -182 -572 -988 -107 -236 844 334 985 -787 933 294 -52 -435 -978 244 -539 -332 118 -594 -851 -521 784 129 546 81 -28 78 -508 -554 -170 
433 -886 692 -413 -967 783 -523 -974 -271 -229 -191 107 914 920 -194 -619 629 -102 -711 -635 43 620 -383 165 171 720 903 46 -828 737 -823 -813 335 -774 -585 -45 230 545 -67 204 -20 -511 131 -522 773 110 198 -112 971 942 7 -91 572 961 640 -578 426 -446 -534 -116 -45 -363 -451 448 -735 -627 -113 873 652 -668 609 -139 -630 216 63 43 -999 -953 262 -304 894 -363 -453 79 654 -356 -910 -421 -2 718 907 -453 912 795 208 -629 937 796 451 -556 
92 -311 -650 381 -163 -917 -9 9 -821 230 733 252 517 -333 -735 880 620 819 812 264 -449 258 -353 -178 -814 -113 -552 -318 545 211 -58 -297 879 -232 -882 -114 754 176 -184 -394 510 379 785 -517 68 749 -313 -384 -686 -588 -201 -623 497 513 -535 857 218 493 -541 -87 -331 846 -326 468 925 656 536 -381 774 128 846 -333 809 -698 267 -266 -83 412 -436 488 824 -903 270 -407 -998 326 -457 107 59 -533 354 -8 347 19 -908 -592 -189 938 -311 755 
919 -688 -892 -685 -959 -458 81 243 428 820 85 -536 934 983 -433 -945 298 759 271 -115 587 -772 182 -282 554 -137 -561 -207 890 297 -613 -708 -378 -808 -4 -524 -866 -364 -748 771 -581 -732 478 940 -502 622 184 376 422 585 950 -297 -920 918 -998 -351 -710 788 886 -744 417 -248 -654 -50 230 -863 916 -763 834 -48 273 -591 621 -560 441 -108 -893 740 -442 -244 -979 -338 -987 198 934 -205 -924 150 -600 417 826 33 -334 -432 146 -221 731 -764 -288 519 
-26 645 170 359 328 -923 511 -813 -56 -797 74 648 -788 993 -365 156 -120 -915 477 -359 423 592 763 -829 553 -568 -790 -40 19 -439 176 40 -804 -481 708 391 355 384 617 -622 9 -66 -579 -419 404 29 -233 582 660 842 965 433 542 -367 -155 387 700 -923 378 -334 662 -336 611 -625 -580 186 289 576 -429 449 -724 -141 106 309 658 -547 465 754 293 -955 345 -646 -81 352 401 461 -871 -912 -877 -534 663 965 -693 176 410 -403 -685 -79 -973 248 
-637 64 -214 -879 427 -305 394 483 692 -854 393 -707 -560 -306 203 16 -346 187 671 -924 -444 -91 -156 -909 958 -885 345 362 28 -302 670 899 -531 463 -352 282 -960 -342 -329 -899 -201 -687 513 482 -843 -275 417 319 155 -436 -295 814 319 -284 238 -521 928 215 573 -741 921 218 143 -9 -100 -95 -967 -95 -778 -533 -283 -208 766 -920 -711 361 -549 646 -715 -120 480 982 -299 -925 -50 900 -170 -597 -265 112 -663 512 -122 398 -765 -217 -349 364 -257 -507 
807 264 -670 -6 818 718 781 232 -719 -604 182 451 307 -930 972 -884 174 680 -763 910 186 337 -71 -961 782 542 294 668 646 210 39 868 -495 507 89 -601 753 410 -861 -391 -737 -436 610 -853 47 320 -425 411 716 429 -167 -266 -381 935 543 -967 -584 -30 -383 -593 -597 -70 989 -474 -728 -441 135 370 -219 -441 567 -193 515 892 892 -802 -973 -431 911 -207 249 -719 -296 -501 231 826 350 210 344 969 -879 -491 942 730 530 672 806 -302 -201 -415 
59 634 891 -823 -109 -41 -896 -863 775 -194 724 -702 919 -68 -786 -241 388 -660 -378 -149 -835 588 796 227 -357 -934 -208 -248 401 889 -495 -289 908 248 -771 592 -58 -886 -557 -432 -782 -891 235 885 537 -310 451 873 258 4 -505 -514 -224 359 857 -892 464 -292 -917 -698 112 -480 -160 128 -540 135 579 -542 89 279 -636 776 -315 -510 182 404 613 886 900 651 220 390 -652 -814 -896 -859 130 -563 -970 -739 830 -985 237 -189 180 -17 -96 -126 -583 0 
-134 -636 -491 907 44 -651 221 -372 311 -865 -858 -179 622 -681 92 343 107 -664 296 781 -513 -4 -445 202 -351 -274 742 273 -587 -110 393 -786 -166 407 -310 724 -808 151 316 415 729 716 199 552 583 762 -612 302 -303 811 -278 -186 901 -885 848 -556 751 -663 525 834 -892 794 -147 175 345 -386 907 -75 -456 34 -147 66 935 620 511 948 -309 962 -123 855 -886 -130 -562 212 -273 -607 38 -792 716 -646 394 -422 363 960 892 -725 417 873 -122 -425 
-522 -922 -771 -364 19 -930 311 280 -469 240 -705 -675 554 -859 -468 84 -682 477 -938 -107 591 434 432 -331 -672 173 843 -213 199 -238 -722 671 -700 -335 362 365 -998 -627 14 -252 538 -134 -241 -974 30 -691 -31 379 618 643 -784 755 -112 800 -35 -622 276 -107 -951 206 -934 -911 409 -810 -192 313 -782 613 -778 -569 845 -814 374 -772 62 -353 -672 -988 588 -456 -23 238 193 -582 601 -687 -889 -716 356 759 -917 299 -612 -517 550 243 718 -81 -536 -955 
212 328 346 -980 -946 219 442 693 142 26 -546 -945 -996 86 -755 480 18 289 -954 246 219 -140 -598 874 -72 -997 -58 -392 228 -502 242 77 637 886 -101 792 -493 -20 -467 334 57 -849 388 156 469 -987 740 256 -639 -753 583 38 853 -802 977 616 -470 -205 90 582 -772 -659 327 -182 938 -627 477 -646 -767 -767 -536 -281 -368 951 109 -319 611 807 -37 363 -78 823 -669 -257 -875 457 -496 -732 743 -822 572 262 -602 265 -450 -476 -821 -685 878 50 
449 612 -720 -281 158 -80 -798 -876 509 736 857 256 -853 301 -68 843 -282 -35 -760 -411 -442 79 -462 -213 873 772 321 667 -761 961 -339 512 -859 575 -722 225 265 -528 357 -661 835 290 844 678 -261 850 -985 -4 -516 -588 -788 -111 -529 288 -3 418 -682 -712 413 -195 473 421 -921 -728 544 -966 339 408 192 560 -844 616 -989 477 -411 -111 614 32 593 -760 668 864 -176 -267 -149 -574 -38 -650 883 120 381 -904 -779 504 -969 130 4 -474 533 387 
715 747 286 307 770 286 770 686 -250 -178 -680 974 671 496 453 590 -43 980 -968 473 371 -25 -610 169 220 678 494 -968 -28 123 724 355 837 72 -377 -839 843 760 741 -560 51 891 821 -467 -816 -810 -183 -959 -521 -221 -832 841 -137 -574 581 570 -428 668 110 856 -714 521 119 -298 -448 965 -244 -102 101 192 90 317 508 610 499 -42 -871 -949 819 -119 574 728 635 420 -150 500 -114 562 926 912 954 422 55 -147 950 919 -627 -27 486 760 
-466 -743 -741 221 65 413 -283 502 756 -737 -587 -546 310 -218 4 77 221 591 -432 228 -5 -898 -1000 773 -952 991 -437 -487 980 775 -181 -728 -699 257 -258 350 524 -258 -444 656 36 -170 328 894 108 623 477 -304 268 -60 -961 -495 -998 635 600 -529 104 -371 147 -140 -265 -403 685 949 -806 234 531 -826 553 -220 667 709 935 -354 584 -359 -585 -141 -841 -126 -944 -257 501 -485 -38 -575 553 -457 797 925 662 152 -190 648 255 319 476 -494 551 328 
-548 484 -125 -291 -321 -282 -616 -13 -908 589 962 -146 891 -812 31 -247 -786 -646 578 796 944 -817 -868 -756 -47 -373 601 477 -546 224 694 -790 786 724 743 646 -74 -396 -33 -766 -725 467 -41 -910 -280 -728 195 333 -618 -471 0 248 -604 -877 -933 -902 946 -785 424 -433 -580 598 638 -570 -424 -466 -597 972 -928 -745 18 932 -173 739 209 496 -266 309 318 457 321 -402 696 574 -22 97 -656 393 195 841 966 -658 -602 -977 -425 844 801 -158 -313 137 
-402 -992 -306 -238 -426 -187 -670 -684 379 -788 -114 861 -23 -106 -672 473 -831 -401 691 -109 473 719 -20 -67 -787 843 54 205 -53 541 284 -195 557 307 -825 -972 321 -609 -826 -231 -95 932 623 264 302 369 -154 573 456 -770 928 -102 -884 689 -58 977 -493 98 -817 776 884 -840 -93 242 -88 -312 -277 -913 450 -566 860 -119 -633 -135 388 -564 -268 717 86 -653 -211 -642 927 451 121 600 -976 668 681 -121 643 -651 -698 772 87 -629 456 -71 -771 -860 
19 -861 -499 -759 -311 -268 324 173 139 835 -519 -178 805 190 192 -21 106 -699 -538 569 243 -185 -754 366 -505 943 125 -929 909 109 -728 105 -309 -849 699 -290 -548 -664 -733 632 -609 -885 -76 283 -641 -552 -741 -460 484 933 -328 763 25 -809 119 833 435 -391 704 -120 749 -386 263 -462 205 73 306 -456 -800 -259 -753 -796 293 -84 -773 -398 387 -326 132 -98 -478 -271 12 -154 175 -109 701 14 608 -264 -277 -769 71 -246 -597 -267 466 -58 906 733 
-292 -493 433 -989 347 146 351 -403 -458 720 -823 452 -403 -157 4 474 -256 -822 61 354 431 -981 542 841 296 715 -753 910 -239 875 -97 -634 -937 397 808 -397 -894 -980 -27 530 -315 -362 809 508 941 -851 -408 888 638 340 -606 -813 449 813 13 157 -782 683 -721 714 43 640 486 512 372 -221 646 471 616 318 -422 888 -101 413 -342 871 441 76 -530 -3 -999 -927 16 788 616 -534 767 941 804 313 969 -239 -228 -787 835 767 978 -580 -981 635 
169 935 567 44 99 425 41 996 185 -734 -291 576 -461 590 -119 -739 -594 391 216 -800 -492 371 252 11 771 570 692 -660 421 -587 479 801 -886 284 -618 321 284 791 -917 -827 717 250 129 697 745 -979 -386 -666 31 781 840 882 145 -148 378 677 -25 953 -850 944 869 -908 -213 903 -27 480 995 256 417 -391 528 890 -970 -163 389 -19 200 549 -725 543 986 -150 236 291 -601 -191 -835 681 -353 763 -563 -53 -771 -463 187 -823 -38 545 464 -53 
-523 444 -806 -838 -5 -782 -545 344 -310 260 394 78 -958 948 -339 301 710 274 208 601 769 45 -868 986 983 -452 -720 -52 -588 -823 -619 -789 -571 482 209 -974 -583 -751 -21 177 383 -845 950 825 682 857 674 -416 305 -838 92 -453 48 -241 602 -23 497 939 641 -348 81 -227 -829 -877 -585 67 908 816 -678 373 843 -237 365 -443 156 -512 -608 250 -646 -302 870 565 249 -519 118 535 527 -604 -463 -871 512 784 -636 -64 27 -218 312 212 109 -919 
-599 966 352 -692 -41 -252 495 -713 -586 912 263 709 571 -899 869 203 36 -981 290 583 589 -736 -254 767 71 630 327 -628 327 146 86 494 431 507 764 -902 -967 -513 -399 718 336 -199 66 169 770 -699 -683 567 -678 -29 225 690 762 522 -902 311 265 317 308 901 -943 103 149 -683 -246 617 -174 845 336 -215 -388 -842 106 186 770 355 398 528 -307 -635 525 215 -969 691 -729 -335 356 -435 -567 -987 -454 736 867 536 852 988 545 -270 -715 124 
-518 507 328 921 241 332 -255 820 -531 -69 227 -784 324 -964 236 -596 -628 -901 83 864 236 -85 162 160 679 599 429 -891 124 689 -369 -712 -640 893 158 50 -159 -326 144 68 993 278 461 -338 623 -216 -729 747 -573 -221 907 -593 -138 819 -664 668 -121 843 -376 -225 252 -28 -987 -997 141 -952 948 -520 -525 -854 573 562 -822 10 898 -796 373 -979 478 851 815 768 -38 -326 -905 431 -207 -410 -840 483 -43 -348 612 -855 -828 -727 330 -297 -521 173 
-557 -680 -253 547 433 -68 -365 1 -600 -450 28 171 -749 -164 549 966 -277 -2 -259 84 799 682 41 21 -369 -526 -164 736 772 -993 358 -787 0 -138 909 -616 -182 -303 805 -638 818 -425 809 535 -259 -675 151 118 -524 799 -988 102 -144 798 -196 851 -714 -702 -989 -51 231 208 57 -158 -259 -542 215 -993 951 -913 327 -486 -140 850 -92 106 157 -73 734 -554 -479 212 129 893 -8 -718 930 285 884 -315 689 -78 322 376 -8 685 849 -230 383 -662 
-127 368 -333 -957 -271 -665 165 -228 891 169 859 -911 219 -702 -964 -498 920 -749 219 -901 594 -868 -211 53 25 -733 -530 868 37 848 759 510 318 827 -502 -653 -741 814 767 370 657 271 -227 304 619 498 131 -651 -245 756 587 128 -751 869 775 177 -883 38 -277 650 -208 198 -461 -306 957 -913 31 -24 386 -961 -796 -296 -980 -344 -109 424 349 221 306 805 -26 -312 755 -315 -285 -318 -472 -239 -660 -592 -935 720 194 47 -287 326 584 209 465 175 
693 -147 -101 -587 -330 615 865 -895 804 882 -822 -838 -564 -86 275 512 176 296 -634 425 -318 285 131 -859 452 696 752 673 33 737 -257 333 -926 158 889 55 958 129 -178 -419 589 244 93 595 61 725 -932 -873 454 476 -954 -363 -205 -775 -723 866 -247 -173 913 148 867 -352 107 -896 -764 -417 208 -179 867 -704 180 78 -463 597 -562 554 800 -525 -718 -892 752 -697 811 -374 -799 -464 -14 -886 -203 -392 763 157 -207 -789 811 -128 433 212 391 805 
581 -960 788 461 302 -15 201 -574 484 -891 530 -340 701 524 767 -839 -150 -872 484 45 -788 848 133 848 -481 -884 -912 -949 -974 -670 -561 928 -940 -937 459 -348 996 -155 -946 876 442 408 -397 -254 -161 -614 -690 30 -390 149 762 -92 671 -890 -145 -537 -78 -651 432 425 -478 335 335 133 -409 58 -561 750 511 203 -939 -766 253 -933 -154 88 690 -659 750 309 176 -5 -141 255 -107 -100 -642 -428 -422 -94 -180 -548 -358 -792 -96 598 643 707 -832 541 
792 -172 -807 940 483 -814 -274 604 198 -197 95 964 -852 -857 288 616 -534 840 890 158 -818 -344 -103 146 22 -23 947 -979 85 38 148 -907 731 -504 -560 679 -444 521 317 -461 514 573 -577 -708 -480 739 -838 915 -848 -953 -573 632 969 528 703 -320 587 246 -193 994 -22 207 790 138 -427 -119 -499 -821 -893 527 -160 215 -666 -657 -544 947 95 -809 -532 67 -456 714 405 -633 -287 -216 694 -943 591 -466 -956 -321 800 -911 837 57 -408 508 -152 838 
466 517 -687 -659 723 206 22 -455 -850 -104 -808 689 -903 207 102 341 21 374 514 -107 490 -267 276 318 840 225 -561 458 -702 938 -648 -636 -80 -650 21 983 -292 -792 -40 -497 428 649 -427 -582 -972 252 -248 881 -58 292 277 -962 688 249 926 384 -869 521 -738 277 -327 -109 -14 -621 536 248 -443 -579 -32 354 -459 605 57 -606 933 -423 -885 120 585 208 756 315 364 735 776 -539 789 251 -320 -554 -846 -161 504 -257 -106 -781 -306 -596 -178 -130 
386 -933 -972 -881 -318 -967 -9 -406 102 -753 523 896 -639 -361 -753 978 -447 -128 -250 744 196 373 -25 990 -907 723 992 -536 274 397 -221 746 462 558 -9 -339 494 234 -271 270 195 117 -519 370 285 -135 -296 917 620 800 847 654 942 -848 -5 -945 -664 333 685 311 -968 -691 -280 -927 752 -521 -265 -358 901 -845 -72 -905 -891 717 -15 -559 -80 60 -932 -522 874 -959 -700 505 845 -676 415 1000 750 -952 249 200 495 -405 629 -326 193 -458 921 -883 
970 -190 552 190 -978 706 399 -947 -766 -456 -616 433 -180 -795 477 220 426 -942 -802 -780 556 -159 686 -103 -960 -116 -673 811 -590 651 21 27 73 770 -265 79 14 -256 -504 -279 -328 10 -403 -100 538 -891 -916 217 382 101 -257 203 715 -850 -885 -691 510 73 279 -380 91 -67 -398 219 -715 772 -831 750 -730 -920 441 407 -91 128 -621 -35 -504 -885 567 -766 -463 -535 870 814 53 50 -368 853 113 264 -187 -807 886 395 -666 564 -224 -963 -192 -446 
-36 291 820 985 -473 191 275 -931 -599 -452 118 8 86 -262 -981 705 299 -420 -308 -224 104 511 387 -866 57 -522 -635 -67 700 91 266 -26 230 400 -315 -403 590 -573 -757 879 297 -381 718 -173 -172 100 694 -362 973 -391 790 -281 818 732 -677 545 566 -412 -864 -704 746 156 621 738 794 972 -375 367 241 72 -706 -540 748 -622 812 -948 586 366 212 -578 -167 866 282 884 -288 -877 -455 157 -147 503 709 453 -169 180 102 -619 -48 823 -789 977 
-261 -862 999 207 -557 -361 -491 600 -665 582 -77 975 900 -20 -341 -831 910 199 522 859 321 82 -73 -890 916 446 -937 324 711 -717 -231 108 693 214 -520 -510 -238 -859 -454 -591 208 -498 538 -886 -252 366 780 925 83 -370 223 -555 -381 -880 831 203 -696 -841 744 -521 -676 -140 736 -86 -475 -868 974 -955 -870 814 48 -338 -184 463 -843 -679 777 -253 376 561 617 -559 686 472 -828 -643 -470 778 -251 -238 -771 -51 -116 -699 384 -823 -154 -160 241 -124 
173 -568 -210 -718 385 -759 -619 139 664 -1000 -471 593 458 -84 827 818 -183 -377 278 778 799 686 616 619 -711 708 276 812 402 -705 918 -385 648 -50 461 -580 -778 382 -823 125 -938 -919 -954 13 229 -511 -998 37 573 305 818 573 818 -759 370 663 676 -516 -837 -295 -87 508 -25 765 -355 503 225 -536 589 -92 683 -40 -451 70 471 546 -63 572 -230 905 603 173 -473 -219 916 322 112 -740 -807 -578 405 768 421 -566 947 732 454 -53 -210 -493 
-279 -188 256 841 971 -423 43 373 -806 -699 -705 446 -98 697 175 -343 -32 599 -216 -852 -582 -42 -288 -300 169 847 -154 -688 295 -953 -932 443 951 -948 -792 -749 534 -678 -288 453 -301 29 57 937 -726 -152 -789 -234 565 -796 -893 985 -210 -234 -753 142 450 -805 720 609 522 -654 296 -984 772 27 549 -835 34 841 405 -78 -859 764 -377 696 -397 -292 -68 -547 -66 460 -285 868 -903 203 575 567 485 -149 -868 -740 -391 -937 -3 -215 18 877 -556 643 
-246 -825 -898 -813 324 683 -473 938 -603 -214 628 -78 24 -39 -626 -391 322 487 74 -939 479 -730 -776 951 -427 836 312 -351 759 644 301 286 -881 -279 172 -765 -168 979 -361 -721 953 -947 580 -977 -457 -354 -49 -59 -928 69 -211 859 946 -486 -100 816 -235 -328 793 363 39 46 -143 551 -771 -249 687 737 -513 -589 -184 -658 -27 619 132 -305 329 527 180 183 286 -144 553 -652 555 325 508 884 908 745 830 -772 -856 378 -809 401 976 -200 693 -184 
906 976 324 -85 -798 60 165 -967 185 864 52 -659 -553 433 -927 515 144 754 651 -324 -392 906 609 203 650 645 66 -957 -470 912 262 192 -387 -612 605 924 448 789 -813 -823 652 498 -252 579 638 859 -28 706 991 -639 499 -172 989 -364 214 712 -251 -756 300 251 -109 988 -173 799 -497 -35 -888 912 630 -571 31 37 -535 -250 592 -466 786 -931 397 447 480 -720 9 -744 -842 -487 747 444 -828 430 -984 -887 219 560 -956 438 -316 -762 280 66 
573 -139 697 155 640 175 459 186 937 -167 401 42 -570 -618 -416 -998 -63 -134 907 -326 393 -967 757 -875 422 790 981 916 116 453 911 121 589 214 737 -176 874 -808 -853 -548 -819 72 -607 350 135 988 974 -558 49 -21 784 -20 -651 960 -470 991 886 490 -687 -513 448 250 -203 -124 -321 501 -85 -74 804 368 -900 -728 254 -119 135 545 -131 -623 469 386 352 533 625 -876 -125 -217 -382 290 -783 591 551 -409 415 651 -273 583 223 131 586 645 
61 -312 -21 580 -631 110 124 292 -287 -931 837 625 -305 -447 -814 -410 -720 -530 -212 -221 -63 -781 -942 -777 269 -117 908 -511 -489 -157 -680 -675 75 -495 -60 -874 -377 -694 454 -879 -535 883 -960 117 620 479 -65 -642 -892 463 -976 -961 -595 -580 805 -66 293 116 -866 -739 -742 -323 511 233 580 -746 -177 -202 -326 83 -938 375 -35 -240 221 -359 -150 27 -749 -253 738 51 720 -696 190 132 964 32 -150 713 342 603 819 981 -125 874 546 474 -952 798 
-426 576 952 871 14 307 -856 900 -211 587 801 -265 -626 -68 -594 -314 641 401 -190 729 -638 -939 456 -205 -961 -430 210 341 114 227 715 -636 -815 994 -91 337 791 758 -348 302 194 -209 82 -203 767 973 -812 860 -625 248 -912 993 -485 -898 157 -689 122 443 481 194 657 190 -61 -978 -116 -576 -569 -694 783 -299 342 -273 -911 -697 663 -455 488 806 343 503 -582 -219 -693 -109 848 147 825 962 712 -487 649 -399 108 -578 741 -654 -464 552 10 -896 
-230 677 291 -845 -499 601 977 991 615 443 692 728 563 437 -418 813 536 -309 596 904 -174 61 -830 85 220 99 314 -741 -52 350 -115 474 -984 286 -219 396 -551 203 142 492 701 -16 -192 689 167 686 979 46 235 465 -194 -828 287 915 -346 -469 517 796 698 967 -424 -227 -851 99 687 479 943 -8 486 -767 -304 747 -273 -64 74 -349 -931 -707 -982 -229 -180 33 455 -739 -325 545 382 -336 709 -543 225 312 -259 797 969 887 444 -48 693 -945 
-309 293 -229 39 -885 466 -113 934 -605 -826 482 894 -303 -997 -176 460 665 819 -87 456 974 -938 -636 531 -505 517 -717 274 -849 -153 607 205 306 964 926 -658 818 963 -224 -583 -470 254 386 -458 519 727 722 -428 -106 29 540 924 -965 804 -209 -180 150 -447 -175 -938 -687 326 493 170 389 -628 525 386 -411 -540 811 93 -547 -264 241 -668 847 105 -223 983 -271 879 -612 408 306 -643 959 298 47 333 -516 -816 -19 938 -586 -113 -46 -661 854 313 
-842 440 -236 -242 916 -961 -315 -213 -697 658 10 -364 516 -461 168 482 314 617 949 597 226 456 755 -216 -754 -670 -945 465 602 -274 -823 468 -15 -495 -857 -252 -851 -790 547 406 726 172 -21 -669 -170 -809 -907 -462 -665 -128 853 880 897 -302 -931 -839 -798 -407 -779 -173 -939 731 33 587 -7 988 -324 953 -143 382 317 272 -238 790 338 -571 449 770 286 -353 -479 478 710 -627 -36 -904 -994 -562 -175 370 -500 -403 14 -368 966 -756 -391 867 -374 -949 
289 547 -632 -357 781 987 -780 -131 -843 -709 -28 -752 -374 -192 -286 125 967 -218 -39 -373 -259 512 497 307 -815 -219 537 -598 484 913 -516 445 -802 -93 -813 -198 -985 598 -60 831 -800 -349 -255 -388 -175 -200 -900 468 -618 766 530 -171 -495 -554 -997 -460 280 -937 -880 -230 -845 -289 313 770 -86 983 -726 166 -870 -854 -215 953 291 192 -100 -626 349 549 -467 -97 -469 -558 -312 -30 -952 -750 -295 -18 -382 -61 562 656 -170 -952 -844 -189 429 -306 443 -713 
-359 761 -140 -625 343 -15 -790 -876 -884 -434 -45 424 -815 -192 2 926 -971 -580 780 60 212 -410 -915 -998 -43 -464 -401 971 162 532 -756 -223 822 -437 -437 -466 538 -359 -676 -39 -313 -792 -768 -413 958 -499 -506 -221 -689 778 -765 148 790 361 -774 -361 117 236 534 -615 -887 178 341 -254 -841 369 492 372 -419 978 982 -94 -685 768 -314 918 990 -667 -610 820 596 466 -25 22 86 -313 282 -803 -36 -827 -215 -472 -406 -288 -594 -816 568 -855 -193 965 
-441 -846 -260 -469 -403 -306 19 -21 -134 836 -490 -153 -197 -430 477 -961 -200 436 -495 823 -188 -707 -36 350 721 572 480 446 -262 -79 627 189 -141 520 -3 -55 315 -516 -473 -566 310 -489 -930 -768 126 -395 -418 627 666 844 368 229 -563 380 627 -537 -458 -525 619 27 968 701 -347 390 -676 203 298 337 291 -749 181 168 -372 -27 384 -32 -188 308 647 883 -964 -2 77 265 994 52 -523 -35 -771 907 -540 750 -627 651 505 468 576 -934 999 896 
868 245 709 -525 -926 -678 604 301 959 -975 913 -828 -996 -572 -488 662 731 183 64 523 76 890 -645 -513 -624 -987 -910 -35 99 425 -936 211 797 -333 875 148 628 -596 239 -21 -695 -712 54 -388 347 346 598 87 -506 612 689 227 704 37 -461 -532 -748 259 374 778 -123 -570 -980 -764 950 -842 -161 -113 770 619 -997 -78 -499 783 623 -368 337 -721 451 -144 661 31 -780 955 -787 881 46 536 -441 28 -711 324 -408 -566 127 481 -564 25 -618 288 
-295 161 438 707 17 -918 -24 842 -782 -178 -60 969 96 -543 653 0 -103 -945 633 -566 496 258 130 -746 732 343 -560 138 256 30 393 -552 -483 -890 -831 -808 519 670 383 -705 -139 -939 -303 -3 -559 461 -485 101 -613 366 -682 -644 405 464 -152 -141 60 -799 -203 28 -29 230 -245 853 -773 78 195 346 -96 204 -364 -185 265 405 763 -631 -324 -349 392 -923 532 -961 51 228 -483 65 582 426 437 27 -936 761 -801 -992 -437 -921 -916 184 847 -918 
483 734 -781 620 489 -582 221 -842 39 920 -561 -472 481 -887 -642 68 13 905 -293 674 305 -80 596 -416 7 -732 -671 -437 300 810 -574 46 68 -51 -105 440 -42 344 -942 47 911 118 -558 -276 618 78 -729 400 -833 -207 -465 146 -217 -986 -157 804 -887 -744 -190 -757 191 527 433 957 -336 -815 -466 615 554 663 331 588 461 235 -400 -455 -829 25 -689 -544 516 -952 -592 -843 -603 -858 -316 941 -606 438 613 497 761 657 -642 -555 -964 103 -27 500 
-631 479 -337 243 -793 -877 -261 -413 113 936 -643 188 -799 307 705 -678 -686 -942 -288 -758 -167 -846 -781 -437 636 928 627 -4 -501 -481 902 -526 -149 633 620 -581 722 384 1 -663 787 396 -942 75 -538 -604 103 -749 -301 128 543 -657 -980 484 49 -390 110 619 296 551 802 978 -372 283 765 207 -49 -66 -373 340 954 -830 449 190 927 223 -254 -310 461 658 -793 290 -723 733 -475 1 687 -550 -491 -604 193 -637 -418 448 -286 647 -536 -563 -821 -467 
-706 -823 436 600 -138 419 -560 237 719 687 -296 167 -95 -117 -672 -630 -210 149 318 -109 531 -466 -418 -62 681 -176 25 878 -339 -893 -104 -620 -916 -487 923 453 -386 215 -873 -455 571 -912 -497 455 70 -784 131 -501 -529 -768 769 -182 491 366 -279 357 -821 -438 -878 -496 337 770 278 -45 -835 -447 -604 -181 -660 577 966 247 403 750 -836 332 -714 794 -427 -871 -673 402 953 13 157 575 -856 682 556 657 -259 24 -44 223 774 -254 811 289 682 434 
-411 -822 934 99 48 89 763 -670 -324 207 -106 170 -91 788 168 665 -194 -748 301 -128 701 -774 601 -987 993 658 648 898 -33 -889 212 372 304 -204 -551 816 -754 -722 138 -865 -399 -94 203 672 146 -59 -903 -910 118 -909 974 -783 130 -787 745 -263 -765 -978 -599 411 -100 -610 -431 -438 489 704 550 372 -948 327 100 -127 989 663 -456 -380 238 311 -739 -226 -19 -768 405 860 -456 -716 404 -344 -704 -64 -757 -393 -928 -227 335 832 43 -378 -318 -378 
-366 -571 467 427 -799 619 780 863 441 149 -773 -179 -599 673 -128 -165 230 -67 204 702 77 634 -74 674 -884 126 -783 -725 -375 7 -904 -777 533 -726 -353 857 -333 -943 134 158 505 -763 891 762 323 -27 -946 188 -533 -467 922 -115 351 320 853 423 962 -762 639 -444 219 -779 -31 428 269 -613 -481 266 456 -883 492 -275 517 -223 -54 -639 123 297 699 -801 452 -969 213 -846 -534 865 422 773 -770 -317 480 -302 777 693 -468 819 -792 676 125 -464 
-957 434 -136 -552 -318 167 265 -604 -806 458 63 908 754 755 623 -639 -302 -463 831 178 351 -677 894 -938 -602 -886 -286 -3 192 461 560 -509 -848 -423 -17 566 -901 -456 -170 128 115 453 -741 -913 -624 279 128 -333 -402 -783 101 -561 -368 573 -61 47 91 265 1000 -850 -582 198 -514 852 -602 47 705 -156 -154 -65 -875 -641 -300 -117 -130 118 -917 -935 106 -965 883 645 -34 442 428 -73 -94 557 -977 -799 -463 -834 -716 774 131 -991 -422 130 614 -26 
-169 -36 567 220 698 847 317 -224 -143 -357 -224 862 -504 -229 -748 795 -727 -388 586 -160 -370 101 -865 170 247 -347 361 141 272 -280 943 532 -710 950 640 -853 402 637 369 -373 450 -340 -899 -198 663 417 -487 -501 -490 81 -248 -971 -77 657 110 -890 235 -762 735 577 486 945 -933 -17 -934 -492 577 927 -123 -400 -231 -725 -604 972 220 524 -88 -619 -123 -81 -394 -671 -478 -409 -183 -817 -814 242 221 603 -700 -348 855 346 446 462 517 -828 -339 -24 
191 -848 -38 -40 -439 176 -160 806 -128 517 -532 -636 -824 -971 -461 -895 -692 799 -407 384 373 219 -468 -716 -152 626 -458 -649 650 807 414 -777 -199 -122 -717 -138 212 -822 327 -686 531 259 326 45 -828 673 278 -603 950 56 554 647 -766 -14 -589 -365 306 -41 649 -119 142 911 -708 700 53 -892 291 -479 -94 -22 -259 -584 -803 82 415 -21 -550 470 771 407 -732 -439 -62 372 -261 -755 -413 -867 -370 505 -398 -163 -462 -547 -455 -32 -702 54 287 13 
-561 934 552 791 -816 670 -886 49 494 380 303 -424 -262 696 -252 182 -608 946 180 632 -408 240 -607 325 -426 -693 841 65 -499 -465 552 -271 329 391 -579 292 -229 -767 -100 -967 -415 197 478 248 764 637 -809 -486 962 823 -510 102 -534 -734 -925 132 -506 900 -334 478 344 -232 336 235 -107 -992 254 59 -811 -343 626 -281 -374 -447 548 260 -43 577 -647 -805 -459 410 -806 -248 330 -199 62 -833 605 -274 856 114 -857 -747 955 -572 -975 -894 -325 -537 
-256 -700 -658 -782 -766 -280 -703 -915 -582 -282 513 359 -86 -816 707 -710 939 -489 -250 393 407 652 -302 506 515 -468 576 852 864 734 -587 41 978 840 -403 823 -1 -919 -618 -697 160 -711 642 270 576 -866 91 994 -167 -93 -49 496 257 -725 -708 -365 -762 -477 -686 -740 -31 175 -179 94 -69 671 -819 871 771 361 -706 479 668 -64 -228 -226 -691 721 132 507 602 -526 -870 -416 -722 -502 273 -12 230 -614 116 237 -159 -655 -770 -778 858 -796 4 418 
39 -485 191 147 -999 -513 -254 311 -501 -777 -238 934 -116 958 95 268 -391 468 709 -946 589 -800 -13 -623 47 -46 -930 564 -994 225 -659 171 139 -43 567 359 -750 -108 -812 -904 -848 -332 -790 -202 299 821 18 -174 -349 -545 -115 -492 79 0 -123 574 -99 134 -141 -634 359 -56 717 720 620 444 819 506 949 570 914 -173 -505 745 423 66 643 951 -626 634 382 371 -925 301 -772 505 92 -239 -164 -726 323 -208 641 -691 -237 785 660 339 -846 762 
436 988 843 -245 7 248 -145 -808 151 -337 -490 340 781 -679 -395 314 -64 -669 -944 434 567 861 -612 -285 -631 756 -865 -53 302 848 -176 570 -458 573 478 164 -411 -900 -830 402 546 519 144 -85 111 769 56 -914 622 649 -412 783 -80 -130 -562 -273 -607 38 -704 -866 720 394 363 960 -435 -603 548 -51 -877 -22 563 871 94 152 -260 -117 209 494 -106 952 -667 554 -225 -844 -457 103 539 791 -938 591 -25 221 861 13 618 619 -288 814 642 398 
736 -367 259 254 127 -550 142 803 -366 796 -628 611 642 254 -586 -767 -169 -627 -226 336 -800 -647 739 475 -474 276 33 -993 -411 223 329 -18 -144 -846 -319 -233 -904 -642 -248 -300 611 658 -402 728 319 886 -799 747 -677 250 -296 584 -52 1 548 -800 876 -631 918 -739 -382 95 -567 455 -412 -170 813 -668 -484 467 -426 344 -921 680 -31 -911 -687 -21 -596 -576 327 568 455 776 584 -563 689 -596 -901 -698 523 -308 -17 203 -122 -114 -672 -331 -637 640 
766 -580 706 754 189 114 -256 -459 920 292 -131 -414 580 -90 425 -223 521 -453 186 -818 -572 372 -88 -54 668 194 -829 592 155 -606 -842 737 253 -205 0 764 41 -582 -851 660 -847 905 -987 -455 590 431 -998 -242 -851 -112 408 419 -221 848 -555 -440 773 526 -901 -439 154 -509 -321 529 853 218 -616 -106 -728 267 990 738 -910 660 -865 -952 533 -990 -170 -853 -979 102 32 454 489 329 897 -317 921 256 879 188 436 209 -923 -636 242 431 -107 -882 
-386 -553 575 -722 413 21 -115 -207 -165 707 -3 -172 601 598 419 -698 -714 -924 -387 568 -559 -286 -897 667 -743 -356 -880 -735 -287 176 185 -497 54 52 341 -874 687 -226 -868 -273 428 702 960 -433 -970 -868 514 -546 -91 -319 184 -233 -213 551 -214 782 -350 -759 316 -829 636 378 -610 61 -87 -968 700 989 -735 -388 747 307 -266 28 -747 -276 466 -146 531 149 453 -101 -986 -311 -693 -850 -756 467 441 -356 -484 -331 188 688 379 639 100 642 -95 837 
262 784 -741 901 799 304 -645 55 406 344 -445 674 21 430 -318 -848 -689 -765 -864 902 -225 -383 -166 209 -918 -139 288 -469 498 619 939 376 -153 -564 67 -584 -851 -902 775 182 585 284 -911 -394 -829 638 174 891 72 326 69 -430 -8 632 -493 -788 -115 -841 -465 84 794 -362 -582 965 395 987 -351 -771 440 -26 759 500 918 982 -316 -776 -735 248 56 175 253 -962 -165 -605 -92 501 22 640 506 -428 -29 649 -31 -662 -813 -22 290 233 818 -199 
89 132 -223 810 -346 312 -958 661 -631 854 -390 -325 953 354 -691 -40 -396 11 988 493 -543 935 256 -931 -223 119 946 -736 -146 -976 -933 576 -64 -211 771 184 -84 -478 548 785 -840 -530 -374 -337 934 -626 311 538 -580 -843 -210 250 -45 -212 584 259 -278 -192 275 -611 928 -190 430 823 38 -66 -602 -795 -877 701 -84 237 -562 -452 -956 -235 213 373 -693 -809 -59 959 317 506 114 -195 -690 -457 793 214 269 -327 112 -467 -833 -284 -609 -701 92 -28 
-486 109 -311 356 -313 587 273 282 580 -18 -775 -420 -803 175 930 801 -824 552 -771 -587 851 -886 935 -128 288 654 -108 898 -189 367 432 766 975 -478 212 165 -132 794 -349 -927 504 958 -336 84 264 -489 -174 901 706 875 972 -9 -734 -423 276 -809 746 212 -75 710 386 -71 231 889 137 -402 -929 -306 832 -837 454 -304 391 -788 -114 -23 -672 -148 396 -842 92 174 256 -844 536 720 -787 54 205 -53 225 -195 -951 902 -35 -742 4 -173 949 -637 
755 287 -409 908 916 -30 621 -46 -198 -996 -346 -178 572 828 149 974 -695 -351 -412 568 949 -558 941 -744 891 266 962 -802 964 -596 547 -988 274 -687 961 596 -734 -852 -754 -853 -982 904 668 -180 -758 -104 61 787 -25 693 -149 686 -180 195 450 321 -708 -666 810 260 606 -725 547 -248 -630 438 -293 -814 351 266 552 528 14 827 981 610 -790 -494 580 980 -976 -542 342 -267 -861 -42 -390 -853 -548 578 -169 205 105 -671 -225 676 -770 962 192 -270 
-732 397 737 -743 407 -104 -359 -496 752 559 144 479 937 -871 -751 -106 645 435 -391 704 536 780 245 457 -927 -993 909 113 -562 -984 -928 785 -944 -66 -841 -710 913 43 623 -10 -174 -685 -847 -770 -234 577 393 -863 99 -773 68 403 478 553 -355 145 -771 154 -665 -880 782 -809 -556 -274 -965 265 -470 960 191 -283 791 373 854 350 -680 -763 983 559 -254 479 929 228 1000 -914 -265 -651 59 -883 550 114 -643 -514 821 886 937 56 -954 -119 876 -524 
-482 704 -31 -528 687 116 126 119 543 572 -975 -66 319 -925 944 -247 880 280 288 996 714 -542 183 896 640 101 -177 512 434 -23 -77 -407 -4 -632 898 -730 -422 888 81 -715 -342 919 36 -602 55 76 116 748 -999 -80 -504 -66 -587 -688 26 610 -461 -658 834 969 872 -545 -701 -787 274 -539 847 -65 -340 -953 219 516 -414 -462 462 44 99 -170 853 -559 -506 7 988 -291 -868 -984 896 34 -119 734 489 226 624 246 -742 -492 371 697 317 473 
532 -103 62 -587 479 -125 -777 -956 127 -618 873 -858 85 -205 -121 570 717 250 129 697 -661 745 594 -979 -969 -386 165 -666 -900 -407 31 -314 781 -321 840 -849 250 129 -661 594 -969 165 -900 -407 -314 -321 -849 534 145 -797 806 199 -912 -173 554 565 944 -908 677 582 -27 572 898 187 -463 -145 -96 287 -98 -922 -904 571 -697 881 -150 -293 -656 -200 70 794 -803 -876 -20 -572 498 -313 -312 -296 145 464 330 -384 985 -162 267 385 -774 -538 621 429 
344 -283 394 796 -573 436 -127 669 951 185 -874 503 -564 756 -220 -252 -45 528 479 -310 -720 927 -33 -249 203 654 -686 389 291 689 -66 -838 653 827 383 -80 101 -13 -652 370 266 857 368 238 305 489 672 727 -48 204 -750 -592 -884 507 -839 893 -222 -150 -927 -450 585 -454 -877 -730 965 -626 -130 -994 82 199 365 -117 -926 -577 -512 612 922 -806 870 -168 565 -400 110 -281 -735 -604 -463 -836 784 -699 -132 -219 482 246 -667 -680 -919 801 -587 977 
-783 223 68 123 519 784 572 175 223 -968 62 361 203 -876 -190 684 467 995 637 -665 -711 529 749 -655 921 852 562 76 -902 95 -817 718 336 689 -118 810 770 -683 -678 620 748 -363 -28 -176 -686 -685 -521 -156 458 -470 488 834 617 -174 845 336 -215 -842 106 186 770 558 528 -307 521 824 -428 -343 -288 88 -644 -291 728 -210 -465 -544 -543 112 -414 -902 -555 -281 2 813 193 -70 837 260 56 794 -615 -791 497 -666 -255 894 854 -267 -863 377 
-597 -545 683 -85 160 458 429 -891 -402 -442 -211 -834 441 -372 871 -186 -918 56 363 -211 859 626 -113 178 -664 783 -833 -174 401 349 680 -348 -943 881 230 -476 18 -568 -118 701 -520 -525 -854 558 -85 96 -796 373 -979 478 835 392 175 -38 -326 397 234 975 439 -628 -333 -480 714 278 -208 -575 75 -962 300 330 891 -930 -592 -121 -898 -993 -25 986 613 -173 909 -182 459 947 -647 966 -87 932 -461 54 -336 -621 -368 512 -285 -924 161 798 -196 851 
-714 -702 152 514 19 57 -454 -406 -541 -463 969 16 -611 -473 -140 -226 -489 168 -238 -479 625 -940 -178 -205 -263 -287 850 876 325 -338 175 -112 684 -219 -637 -38 -653 660 34 80 -304 -919 856 546 -899 882 -826 802 -229 334 -278 348 -128 -786 472 -431 651 202 -749 401 278 61 -868 53 444 468 499 37 863 821 612 -249 -502 -653 953 117 157 657 -637 532 566 -9 -176 -651 429 -201 641 -751 694 339 -822 -883 -343 -880 500 6 -461 -306 -941 -638 
-909 -636 446 -204 39 121 -869 140 562 -758 221 306 805 789 937 -203 -286 112 -543 -246 -760 162 89 720 194 -220 -287 776 -344 -228 465 344 212 97 -305 393 166 -831 -667 827 747 -972 584 494 -440 856 973 568 821 296 -274 364 290 -506 -939 -106 520 -729 -473 909 690 -932 646 -765 753 735 313 958 129 335 333 244 335 90 -660 -932 -787 -682 471 -385 879 -764 495 524 -155 -876 -173 611 867 679 284 -316 -492 8 965 741 357 865 584 512 
-699 -954 554 800 -525 -718 -127 367 524 -410 -432 -464 340 -33 -587 -654 125 -949 -813 -370 -128 -548 809 -455 -440 445 -671 -237 696 200 -616 422 -214 125 -891 -564 701 -224 -721 -620 -240 182 274 -614 157 163 280 -90 -347 -763 55 148 -561 928 -670 76 582 -823 361 525 -3 610 -134 -888 -397 -336 800 -932 -515 440 149 -232 -443 -635 512 -136 955 150 -853 987 544 433 711 564 -53 -133 58 727 546 -955 -939 -766 253 -933 -250 -297 349 419 788 -453 
-806 604 -141 -952 857 -725 -627 614 942 679 -392 -358 -792 -96 -254 370 353 -507 -405 -263 -613 -222 -897 266 90 3 -210 -379 -197 -928 -682 -132 -451 746 -68 608 358 423 -818 -344 -103 146 22 36 -860 847 -597 -450 286 -907 3 -480 705 -897 306 -568 595 -606 296 521 808 -223 -961 727 740 677 275 170 -87 321 -697 -631 191 -588 721 453 614 174 -472 821 -129 -338 846 887 -515 452 -200 -606 -963 776 -941 620 886 -414 -809 -806 424 297 -454 -633 
-320 303 -85 -665 -11 -188 -314 -25 800 -426 -776 169 755 466 122 -951 517 373 51 757 22 -455 -914 268 191 -196 -653 -158 695 -319 -745 -383 -130 -161 474 -992 -595 -473 225 -561 458 185 -628 908 -906 -259 430 -789 737 529 -792 463 -960 -310 -252 353 -185 -959 134 -21 314 795 -175 -689 -891 609 812 126 -838 765 -738 277 617 -41 455 -130 370 -443 886 -499 -329 850 488 -424 -958 -423 -885 -855 461 -262 529 364 735 926 321 903 390 568 -216 80 
-156 421 626 270 -919 -596 893 820 619 971 889 78 -368 -471 -260 -991 597 -853 -596 -627 305 256 990 549 554 -408 -134 252 192 768 405 890 485 207 -335 -431 -103 485 100 -589 188 -506 109 180 737 616 -27 -336 195 -380 -746 370 784 -118 -30 -156 996 -912 602 942 987 -844 -284 -638 -701 -901 -955 -691 -927 752 -911 919 466 -398 671 612 -891 -633 -559 -80 60 665 138 874 -959 505 326 415 -534 405 949 -745 265 -405 355 -329 193 313 502 -418 
287 690 535 979 521 920 238 -913 -136 753 -667 -180 -795 -60 426 -418 -935 -124 722 -551 -542 -529 557 -822 795 44 -264 293 293 73 839 706 -647 -256 -504 -279 -160 -403 -100 538 710 624 530 723 -20 203 -552 -738 -859 -676 -828 -693 980 91 -211 374 955 917 607 717 816 -461 -672 50 -945 -369 -704 -118 272 -699 550 482 -766 -535 100 831 -982 -997 -433 -187 91 -187 -807 886 -412 704 -822 -137 643 708 -389 -736 352 -929 -473 191 449 703 409 -56 
-587 -1 -493 -326 809 -433 -773 -892 -645 119 -89 -946 -319 42 -522 591 416 356 -153 -702 266 -69 400 -771 -438 -493 -796 676 -169 -703 -76 992 825 100 694 -362 916 -789 707 -653 -171 -593 -515 526 898 409 -864 746 -871 -720 -82 732 -375 367 220 859 -319 585 -185 -267 146 -272 846 212 432 610 689 -750 334 523 311 259 253 893 695 442 -844 -104 387 -95 -619 -48 823 379 843 -905 -398 -526 68 784 269 -944 -665 582 -669 61 862 -20 328 -876 
128 522 859 636 740 -599 421 953 -817 -937 -467 -149 -992 715 604 -208 -520 -734 490 -365 859 31 -34 -767 -438 572 465 251 780 -335 707 451 -651 126 748 332 268 687 -570 584 -516 815 -571 502 11 299 878 -405 227 -759 689 -900 -460 461 636 823 984 504 159 -604 -240 617 -916 -699 -828 -643 -919 -622 -238 -871 -235 964 -270 266 -358 661 -791 714 -779 -936 105 879 -837 233 -619 139 664 591 450 667 491 942 362 597 743 -583 809 778 332 -301 
-464 70 394 276 812 -585 -486 -90 584 510 44 -985 -580 -80 -394 251 650 -645 -954 209 641 917 37 305 332 -490 4 -813 676 -516 956 16 -617 -958 309 683 -597 63 -799 71 -171 202 959 -753 692 259 546 -63 -230 -100 824 331 338 -345 -531 322 -740 -114 -560 255 669 679 815 316 267 -225 119 -981 964 95 99 -260 -345 392 832 -178 -806 -650 -115 -98 697 443 -895 599 940 69 -392 960 -821 -170 -551 789 -195 -952 430 534 -824 951 -948 -792 
645 980 252 952 -301 -339 -532 211 761 -831 -507 922 -415 161 -963 -210 -390 -762 -116 -390 -558 978 377 -245 -225 -984 772 988 774 -835 224 405 -534 -557 487 862 532 -415 346 411 -675 289 -331 573 490 45 -108 479 -582 515 -863 -635 492 336 875 -545 536 343 174 -443 -481 -373 746 136 -412 779 -560 -972 467 708 -291 864 -99 658 852 -65 331 710 683 -943 727 -491 583 639 -74 -92 312 -578 572 301 286 -881 -924 -6 783 -14 465 451 -273 859 
974 580 -977 -457 -354 -49 974 541 -753 158 -263 -690 -880 893 -720 148 -100 -488 -156 -102 -644 611 -245 -394 687 128 854 -560 -836 -511 -83 987 -941 971 50 411 -762 826 949 -661 899 937 -26 573 -381 30 -645 830 -772 -673 287 407 -152 -72 -798 311 694 588 -919 -471 -236 78 630 -549 -873 697 -211 233 877 -966 522 -891 -51 754 -956 560 373 -722 59 -930 182 -26 -957 -795 -219 -173 -920 634 851 -198 204 -566 -645 -458 -662 498 -290 -559 859 898 
991 -639 499 574 -323 -489 -806 712 558 300 251 -675 -327 -295 -344 -91 481 -782 895 126 -928 982 -986 35 791 -99 -561 1000 780 -997 480 -720 9 103 -600 -270 -556 125 306 -693 429 30 750 149 -956 -698 -316 -872 -144 509 -709 -139 47 763 552 -89 -556 910 -931 31 97 -815 628 -151 629 434 499 527 -312 -97 -669 464 190 -127 8 -883 -480 -776 -826 -681 -889 959 -797 737 -176 -972 528 -48 398 -981 525 -894 447 988 378 313 -46 -916 -429 -131 
689 -194 -800 804 -465 -357 -236 -489 467 -569 -402 462 -210 950 790 -479 204 545 -301 -419 602 -119 135 545 -131 -623 6 340 40 751 -480 65 363 466 -941 -783 591 259 982 -67 291 797 -488 -337 350 -367 -787 -312 892 -15 -802 766 66 -772 -423 294 -127 -305 982 457 899 570 148 519 314 690 88 -880 269 -117 908 -511 -839 -789 -663 842 75 395 -425 -6 414 -519 970 329 -535 -960 117 620 965 -569 -252 -792 814 495 436 -634 -259 -208 295 -222 
-866 -885 65 -480 233 385 -155 -98 -403 -58 -657 -462 -35 -240 344 -840 -359 -606 -749 -444 186 -320 425 46 943 989 896 398 -59 -262 -193 819 981 386 162 -341 -616 672 -196 683 32 -602 497 588 708 -733 435 -377 -264 909 855 183 -915 897 596 401 -457 328 -159 -47 -105 212 692 911 -45 -405 690 -357 -550 703 78 993 -542 -329 341 -165 -289 194 -209 914 -827 -275 -806 -812 450 797 14 618 -656 973 -994 -868 -999 443 481 194 657 816 281 -722 
-1000 558 -39 547 -831 342 -587 799 162 960 704 959 806 503 -582 -796 54 87 147 825 962 712 -487 81 -972 997 -180 -434 963 -247 -493 10 -896 833 665 702 -387 442 521 329 -982 351 -682 -630 563 437 -706 997 573 -13 -182 904 297 791 145 797 941 -701 -741 -52 551 898 -984 -296 928 223 409 500 770 -54 -660 293 -34 937 -334 686 979 46 235 465 -194 -625 -952 -346 322 728 -155 682 913 -215 412 -983 212 137 -870 606 -77 -914 89 578 
348 231 -608 -278 224 730 -942 146 397 490 -829 -525 62 769 539 -859 -242 709 225 312 -259 797 -844 -642 -870 951 -59 508 -729 971 856 587 313 -998 -512 -837 -826 -716 -303 -997 -176 460 714 -452 14 -889 -64 846 643 -660 -397 -717 235 -472 -403 205 306 964 926 720 -433 -960 567 755 -906 -646 -458 -604 -61 893 94 374 475 243 536 -164 829 870 -310 -447 795 -329 -649 493 170 389 -628 55 -366 252 -725 -907 827 690 945 -390 568 -963 -774 -630 
673 842 196 -589 -198 994 354 -469 -494 658 125 115 764 -703 -296 71 576 -659 735 -234 313 -246 -974 816 -909 -943 -499 -988 -171 -65 -445 606 -628 490 -177 -163 -194 983 -19 911 809 628 974 -135 -70 276 -918 368 490 457 -185 309 -611 -15 348 -437 -762 781 -822 249 968 -468 715 904 -538 683 771 752 541 -912 494 -996 -736 526 378 292 -95 -528 398 -446 -939 670 -73 180 -386 425 953 -143 -105 861 -50 -115 -436 600 -750 711 770 286 -353 284 
787 -764 -902 -291 -436 -562 -175 370 741 382 549 439 702 -391 105 137 -641 -704 270 92 351 554 817 413 -131 -843 -531 746 -26 578 913 606 915 112 -785 -885 -373 834 659 -806 706 -957 -582 -162 970 985 759 -282 -774 515 75 -169 149 -77 -908 -700 -666 -349 -255 -388 235 878 -785 593 875 974 -495 -960 613 47 809 237 -417 -173 -289 -179 -86 983 529 908 692 880 -372 291 192 72 837 739 -887 -170 -97 -312 -30 197 363 -295 927 761 -469 -445 
-236 -866 -844 -983 -218 -788 765 -423 -359 -966 35 834 236 -213 -646 655 253 -930 566 -622 743 503 -962 -460 -580 -388 212 -410 162 330 -655 948 -127 568 -420 -322 -45 -628 557 -437 -846 780 838 255 -603 -658 310 106 343 -725 -513 -229 -491 9 549 21 506 890 -774 149 749 942 -902 -887 178 341 -254 865 524 372 -324 39 -214 -545 219 -616 98 925 910 -327 -139 -999 466 -344 -710 942 408 828 401 -193 720 -472 -406 -288 -598 238 -971 401 -594 -680 
595 754 -710 202 -403 -306 -514 -725 291 568 -357 649 206 18 477 -564 -720 789 -57 -808 -707 338 657 -245 25 853 -934 661 -799 -151 860 501 -77 -825 -673 -375 -392 -566 300 -152 -638 937 889 27 627 -153 121 -818 -947 227 406 -577 -912 -865 467 27 968 312 511 -761 -723 -563 -486 147 -579 181 168 467 -254 384 129 308 647 883 548 -99 -44 76 392 808 -16 -391 746 -807 750 -627 357 -15 60 -798 581 -816 659 132 781 709 812 324 -555 -446 
700 981 882 692 -828 -996 359 429 -844 -124 762 64 76 890 -645 -513 12 -96 -555 114 -28 311 715 772 -31 894 204 -254 628 -596 239 -21 -455 54 -388 -835 816 901 947 348 472 612 334 -989 37 -431 -924 -122 325 103 -211 -722 -386 -735 828 773 285 -231 770 544 117 727 58 -850 286 -733 215 873 -872 -87 711 -110 -674 554 20 -753 -696 536 28 862 -90 -408 766 -765 -731 -61 -459 -848 684 -403 746 122 86 897 -741 -290 688 -798 505 -269 
577 652 572 217 620 405 345 -796 -750 273 -502 -60 89 -817 -223 226 -592 746 -618 -499 762 212 728 886 831 -687 -156 383 403 417 -661 -30 -688 976 975 44 951 646 487 680 -926 -91 492 -609 561 -765 125 738 909 744 680 -402 -588 -799 -296 -910 943 375 -281 565 -477 453 152 723 -150 528 -293 160 -7 -167 180 -506 -829 224 695 665 -902 769 825 -530 301 -232 -108 402 187 326 284 382 8 -26 -384 -113 164 554 39 670 -721 -744 289 966 
-372 668 371 -291 392 -225 -728 -63 747 612 -497 -422 -838 549 -50 450 -843 -855 -386 -321 -25 -684 417 278 721 -398 295 637 -839 -219 344 -115 662 -399 959 875 121 546 -796 954 867 -667 -535 329 235 -800 372 276 790 71 -856 -289 -941 -758 -839 139 -437 441 134 -11 -126 -516 -885 983 933 -743 -874 -41 789 566 947 -803 204 -185 505 267 361 419 992 -814 130 -31 896 -206 409 689 -543 -967 -807 -642 222 -189 -575 330 843 -139 136 -253 0 -443 
