775 614 -724 -314 -568 412 -910 -295 -159 -934 -293 515 623 348 -983 88 227 -585 -308 -235 -898 742 321 709 -979 602 -229 -70 -522 -400 -917 969 -511 -157 703 -457 678 -431 220 -92 -102 -596 -802 683 514 412 623 466 -91 764 -880 -309 59 567 493 -12 -260 -204 -784 809 837 318 -500 42 -459 243 17 -469 330 -603 956 -137 494 726 382 -299 621 -325 -71 -824 396 -174 699 -883 933 -83 659 -476 269 936 -577 986 -406 -154 477 -624 -586 379 137 831 
712 45 837 -743 762 329 554 -839 223 -370 -911 -328 379 -267 -20 -745 -132 -41 57 435 71 45 998 583 -708 -436 -495 -320 -40 998 -730 -453 -91 885 731 245 -416 -752 469 -936 676 680 879 -149 -985 -693 -523 862 458 927 -334 -15 954 -645 280 -913 578 -476 825 -530 -275 -525 -582 -671 790 807 188 -499 698 -847 -911 532 -968 460 832 354 -691 998 -170 265 -121 62 -45 -34 -306 -679 -401 833 -969 603 -471 -288 -545 529 16 5 31 -268 751 -248 
-238 556 382 -300 -277 205 -519 693 -497 109 244 32 -392 688 672 807 -849 -329 484 -42 -271 -760 655 975 50 -883 627 217 302 468 -754 136 991 817 95 -761 -571 767 -5 442 -406 -444 -25 533 87 -606 489 -31 619 -507 922 277 278 518 838 87 -833 -242 702 -918 -794 -378 -846 -95 -338 609 675 766 591 -170 -500 464 -793 -856 266 331 -23 -474 554 -969 908 -333 720 167 740 -286 -384 470 -87 -691 579 -72 -597 -124 -480 -605 -263 709 -824 514 
-764 217 943 780 663 263 -439 343 -464 -379 381 811 -898 -688 -88 1000 999 779 -30 -388 425 -649 -207 18 748 831 598 864 -506 -842 355 -686 513 -135 -863 -901 -911 -86 -424 316 484 713 -358 531 12 841 -811 -957 -691 483 7 0 -4 690 -373 -108 -620 -836 237 -833 -419 824 129 151 57 302 -734 -739 378 -301 196 486 233 -498 739 965 14 -924 161 -381 943 -712 494 -614 762 269 133 483 55 935 -962 -873 223 124 976 -754 -123 -15 -377 103 
-995 220 -445 -418 405 -902 -698 976 333 -156 845 -357 599 -758 847 417 -194 -834 687 487 -195 505 88 431 631 -529 -711 -661 -854 831 -919 156 60 706 -734 -844 433 -18 12 -180 150 -639 45 -578 -891 -401 960 699 -952 -643 476 -821 298 426 -575 -457 -207 578 383 780 437 -323 900 -605 -252 -403 -853 603 210 -171 -492 -267 -947 -348 -166 -395 -497 261 -901 -431 -780 -90 -10 -338 800 -317 -994 889 -475 -185 -448 4 408 327 27 638 -913 -268 -234 -562 
805 -990 944 -973 -326 -171 -729 2 475 17 -781 -577 -82 168 -935 -248 582 -603 -916 -569 767 -780 -962 891 202 -560 350 -518 327 -122 -681 167 -412 -429 -231 668 -760 595 569 -704 -805 -441 -924 662 500 -821 434 975 -940 -783 117 -67 5 46 -524 789 411 476 968 -116 749 954 -916 -670 866 -891 -621 -509 440 374 -658 -615 -170 -181 511 144 653 -32 -428 678 262 -405 864 -656 -493 -870 -214 -27 432 522 -897 414 -524 993 162 -199 -533 -956 705 -996 
332 -677 -890 823 -593 -1 -972 -750 709 -893 -758 972 497 424 892 -538 -772 -397 339 -586 -417 -897 627 -616 -439 312 -800 876 -54 -707 -998 632 -24 -363 -417 -804 -873 -822 -798 383 -675 63 708 115 -867 -367 217 542 -118 -704 -801 885 -148 -562 921 -535 37 621 -444 895 -828 142 129 -339 128 42 -577 688 59 -168 835 -933 -509 -122 113 686 -731 573 -899 -364 108 23 975 -505 274 -292 -159 779 -710 911 -237 -508 -384 -10 -828 109 593 -779 887 197 
221 886 -788 977 -27 685 705 -87 645 -591 632 -33 520 751 -61 617 265 891 267 797 328 -592 -144 349 -655 -313 -320 -212 372 708 19 -218 304 876 332 -551 -805 995 197 -21 551 -348 500 276 -254 -249 -874 -878 -601 616 -505 278 -752 -410 -79 520 -21 -246 -528 241 327 -843 -306 551 -429 417 -365 880 -548 55 -282 -803 573 564 575 -175 369 581 -823 949 762 545 307 -101 363 961 -757 -930 -308 87 881 -780 -295 40 398 259 825 -696 -978 761 
-192 522 229 -881 -663 941 397 -127 883 160 -563 571 180 687 246 918 747 280 310 -987 -793 -818 -16 -56 -590 648 -204 -991 26 -748 -295 -911 540 -581 -734 -385 -178 -221 543 -599 352 -128 -773 183 216 550 954 79 205 108 258 -89 -401 518 -786 232 655 -160 734 722 363 758 -809 402 -512 -289 53 922 -612 -949 -820 879 824 929 -302 -188 997 417 -837 -54 -491 -239 -140 -578 -209 616 -263 683 -208 90 972 309 -798 721 -921 -357 604 879 154 -845 
-460 -728 -351 508 11 358 929 582 332 -192 115 -976 223 -919 -557 572 -619 -369 464 872 -455 167 -997 108 -73 28 867 156 -119 -253 -791 966 404 -150 -988 45 -57 -933 833 266 856 -672 694 368 -399 922 -566 513 -138 502 -186 699 -30 217 -566 -626 -413 -65 44 350 -567 573 601 -419 -129 -104 -111 609 867 121 88 950 -2 -509 213 -753 960 327 -304 -567 -854 756 210 -19 605 -383 178 380 -765 695 -738 -88 -57 322 75 -25 733 -813 777 -428 
-520 3 311 -618 -321 -962 -242 770 580 978 -178 979 871 171 -654 792 836 665 716 -201 312 -677 -420 -599 506 -577 -14 672 599 -464 -651 295 -159 466 696 -469 966 359 511 -836 -945 -344 605 -520 -40 575 -891 -713 -939 -596 229 -521 363 457 451 -379 164 -358 -773 -624 -698 918 263 9 -424 438 -502 -483 521 302 -127 -198 -197 -428 -638 197 -396 -550 408 526 480 130 -390 -79 863 -986 -679 173 -92 820 -785 -433 -463 -453 -995 694 -203 930 420 787 
-12 325 612 -39 653 739 153 -381 647 -313 -998 -800 -167 -9 368 -260 -541 530 59 33 162 -117 881 -831 293 -345 390 11 303 5 -9 -865 -749 380 -698 459 901 68 -631 895 -130 987 649 981 -184 -221 556 -164 426 -748 390 830 -542 -173 724 565 39 -728 -442 157 933 591 666 -498 582 -720 -490 519 -540 408 769 226 -428 719 105 -371 -642 206 -310 -52 -497 -162 74 876 -729 -361 58 244 793 -203 181 555 457 -362 196 -932 397 51 -765 -788 
-60 -152 783 611 -931 -638 649 -650 -4 502 -544 -397 426 -800 878 451 408 -765 -700 -735 -112 -125 553 598 740 -661 -972 -744 -559 -705 181 -85 45 864 -509 846 -724 77 194 -327 -452 350 407 413 988 -936 338 -34 -482 -942 -376 584 112 -774 981 311 -978 -864 -224 -487 609 -707 450 407 -35 -397 536 243 437 251 552 -307 -327 308 358 -160 300 378 847 -185 388 -313 510 -27 737 -423 606 -262 -978 -502 -996 798 -131 950 -315 304 -253 913 -658 -663 
-334 843 582 898 393 -565 -614 292 -887 -956 664 -308 -42 -222 -356 702 27 -134 759 -411 -807 -814 95 718 -538 -94 -440 -432 -384 -621 761 -160 -272 -664 347 -14 786 138 396 -973 846 -199 -435 718 188 435 -299 210 686 282 -421 -491 435 696 702 303 658 109 255 129 -211 58 -687 -126 292 -785 -686 964 -466 -805 418 449 106 323 852 -989 132 826 -747 935 551 781 47 918 316 522 -168 563 -10 -378 -18 -394 -978 339 365 -908 257 281 -904 -92 
908 -535 152 289 534 928 46 9 -688 -155 361 -438 -568 -292 400 -214 -543 -909 -853 811 493 -781 872 101 -120 344 17 -520 815 438 -851 214 708 -157 737 -815 -129 174 -485 -434 -577 -844 522 -387 957 -299 -958 246 -723 -883 634 387 900 47 211 745 827 306 -446 278 -30 692 209 -707 -254 930 276 538 -206 6 980 299 -152 -963 479 343 855 -618 181 -913 -427 -221 -90 -791 711 540 -92 371 -694 514 -617 403 -365 -346 53 -27 107 -728 -413 598 
880 -233 364 778 -793 -565 -537 -561 342 -796 -742 740 561 -396 142 -358 -821 -868 265 -647 166 842 713 -449 620 -997 197 138 133 15 -520 -694 358 909 569 585 317 -763 -888 -398 -884 555 939 80 -120 -976 845 -899 -113 -419 843 545 482 -847 86 180 589 -195 400 449 205 878 943 767 -186 815 165 -873 882 7 -831 80 280 -513 -257 990 30 771 731 -251 -535 48 -577 357 884 347 -783 439 -483 -570 677 601 623 -987 603 70 976 312 719 -878 
-768 653 -919 -934 529 423 -723 672 914 126 443 463 -506 450 -925 297 -542 -820 -737 419 654 391 -771 703 986 391 930 -948 930 -762 -389 -383 -362 -312 -632 -342 -942 -481 -141 -416 -799 -465 -121 391 583 -316 -370 575 -591 -259 -224 186 -995 -242 -65 -256 740 236 -442 186 791 -443 114 -234 74 -370 -603 -776 -812 774 -750 457 -997 -835 226 196 545 -723 -906 679 752 -502 200 -606 -367 -793 -350 -926 -129 865 293 -375 651 498 595 -52 861 -370 -626 -147 
214 -481 776 -870 -732 -478 549 -973 315 -681 825 -281 91 -327 897 -930 753 313 -535 992 -664 179 -302 428 517 730 -522 -785 630 -243 397 54 986 227 -947 369 -744 -74 72 -665 984 -48 669 682 -5 279 -760 975 305 879 336 424 -325 -410 -145 836 -475 932 -863 402 997 653 767 132 544 672 154 -715 413 -368 -971 -440 -901 -108 109 -245 795 -965 851 989 753 -456 634 563 295 989 -260 -238 182 -907 884 -866 863 744 -174 -116 569 -680 -729 -303 
-366 -984 285 -182 -250 301 -970 -900 -419 -260 912 -349 604 586 -925 578 -277 -403 -64 979 -723 219 548 -314 -605 -412 -985 -64 311 176 -151 887 -320 -187 893 -786 542 879 -710 202 637 -947 367 996 219 -415 682 -358 -909 462 514 -650 148 -268 -986 -879 208 -709 -379 -914 229 -785 488 94 98 -412 -261 887 -735 1 -770 41 -785 653 453 -375 -502 150 564 -359 330 115 -726 -472 -185 -132 -813 -679 -824 -430 510 -10 -886 413 22 -733 290 -683 7 528 
-916 15 381 964 644 953 726 -774 -873 120 -273 -44 146 984 622 -924 606 -660 973 476 744 155 -262 846 30 204 -811 401 -806 -771 305 575 5 -772 963 -483 926 694 -684 -742 -18 149 710 96 522 -675 -984 -94 -417 15 -689 -420 -415 417 741 621 -4 -843 -555 -796 297 220 -897 -374 662 934 0 -381 657 -37 -999 -903 -781 659 -714 -985 561 -597 -107 735 321 -300 122 594 -873 262 -615 224 -201 422 -786 532 366 -11 -911 -720 459 525 633 -818 
306 955 -999 501 -985 -217 -896 982 295 -874 -839 926 977 578 149 -386 -69 -700 -995 -655 -905 357 -13 520 -532 629 939 -146 512 26 -750 -131 -831 -116 202 616 -460 -235 -88 637 -985 454 -929 -334 -716 309 -833 865 129 79 -40 -995 306 -52 496 834 -404 4 946 -513 -439 -266 -140 500 870 -472 -410 -191 -842 -11 527 -235 -667 646 802 1000 742 -793 59 -338 563 -465 343 256 556 -650 286 -44 -424 -49 958 431 661 -788 19 -912 697 -581 -453 511 
-324 -989 633 -254 543 -598 -101 711 38 -499 -511 309 -572 276 763 -555 -427 44 461 286 419 -668 463 192 -158 391 -262 696 712 53 491 368 907 874 389 793 71 -298 682 -900 -790 -295 -283 -957 -401 632 297 -115 690 643 57 -580 21 -861 -389 703 290 -863 847 -374 519 -127 452 -234 127 770 471 555 782 -410 -24 -497 -466 594 -332 -904 223 -111 259 -202 458 -911 806 -772 -264 -772 800 -340 224 -398 -39 425 -452 289 -671 338 -218 -926 -69 206 
-970 -933 -7 939 -698 -813 336 660 -177 -839 653 75 -108 -753 685 617 -509 -372 -836 961 -665 637 671 -287 -995 66 231 766 -125 740 426 288 462 -486 813 992 316 -251 562 -524 263 180 -53 530 810 441 767 -546 -157 -470 -525 -384 339 25 855 -209 15 -128 -291 769 -799 760 -230 406 -344 -545 222 -16 61 -412 228 788 -385 -342 -630 -555 -120 -81 -740 -340 -920 -669 -447 108 -263 -427 -808 34 254 -880 -727 -598 -654 112 -395 309 627 641 -500 -927 
87 -762 595 -158 -520 -985 609 625 819 -101 -137 -941 -959 793 -942 -153 -847 -922 -905 687 -753 642 -277 -260 347 929 425 340 151 179 -154 -429 349 914 217 390 557 692 -898 -578 -855 -921 -249 -669 89 -620 744 -638 449 15 -771 821 740 199 -192 667 418 51 961 637 -427 -108 339 584 -496 624 -325 -775 -587 599 246 388 -615 352 -897 -323 618 313 883 -697 -450 440 -759 -86 -583 -423 133 -991 -239 189 279 883 911 -99 -851 -970 -718 234 821 353 
169 -532 513 439 -607 423 -410 -737 -636 -859 -477 -755 648 987 -182 439 -292 438 -519 42 916 -509 -281 847 602 202 -730 -71 637 71 -69 -229 727 -980 -109 630 -498 -471 -764 117 56 892 652 311 -572 803 -573 870 -365 445 -460 949 965 -999 -901 -740 517 313 576 -792 -607 -231 737 -975 821 959 -132 336 -98 -212 -982 80 53 -410 -457 -769 905 401 496 -492 -709 -752 -25 548 271 842 -37 109 -95 902 -232 -125 -534 726 125 162 903 783 -918 958 
829 521 189 -427 503 -206 -902 765 -792 454 -877 -283 -474 735 977 625 791 609 -504 -113 267 878 -509 -483 -332 173 -31 -35 780 769 351 -534 294 776 144 833 489 -277 938 -93 -180 -136 47 234 -440 40 -33 -667 925 191 579 -606 -972 -691 597 -139 -445 90 -560 962 -604 -819 180 207 697 49 -938 -472 411 137 -431 928 -141 -313 -259 948 703 -26 -843 -226 674 -382 89 -564 -180 -51 821 585 623 301 647 -227 -820 461 -879 -527 288 50 173 885 
86 965 -266 -722 -22 482 -638 762 623 -35 336 8 -961 610 -5 674 639 -85 -234 -45 -129 760 -192 -845 198 -747 -280 -509 -263 -535 883 112 -426 950 -535 245 -755 -140 -714 829 -755 373 -690 -442 393 -234 -48 -360 -104 -858 -613 -521 368 909 806 468 844 175 -43 636 -309 856 52 -549 696 680 585 975 507 194 -169 -837 909 -27 428 -100 -122 861 -199 -306 999 462 -152 -867 218 488 863 -605 -612 -226 -297 752 -222 3 -530 121 -756 -94 -172 -569 
-913 -561 -419 -307 -169 918 -760 -790 -900 728 -188 -476 -687 746 714 -45 37 113 40 701 -227 -902 671 730 -235 -325 861 353 -170 718 -597 -863 -990 -344 736 -37 302 169 -351 508 -894 939 650 -684 807 -694 -937 539 -839 378 732 689 652 732 400 -251 961 -383 -254 -15 -339 575 -394 -513 -332 -644 -768 262 141 14 945 -691 146 -238 -697 629 107 -514 903 594 642 494 131 -895 -75 608 -329 -626 -273 -328 490 -453 123 648 396 -835 597 -631 -2 399 
116 807 874 -181 937 187 285 -851 -422 -104 -679 383 -914 -141 859 -862 113 184 791 -994 -608 296 209 280 711 -421 428 458 661 -882 -996 552 921 126 -20 20 5 745 126 878 -69 -788 -607 -249 514 -626 -987 830 -293 -742 10 -429 571 759 863 -668 -278 478 -738 770 491 278 -220 -686 -59 307 -731 669 267 -252 498 -917 915 981 275 -764 -544 633 878 -217 -972 318 979 600 -803 -837 970 982 -192 -470 -213 487 275 526 -353 613 300 -905 -733 -146 
-256 -554 26 809 139 716 -40 -661 782 968 96 -580 303 -630 -994 -583 511 -691 572 -887 616 793 -559 -781 316 483 761 914 776 -965 554 -531 810 -942 262 -694 543 -254 -899 -49 -206 449 -71 -901 208 310 -57 400 -346 827 157 487 -613 -12 -874 -166 172 59 730 552 937 634 -243 90 426 -732 19 767 24 -839 496 -346 70 378 432 -747 333 -929 -291 -989 928 803 586 516 -681 142 -293 -996 365 264 -176 418 243 -290 628 -180 -174 -642 -505 -486 
-218 -915 -952 908 -27 -119 -151 458 190 -544 -395 -37 -596 952 596 263 967 10 824 -392 -921 -846 -352 760 641 -96 768 -881 145 -801 -711 674 -757 -228 488 -474 -360 -216 -962 582 740 328 15 -562 777 590 430 969 -289 971 995 -609 35 394 271 -138 -681 411 -595 -813 679 713 243 -690 -891 -184 793 -291 -408 -49 241 443 959 444 -418 623 270 -189 10 -881 258 945 870 418 -942 -42 -442 251 352 -811 -993 757 -360 626 120 560 -684 -625 -868 -25 
-251 573 625 70 363 807 569 -721 39 451 -504 -726 -775 24 584 79 -833 -722 -884 -104 -665 282 253 941 164 583 652 475 623 85 -26 907 -523 -939 377 -733 -794 933 40 -317 992 643 188 264 111 -479 -957 -224 794 -469 938 -576 610 -119 -7 157 811 -287 612 418 -989 907 -333 -204 -244 988 256 467 153 365 -550 -670 -950 -439 554 -417 403 553 -292 857 -559 -791 152 26 -18 1000 -492 262 -906 398 905 975 86 257 942 -39 -853 152 -12 -790 
165 908 973 -369 970 995 956 808 -662 -575 266 -286 277 -156 -664 -131 636 -688 -909 -259 623 -998 -268 -218 -358 217 149 -731 -455 -479 -754 -405 -985 -955 -193 398 471 192 -292 905 -46 -293 591 -52 -822 -787 -390 -12 329 -586 -858 -73 166 -577 -439 248 -819 289 783 0 -932 888 -16 120 -896 616 288 672 -547 599 715 90 -83 -87 644 -581 -888 588 -333 -802 320 -268 355 70 771 -353 -566 46 507 139 926 291 -966 -121 728 -186 -168 792 682 546 
-237 991 -719 -155 457 334 -578 265 -845 -294 -49 463 561 -300 734 -958 669 437 -249 -203 -722 811 -552 256 35 56 -875 -515 189 -566 -530 -50 -108 400 984 -848 915 527 667 -784 -789 -363 836 829 992 583 -827 637 -864 635 -310 440 554 502 617 -200 415 526 -338 88 127 752 832 306 147 730 -492 -185 -345 -936 756 690 -855 724 734 -66 -306 -749 -678 -28 583 927 -508 -292 375 -435 243 771 -20 149 108 -564 666 357 982 -437 532 -281 498 833 
91 484 -652 -86 386 322 322 -701 541 -482 956 260 603 62 -819 -845 -41 -424 -908 109 911 -428 125 -791 -626 -639 86 950 478 -938 -149 -51 585 -367 193 -216 544 585 -221 -642 -917 -57 742 865 -441 -942 -510 -660 -56 -366 354 -11 -357 964 629 18 -786 -291 414 379 -183 -313 883 -130 -540 -844 -737 497 488 -989 927 -373 -724 753 994 132 -426 611 -638 -536 905 623 403 -574 -270 75 67 -770 465 863 759 -434 24 69 -984 206 -419 -831 910 -261 
927 892 733 952 -33 -503 -269 -723 304 -443 -389 301 -318 89 -473 455 371 493 665 506 186 853 -842 715 -185 -657 -271 597 642 567 -230 -389 564 517 -720 -512 223 693 -97 -691 326 -449 749 291 198 -362 212 -164 -78 -110 825 78 -137 725 901 936 -362 560 -964 -681 -417 -127 197 -994 -125 -829 -204 -233 389 -24 -476 -258 903 -689 745 -421 -878 -792 -907 435 753 -183 -253 -43 467 677 639 12 566 -786 112 -511 816 535 -670 661 -797 -854 -594 -674 
-327 -738 -260 733 336 78 -282 -669 -496 616 577 -199 -979 690 480 312 -86 365 -123 -897 132 670 -123 -390 -807 -416 383 982 -213 892 -276 869 686 31 -124 599 671 246 -700 -274 -404 123 310 -163 -892 376 -565 -699 -832 28 830 -232 688 112 516 455 787 652 -267 722 551 196 985 988 730 -839 574 -38 165 785 -942 939 -633 -344 651 993 630 -438 -146 813 851 476 385 -104 -397 682 420 413 -10 509 423 492 -274 252 22 298 230 -898 -734 -488 
17 -716 -438 707 -415 -799 -432 284 691 139 -680 -738 67 896 912 482 -503 -455 -568 -653 -230 787 698 -176 171 235 -2 502 420 -944 836 799 545 -879 502 -797 947 -420 29 103 -592 544 799 -773 644 -85 -784 41 -176 841 -778 -761 67 438 -462 373 -920 -448 -554 -889 467 -126 455 773 -670 402 377 -873 -390 259 699 -597 -617 916 -921 -490 297 -222 -764 838 -201 176 343 982 173 -202 554 -916 714 568 563 -827 781 739 825 -815 -152 758 123 727 
-2 -935 106 673 671 -828 443 -515 3 -132 -88 193 -332 -325 528 175 858 -929 -691 543 624 -517 -947 -63 -349 -591 -68 -301 715 -14 901 -275 -1 946 -451 670 -539 235 941 -69 -34 -347 381 583 230 88 341 -458 -655 -768 -233 210 -866 -251 -493 268 682 -379 -359 -329 150 68 -602 -669 366 790 -138 -328 -780 -364 291 767 -112 -797 504 -137 235 -435 157 224 332 13 -864 -279 225 260 496 -724 -118 127 730 567 -427 -210 -80 -498 -315 126 859 324 
635 22 111 -615 991 743 -139 -627 971 792 -70 388 191 356 582 -708 252 -382 336 941 174 -221 -881 905 66 -913 -621 296 -854 -226 703 -133 -405 125 796 660 100 -956 823 923 22 87 -831 -578 -45 193 -883 334 804 -910 -677 608 -810 420 -104 223 -355 -173 625 -189 -752 719 -624 350 699 -837 -541 -913 -940 187 -568 52 -433 76 836 -177 -811 182 -743 553 -42 554 -591 -451 -864 -979 398 -66 46 -954 -836 650 72 166 422 -981 374 -452 -292 -106 
-544 491 337 -157 254 -534 -883 0 -95 556 143 747 -486 926 350 -456 198 -226 -679 -178 195 75 768 -698 156 112 763 -611 -817 252 216 22 93 96 -517 254 92 -762 -274 -113 -94 696 -305 -936 -405 685 -500 30 221 299 -922 -893 -857 890 -788 -688 630 -546 260 11 -57 -805 -207 675 537 -811 -491 -823 -890 669 -288 -71 -332 378 145 102 -839 -549 879 987 157 -678 -513 137 490 581 -740 450 -575 -452 276 342 -684 -393 30 581 -153 208 -857 564 
-158 963 963 487 -896 -443 -985 -372 574 -294 -665 216 -563 588 166 136 -177 548 444 -514 -56 335 -590 517 -851 -973 784 -686 -121 28 -588 771 305 -348 754 -813 751 201 538 -376 -47 680 -834 -987 199 -952 912 335 192 151 -87 -33 -367 572 -514 573 -25 -852 -644 -32 701 549 698 -995 599 68 -593 831 -208 -219 168 670 869 381 -872 444 -664 -700 246 -489 -877 -353 215 -639 830 -472 967 678 48 -196 -357 383 -750 -709 992 660 118 67 870 639 
168 822 -398 -245 531 -336 -164 879 -278 -288 -429 370 -483 -763 -28 -237 -629 714 -488 70 919 -349 112 305 -520 413 -997 940 -73 -657 -684 -148 -869 -7 389 -294 -49 -285 399 -278 -193 -130 256 -687 13 755 -363 -711 -642 738 -810 -367 711 -282 116 504 -404 -954 -392 751 -799 -181 -629 -181 -375 287 865 941 896 711 -934 875 421 357 -669 -14 415 904 -225 450 -31 -593 675 -888 11 739 -41 857 845 347 -25 -34 -88 -366 949 454 -974 -763 635 402 
354 164 -63 416 -604 325 -394 -1000 -80 -369 62 950 -967 1 178 -301 400 426 879 828 451 873 -219 473 929 496 -453 -241 133 -901 -606 962 159 227 -698 -101 -52 928 -969 -873 -512 424 -282 -610 -183 -757 -404 -37 846 752 526 923 -470 -423 -701 -438 -151 -249 278 792 -677 307 -766 711 235 -19 -739 -249 758 -734 -69 544 -260 348 318 723 -443 -404 470 548 -819 -605 -791 352 -357 939 340 564 -135 739 127 850 -655 -285 503 -442 -640 24 -924 -330 
-562 863 -951 842 257 -585 -369 -804 -365 555 -469 -94 -729 -547 -732 -891 -397 301 729 -619 248 426 -262 -534 -36 -145 -891 877 -913 236 803 -259 84 -470 -62 226 278 -587 893 756 798 -829 -215 531 246 -231 -621 312 682 -465 462 -98 -668 513 -199 113 224 77 707 81 203 386 625 208 -800 -377 -271 -502 -399 365 418 392 -141 627 123 408 -695 -420 8 795 304 317 -327 856 -83 566 -313 699 695 632 -415 430 -585 -108 -383 880 755 984 755 179 
-186 -754 -775 802 555 -623 515 -314 -516 -659 849 -246 -530 -567 388 38 -509 -41 367 243 -688 -720 762 902 377 -964 -90 23 -585 613 847 -183 650 -144 -633 -967 598 538 852 -645 480 103 762 353 -828 -269 -562 348 -710 -9 -79 272 146 -163 238 -356 181 -976 -32 226 -471 -730 -567 550 -333 -704 416 -934 -125 227 654 293 906 -804 -818 -817 393 -102 -586 -534 -119 -760 74 -400 -100 -225 100 -892 -938 -557 -397 -274 190 764 815 779 -297 235 970 -627 
-416 -958 622 166 -944 398 925 -316 279 -50 -350 -890 -247 -685 811 -719 121 988 -872 80 801 -741 -308 704 -671 -333 805 -624 222 223 -244 438 782 559 13 367 735 -892 -474 682 975 740 274 189 565 154 -960 910 -789 778 382 164 79 -776 -665 336 -389 284 162 84 361 63 315 976 -201 336 951 -487 886 302 -59 64 -992 -996 219 -226 141 588 -5 -355 900 312 -576 386 562 -296 -539 -211 -428 -200 -221 -744 -917 963 807 484 229 -208 -781 -381 
241 978 -183 -439 -201 -873 -419 -166 -414 159 507 851 66 693 473 -244 -156 756 214 -373 717 -679 -984 506 151 377 10 99 608 556 10 -440 899 -111 269 132 -434 -314 -83 484 701 -951 -997 -847 -660 610 484 -416 -824 354 -423 291 -78 -187 -28 -658 -774 480 -769 -502 60 -474 -486 904 966 -288 189 532 128 -914 -74 94 -301 -799 -646 -888 -842 907 810 -42 -336 -500 -80 947 -714 -786 430 949 -997 17 -849 -484 -823 597 -974 917 357 -274 -890 177 
614 826 -259 184 -665 -455 682 -450 -699 141 -469 997 -680 -785 293 -329 -566 -775 -239 -903 212 636 983 225 201 -624 -841 941 620 -363 911 -568 -104 754 -638 -254 475 129 209 -881 -833 -428 -522 97 -503 56 117 146 -606 751 -921 357 208 -93 715 533 -141 -529 771 -885 716 -108 -359 -552 -988 -111 110 -499 -764 -770 -14 -763 610 -982 692 542 757 385 -930 -439 695 181 23 543 602 -712 -868 663 222 -69 232 -918 -119 -619 -590 -238 -375 378 169 -206 
-794 -879 806 754 -974 168 935 409 681 -955 -598 705 358 -97 526 619 -564 -643 406 -251 -614 -486 984 276 477 148 638 154 81 -277 928 721 -637 -613 18 -135 -319 887 -447 108 486 -720 641 984 -579 -99 -327 -407 -556 -719 -262 -41 853 430 545 -426 65 -477 -358 677 219 606 802 344 257 -216 954 -66 688 789 -436 -632 968 -935 -716 -678 -615 0 -704 775 931 892 928 -299 -731 -727 438 -137 -74 681 -153 -278 -735 -646 -290 -472 554 66 443 582 
-742 -915 -78 -785 -168 -693 206 946 -634 -342 -164 -732 60 313 -506 813 827 -299 -314 229 103 385 79 -283 -295 -917 -699 -323 -674 522 -307 -476 -629 808 706 -283 804 669 710 -545 -408 -110 811 767 469 957 213 -945 -550 162 -212 824 -655 -304 -457 678 -457 -927 869 -861 490 -493 -816 503 776 625 412 623 466 669 810 473 621 -505 -270 567 493 643 -290 -753 759 12 -184 769 765 907 873 -292 168 -448 680 567 868 -12 -252 166 -510 -299 630 -672 
205 -882 331 -17 -762 -491 106 -642 235 -209 550 -703 687 -71 287 -180 -406 -326 850 -589 -586 137 -753 831 -646 45 399 -666 531 -410 -527 861 328 -197 -96 -392 786 988 349 -20 -745 -952 -581 788 -92 321 925 -500 -77 -910 351 -877 -105 -839 -599 209 825 104 692 -113 -697 -809 483 -398 -648 -817 1 594 -244 168 192 458 219 -745 -203 772 -704 999 -948 566 -275 -218 -801 505 234 -112 -31 762 538 218 -911 -699 426 -19 -162 -201 -743 -351 -955 -71 
-818 355 -717 -174 -97 -630 -999 831 -541 91 -128 -699 -239 91 98 371 -494 5 32 -112 21 -994 -793 -176 -56 -820 145 730 -416 709 -462 -147 437 -27 921 983 -720 449 79 -543 -586 -722 -708 -129 -902 122 -564 -490 149 573 -180 261 686 709 584 612 452 735 784 911 817 -152 -445 -859 -673 529 381 441 544 -783 533 87 -171 489 -990 759 263 -925 541 -637 -857 -74 -98 -719 -648 -524 -242 -588 -918 -794 -378 -137 -441 -819 -999 -332 -92 -100 453 -246 
-319 263 243 -818 152 -712 -568 331 852 578 -474 -404 -988 116 193 -731 -928 -692 -340 -760 4 334 274 284 109 -483 -72 422 778 -419 -82 316 -882 526 -462 217 943 739 206 843 878 568 -455 723 606 -454 381 811 995 -898 -721 406 -688 -75 -88 564 1000 345 999 905 739 779 846 -30 81 9 -388 54 995 -721 406 -75 564 345 905 739 846 81 9 54 -319 -813 675 18 -384 499 -312 803 -513 918 561 -143 820 -135 -542 640 -156 947 590 484 
-194 24 -85 -994 531 -77 861 841 -811 -691 483 7 -253 59 896 -233 -373 802 493 92 237 -753 -682 824 129 527 617 -710 733 393 -739 157 26 -435 881 -570 -619 4 222 965 624 913 272 -641 92 -597 -280 468 -859 995 649 133 -905 -72 -390 -629 -527 816 145 146 -56 880 409 556 737 103 -995 -997 734 -445 81 788 -902 -86 242 333 -156 785 -988 -207 -301 -164 -834 329 555 -170 726 687 -706 13 505 -409 -814 542 -529 329 730 -424 827 -854 
-919 -382 252 -484 -499 -499 744 -123 198 427 -320 578 45 -560 375 0 -905 394 936 -900 -480 -643 740 476 -732 352 140 -818 -288 479 -134 383 -973 379 548 844 -769 16 -531 -203 578 -674 665 -121 -494 75 -751 82 97 -730 -497 422 -196 -901 -483 -373 797 -615 31 382 889 -799 -283 577 -541 171 592 -687 724 634 404 -620 -179 408 436 -720 -723 462 -913 -268 -234 -639 -61 15 -606 -179 -864 -34 -616 469 -110 635 320 376 234 -901 780 188 168 241 
-844 -248 -84 210 -769 826 -335 -229 123 11 -929 178 734 -560 -300 -122 -831 437 714 -570 167 -939 979 721 16 -781 379 -692 841 234 17 -973 76 -140 -253 -956 38 1000 -205 231 -582 -940 931 679 -407 -671 564 -753 -505 -295 -524 -214 813 943 390 -596 968 480 -636 757 -148 -581 -916 -430 -957 -605 -358 532 919 298 -713 -660 -558 204 -637 -991 -582 907 -566 -841 -501 -530 -861 -204 221 -811 -971 -809 -211 -951 432 -277 -3 247 -469 30 728 -71 -60 -388 
-162 612 661 998 234 823 -593 158 323 198 -324 -50 -832 -181 245 974 -549 365 431 -466 253 -586 980 613 224 27 580 -279 377 860 266 -507 500 618 -274 -892 712 -398 413 -915 782 -49 -310 -381 -760 -61 95 465 -616 444 -439 -800 876 -54 650 56 606 -391 -24 -417 -804 678 338 884 989 0 812 693 708 -864 578 755 217 185 -847 -143 -17 -161 885 -100 -900 982 634 -166 621 -444 -94 -828 142 -397 -163 -96 -946 -755 820 -682 -438 59 472 -404 
-649 -814 -933 -509 -479 667 -153 727 -331 361 332 -901 -713 -154 -856 238 -615 -292 -568 196 -95 812 420 556 676 806 -476 709 578 -906 -676 166 -520 -568 -237 -788 455 -233 -284 819 -719 -87 -591 156 -960 -33 318 294 -352 -61 1 -98 63 -35 -540 328 367 -1000 -723 703 -70 719 597 889 -746 19 19 43 -412 431 -950 650 -6 -990 -192 -819 -773 -205 -782 321 -183 -254 171 -623 29 -997 -588 739 -314 728 531 -410 -777 204 771 -635 -12 -713 725 -252 
-843 -841 217 512 -358 -365 774 997 368 -666 230 -858 -908 35 -556 989 -761 118 -33 -454 -913 85 -177 949 391 515 -636 -757 -493 -909 -953 881 -52 -780 8 40 287 367 -362 -641 422 -536 761 -192 336 629 277 -269 -383 29 620 311 67 698 -450 206 -548 975 256 918 -971 -597 -877 565 514 -385 848 -344 476 771 648 74 981 427 391 107 -788 -940 521 663 -859 -581 -385 -178 263 73 -723 -941 604 -128 214 752 216 550 -43 -320 -137 -296 158 57 
125 406 -14 247 263 587 -437 -681 -725 836 -438 -455 -479 -863 -613 260 888 -793 -447 -97 64 -481 -245 -986 -731 -188 997 -137 -837 -54 -560 608 -29 628 764 197 -22 -209 76 -383 904 94 -259 -60 823 80 146 -699 721 -220 759 415 -389 485 555 860 266 -386 667 76 -601 -712 236 -366 -189 975 964 14 -111 -875 965 -919 572 535 917 464 603 -920 -598 -997 628 -801 566 -582 924 -200 459 -522 911 89 412 966 176 942 -837 131 244 526 -459 172 
-274 -261 515 414 -906 -640 778 -800 488 -288 -930 -15 -537 48 -968 -595 74 -909 -660 958 316 797 94 677 -499 -60 570 513 -762 -701 857 604 -481 -333 -164 695 178 -65 -463 -414 390 -488 295 -419 335 546 992 311 48 241 88 -937 16 -696 954 577 -753 109 713 820 705 -230 99 -479 756 210 59 943 230 -167 494 -904 70 42 640 -40 -931 -79 966 -735 -254 -987 -523 419 316 805 -122 505 537 213 -44 -608 934 540 -178 -506 979 -77 -840 -832 
923 79 440 358 -419 454 540 -42 917 -686 893 313 399 -577 287 895 -842 -179 -464 93 -362 -847 1000 -331 -919 -469 -836 797 -400 511 537 -825 432 -39 568 -520 -2 -261 -902 512 473 445 668 -302 -69 -353 -23 717 164 -358 518 -162 687 496 -110 -976 438 194 853 -405 10 804 -165 -459 -713 131 608 964 -365 -550 843 669 648 -390 179 -73 137 503 -986 44 -97 -166 -420 820 -785 281 -413 -62 -424 162 694 9 -811 420 -289 330 -6 -467 192 134 
-39 134 739 831 262 -904 -403 -608 -547 -181 -200 368 -287 -564 -748 -534 -362 253 33 565 -117 809 625 698 720 561 -92 390 153 -322 5 89 -9 -862 -230 209 447 -848 -456 901 68 -542 668 499 -252 205 432 -862 -274 -221 -694 -121 446 -164 695 -108 113 390 -792 -542 -173 193 96 597 -950 -681 90 137 666 134 47 28 577 -542 605 -972 -910 408 607 287 788 -461 875 898 -554 -642 869 206 -156 -37 335 -532 737 613 776 389 -361 -895 392 -443 
82 -851 -746 -442 -309 196 -932 506 615 9 594 110 359 -600 611 908 -862 222 152 -16 -327 -965 885 162 623 825 605 213 815 -505 939 -110 579 -112 593 -678 -446 -753 706 -487 634 -136 -71 -216 -628 292 589 -982 616 52 -345 -792 -336 -959 -458 730 -604 558 966 -732 148 -681 -557 871 -714 45 645 -301 620 131 -830 851 55 -234 -170 616 -254 -161 544 259 -117 -292 -429 -886 -487 -878 -602 77 310 -431 -971 926 -878 -135 886 -29 -936 921 -890 725 
-942 457 64 -63 903 -469 -83 -680 735 485 663 -105 941 -311 -663 -427 977 276 -397 39 431 171 -867 637 466 -70 -51 508 -419 926 -385 -668 378 -927 -639 787 250 -433 -998 889 -423 606 596 -71 -516 932 -528 -891 -996 870 154 -826 -755 923 -955 920 16 927 610 -875 -819 843 -253 582 -932 100 -943 986 555 -432 672 -26 297 993 655 759 209 -153 -597 -31 -78 206 -134 159 -924 54 231 352 546 -545 831 718 -955 878 143 661 -64 -881 -122 273 
-885 751 -370 -563 786 138 459 -952 288 -451 -384 797 718 265 -500 213 -299 524 507 282 595 -769 435 121 -428 899 950 109 783 761 575 -133 58 -126 -339 -894 -86 311 -367 -654 -502 890 -369 -383 -172 852 65 315 802 284 85 -947 626 781 -819 856 -11 -173 213 -384 -929 424 -993 -595 -597 913 339 365 -6 -566 -126 -582 -419 329 -165 702 -235 260 915 -262 879 -755 -404 -914 -38 33 712 286 -18 541 980 311 173 -923 -187 783 -529 11 -737 480 
-100 -120 -465 344 -586 -277 21 828 19 717 412 204 736 241 -458 136 -106 -129 763 -323 155 530 498 -588 -311 344 -484 -299 950 -762 -1000 244 443 618 -126 -213 332 47 349 -102 -147 804 278 -536 396 225 139 -365 291 -795 -994 -421 -756 -428 6 299 -963 479 504 826 897 943 -36 -293 940 -427 100 -90 847 703 -273 725 -694 514 -617 -553 320 -4 -922 786 -971 281 -310 -946 -16 -22 -119 256 -338 -793 585 -82 331 823 234 707 -120 712 -50 588 
-448 297 348 -121 -702 403 -239 -685 -250 201 698 972 -268 -341 874 -754 -880 133 -601 15 704 -520 -113 -694 524 358 -153 909 912 569 -9 585 -364 -352 317 -152 -601 704 -113 524 -153 912 -9 -364 -352 -152 439 -946 -195 901 -434 251 -273 515 895 604 300 -500 -818 593 843 246 -417 -240 -772 -684 943 589 -195 525 786 -690 -727 407 -439 70 32 -666 447 882 -113 -652 -786 203 -666 -127 226 -263 -84 -751 931 -92 458 -302 -544 -209 -566 396 170 -345 
281 997 472 143 47 479 -880 -881 -409 809 676 -762 -811 -660 -919 529 658 648 -538 666 -215 472 -90 504 -215 -245 -805 -148 297 535 952 -179 268 419 683 -941 -310 -292 301 -939 100 625 -369 -585 -25 -310 -878 658 -890 385 -845 -259 -342 359 -624 468 -658 -981 -668 475 921 566 583 -370 -294 -220 -207 328 -470 -353 987 361 -47 -930 430 -947 -409 962 -909 -442 186 -599 982 675 -761 -844 -237 -370 -776 -812 774 -750 -562 645 -972 152 -414 196 259 -747 
17 584 -465 -469 -72 -431 -363 439 -459 880 405 -979 234 -457 -949 651 171 179 -436 961 709 -626 214 462 -238 -732 -478 -123 509 389 652 -966 -69 665 -228 337 981 -31 897 753 230 525 -368 -664 -39 -437 428 384 -708 564 -395 -57 630 973 617 -656 672 -732 166 248 -48 169 -323 971 -424 -285 -263 917 318 -9 -281 44 826 986 628 -471 -728 440 -908 -699 230 -410 -139 391 118 -489 824 511 997 278 100 -65 -210 544 924 860 688 337 613 -599 
-440 -108 109 773 988 -107 -790 261 -242 753 634 -527 -201 989 980 -108 -708 501 -248 884 -216 252 282 -222 -116 373 354 -507 -729 -303 -592 -984 285 59 93 -423 -325 -718 300 -293 -708 -293 -137 -349 -396 -675 94 578 -319 -931 980 61 458 702 -227 -11 -734 -104 -605 -85 97 151 382 -963 176 107 -151 887 -320 -187 219 -633 -50 -114 189 -222 -306 -50 -550 -947 996 785 -550 -44 -762 109 -633 -32 514 -23 -497 687 -364 -434 -929 -487 -912 -315 -216 -188 
68 -986 -191 419 531 -228 -675 -689 -279 -407 986 742 664 48 973 966 472 -92 397 450 -229 -388 489 -292 -986 -879 321 -178 336 370 203 -117 -473 158 134 -764 39 434 -464 348 -821 994 -476 -17 -377 678 -792 79 -830 602 565 -861 -726 925 -999 -320 400 853 981 892 -845 803 144 323 -510 -173 47 -637 945 -8 -683 -495 454 575 524 37 710 801 311 -801 -468 375 120 -44 146 339 622 -924 -660 973 588 383 -54 -43 -262 -14 668 -723 299 -665 
990 177 -874 -106 -258 -826 -514 505 353 547 -409 -292 -333 839 103 -434 -664 -932 -624 -984 -875 -585 -475 563 -754 619 727 126 -43 741 990 -109 527 912 -555 49 917 -85 220 -989 813 48 -337 934 -261 308 -318 -267 631 189 922 -231 579 709 224 -158 931 899 -597 -604 -779 -734 77 70 664 941 234 117 -740 262 148 703 -614 -248 98 -820 20 -191 232 301 486 794 275 633 872 826 -809 52 -273 -280 -887 -371 -616 -378 295 507 -998 -534 -556 -453 
-781 -781 -386 -545 -795 -700 295 495 -794 473 730 -13 819 -735 256 -189 -395 -244 -743 -750 151 -650 286 -147 -601 813 -8 -274 -685 26 -270 -84 128 -334 -504 -315 -705 -833 129 818 -846 497 559 -101 -560 -725 949 421 851 -41 -820 380 -889 -415 -266 -515 635 -240 489 537 950 121 795 -588 282 367 646 397 -552 -724 -129 -1 662 844 -862 962 -167 105 806 -232 286 909 -828 -186 -856 958 800 -973 795 16 754 -516 401 -469 451 511 -324 -721 396 289 
835 543 89 -982 -200 906 38 -170 -304 -861 856 -42 927 -837 -542 -734 461 -147 501 419 -328 87 575 631 885 185 -262 -202 -786 -1000 -220 725 -370 195 -124 -438 -251 -738 192 -581 -758 -460 -57 548 530 872 784 336 359 -616 27 -112 -647 643 829 -963 -602 481 991 296 197 22 56 -170 406 705 -8 -609 452 -908 309 -980 -21 294 735 -16 -85 -395 -356 16 917 682 844 -676 484 -415 65 -580 21 55 -899 -726 -141 -811 437 225 -102 -248 -510 822 
-147 210 977 904 744 -673 148 105 859 -400 213 -24 -423 142 -90 -973 141 -446 223 -379 529 -149 496 -362 806 699 587 -248 -754 -957 -554 907 138 -89 -836 837 -426 229 -373 190 1 396 555 -580 799 -834 -63 939 -229 -698 -466 -40 205 -944 922 -631 -643 -336 -108 685 617 701 -509 -372 -859 654 -417 144 -933 46 707 -12 264 -146 -516 -285 -902 758 -18 -502 51 -202 -137 862 422 -880 653 971 917 -14 -161 -313 550 -102 152 767 -546 -192 -162 -366 
949 494 339 -112 748 738 454 417 473 -486 115 769 -734 973 -938 -486 386 944 178 -10 -720 403 728 -154 619 -698 -70 464 -238 535 -816 678 -793 438 -154 -981 -645 -294 -706 149 34 938 470 -818 -256 452 585 -14 221 -868 -375 248 -174 360 517 412 -762 881 912 -921 768 -508 267 242 -493 764 438 -941 793 -942 279 381 -169 609 -958 947 -295 510 -915 516 -908 217 -243 929 -922 120 340 -854 218 179 779 -310 -142 -282 914 950 390 353 -437 1 
169 -376 -578 -153 485 489 886 -673 -445 141 -43 744 218 -553 714 15 887 -895 -198 480 -223 689 -192 600 682 -362 51 487 749 -127 -259 -108 472 -489 63 541 -448 980 -636 555 -587 -248 599 -476 -269 -44 397 -591 743 191 313 -792 883 -697 -939 -695 -638 745 -583 -674 -383 133 709 -118 201 -795 871 965 -726 -99 -81 -851 -526 368 -272 -498 488 -997 219 29 439 868 170 408 803 -493 -605 653 -755 -382 559 442 -661 639 -905 -292 462 -319 597 635 
916 -755 -509 847 -736 274 -967 -350 872 620 71 -329 -229 -980 -109 669 939 970 130 -302 -917 -364 472 -58 -57 -89 -535 -753 -95 -644 -253 587 -484 237 707 988 -409 -379 -372 -683 -523 139 -992 -950 742 -278 -44 330 -235 -634 796 -323 410 -847 170 231 808 -450 965 634 258 381 -164 134 -800 -999 34 -290 781 569 -916 734 34 341 844 165 221 -811 -396 -706 -428 -68 644 583 -480 373 -982 -702 -622 374 875 521 934 456 -785 -88 279 -242 -32 -618 
133 -516 799 85 492 -768 252 675 -758 -899 711 554 -230 -801 862 925 -395 83 521 635 -88 -427 828 -673 -931 613 -792 -934 -157 -109 -358 747 -438 -874 518 -716 -620 609 -226 -657 -25 -438 878 -799 485 -230 798 -77 601 -35 247 591 664 -968 -41 997 776 815 -504 833 -288 -641 -52 -25 -93 -289 558 -17 701 264 -735 -987 937 -182 -909 634 271 911 -107 -655 -691 -258 287 -295 793 -631 809 780 543 -307 106 -733 -704 -740 -518 300 -938 -636 278 137 
438 627 -427 -313 -259 -877 736 -368 161 -32 -889 -628 -634 89 -180 -657 72 325 -112 412 0 293 825 -495 -32 638 851 418 54 -105 50 889 747 -910 965 -882 0 -941 -523 -677 -187 -830 589 -444 -762 666 492 -138 -734 -112 162 -185 639 -545 -687 -202 -354 399 613 635 -192 512 595 -737 465 -692 1 761 743 -221 -891 553 -166 572 -466 -784 -535 421 73 689 550 -809 908 373 706 684 609 -289 -258 322 446 -57 -858 -613 226 -756 -105 941 -201 462 
401 -850 175 636 -309 359 524 230 -549 -117 -159 585 975 -751 -319 -119 -169 319 -922 -773 -27 -662 -749 -100 158 -546 -55 -199 -361 274 393 -902 874 -284 -867 161 -550 -657 61 726 -612 916 -974 -558 752 626 725 192 -932 698 -345 -517 -172 834 -501 -913 -896 192 712 561 -655 944 -760 -945 59 -869 -849 -188 422 -431 302 -144 -45 113 247 40 440 -823 731 911 730 411 -325 -520 353 -320 -844 -597 127 131 597 -985 736 -137 917 -517 380 869 928 554 
-962 -747 650 -419 -684 804 67 -127 82 30 -483 293 -31 745 -75 -339 -710 945 353 -216 -381 -454 -872 572 699 -551 -220 -899 -545 193 95 -53 -806 242 740 419 -91 755 391 926 -386 99 805 -648 -842 152 807 788 -654 447 740 -310 553 565 -310 -417 -498 145 -763 -108 744 160 -568 275 65 575 833 -132 -515 660 831 994 273 -789 -170 195 945 611 591 -417 -41 -893 103 -146 335 -982 -889 642 911 560 -494 -895 82 -535 348 920 263 -908 717 242 
574 648 815 839 682 -696 -631 -332 596 807 261 874 -181 -467 199 -185 -333 -422 -989 -676 981 207 451 101 -862 -404 113 -377 685 -217 -223 -858 -734 866 -544 -508 261 800 -108 68 -709 -101 661 565 365 613 312 227 714 -66 830 57 -150 903 612 642 -687 111 -542 651 -482 371 -499 595 -786 -293 298 -742 132 992 571 -589 76 360 -155 -197 -767 -886 770 -778 607 260 -497 -290 -939 449 354 -968 -378 -619 962 -798 307 244 288 -989 -555 885 731 630 
251 477 -139 -573 -971 288 362 476 81 616 -66 517 -353 670 680 520 -305 132 -737 68 286 -51 -279 566 845 11 310 280 994 964 419 139 939 -40 751 453 571 915 -338 -801 -630 -583 698 511 773 590 -818 462 450 -487 42 440 786 -760 -617 900 301 428 -531 -874 216 95 942 -722 -694 716 -650 772 -548 503 15 887 560 347 16 208 475 614 183 -645 903 -870 373 157 214 115 974 -633 -933 -166 59 730 -118 552 247 -350 -304 -243 -634 256 
132 -292 -127 -977 767 -839 431 660 -346 -194 378 -968 656 236 -929 92 137 -7 803 957 -88 706 678 142 -466 -792 96 -966 -20 145 418 -682 871 628 -918 198 417 515 -309 310 -411 -634 696 -216 -801 -38 -151 -671 -512 573 -957 -395 -181 -191 140 596 58 263 -774 -371 -682 720 -392 -921 -219 427 -850 -693 726 928 768 -426 500 -24 14 117 509 -31 -757 -221 443 523 500 -494 744 499 607 -244 -547 -316 -742 -299 692 331 -649 358 -924 -859 -153 245 
348 195 584 824 -203 235 556 -295 -320 -561 -393 -408 -63 -894 741 786 -210 406 -506 -921 914 -485 653 671 -967 785 798 -706 -110 -934 396 -609 930 461 -548 271 -45 372 411 369 -879 581 -442 -747 601 -690 270 -940 770 178 -785 731 -408 272 241 888 -197 959 426 -82 -785 -492 -189 78 874 -782 -998 168 669 -814 -892 187 -11 807 84 -90 765 -110 717 871 -360 699 -181 536 -273 -158 824 -778 630 931 -251 491 892 -400 23 -501 499 395 -880 204 
439 665 -71 451 -101 673 108 968 -871 -163 -309 -373 77 -954 592 176 341 -352 253 483 -392 -355 456 658 503 -660 -169 506 229 907 -551 -640 215 459 34 -850 10 -573 -317 -721 -591 -473 -305 801 589 977 -395 -964 -673 234 -469 -221 -188 -565 -737 -998 554 152 406 -760 612 747 -995 612 -720 -38 -799 -254 -723 -49 896 668 -164 -260 915 544 -69 23 -860 403 431 706 766 -243 504 125 -285 -860 691 -492 -75 -522 -166 -230 371 585 67 -15 802 -336 
-886 579 -329 136 -339 -195 -236 621 220 242 -568 -548 739 -314 389 65 -347 -575 520 49 -978 807 -27 -711 -644 486 186 -485 554 399 623 -998 -255 -439 708 -358 972 -475 120 464 -97 -455 -666 934 743 -735 478 -985 -443 651 -327 398 -372 462 -801 769 -200 -893 -297 56 -52 -530 42 -47 384 -390 -474 -923 329 14 -858 -73 -861 -490 -310 -421 998 -608 -724 159 0 956 -153 484 346 978 824 -887 -311 837 672 519 -35 75 166 687 887 -529 -736 644 
-888 588 -951 710 -847 -344 274 -741 70 593 971 954 -918 162 -432 507 538 800 926 291 -193 -694 -656 -750 -54 793 762 96 546 -111 764 933 -343 718 -954 465 -725 -578 461 591 157 137 265 -994 463 -381 -300 734 -647 150 -86 -697 275 -385 -203 -128 -690 -68 895 256 -778 35 513 56 -348 -916 -875 -237 -515 393 189 936 -566 758 -530 -783 -50 -824 -108 -998 400 -755 984 727 -859 -848 670 915 240 527 -987 -778 513 -348 -916 -237 393 936 -566 758 
-783 -824 -108 -998 400 -755 727 -859 670 240 -987 -784 159 -561 -380 253 417 -203 282 -474 -503 -58 419 -745 -969 -722 192 -153 942 -686 -200 -416 659 -338 473 -173 -506 962 -543 47 831 -30 -561 -608 965 -92 512 609 -673 690 -855 92 333 958 -601 -444 -144 -421 -941 703 -735 -457 718 21 -576 -569 -399 -326 582 -308 -406 -417 357 860 -358 -847 -575 -349 -98 439 -643 683 -652 501 827 -26 322 800 -55 -269 636 642 651 163 391 805 628 -799 956 170 
769 53 969 -994 598 -741 -573 -339 787 -546 950 665 -434 -246 637 585 -663 780 193 -895 -590 -281 176 -752 -642 -948 370 -984 742 -758 -492 784 502 -333 -109 -135 121 850 902 172 629 -74 -835 -771 454 670 714 372 873 763 -886 279 -508 -151 -223 581 94 -287 -45 -373 468 529 359 727 -426 43 -128 562 569 980 -127 140 -669 -232 67 851 664 796 -3 -942 935 104 69 -576 980 206 772 -884 -69 501 -891 -358 534 330 -33 -503 296 -518 -672 196 
-934 -750 74 -151 89 408 -300 -50 624 126 408 -184 -881 -10 186 853 208 -929 125 -657 -271 -529 -607 496 567 186 -150 787 -231 -650 40 33 -139 148 693 -149 -375 929 548 776 -366 -700 137 -685 291 982 -602 721 729 790 -75 825 -528 -572 -137 985 -35 128 936 560 839 594 737 -804 -127 428 367 -325 777 77 605 -451 656 389 -331 543 650 -774 301 -475 693 -921 -421 192 -878 191 214 67 -807 -183 797 309 -628 467 407 651 575 161 376 497 
659 -511 724 -942 478 -451 482 196 648 179 -463 905 -738 -470 -416 418 27 327 969 -382 748 -779 706 -103 238 479 690 -993 312 24 273 -956 -262 -482 959 12 307 -409 33 -634 652 -518 266 -261 -944 933 200 -141 -708 354 893 -144 44 -866 678 -184 -360 -150 -79 105 664 836 -1000 631 -545 -676 -196 933 -910 -466 566 -648 -169 545 -541 990 -889 682 349 519 -765 443 228 -306 215 22 -595 101 -935 310 -892 614 -85 446 -971 420 -133 -430 343 830 
639 -185 112 -912 -848 -789 729 248 -757 -385 -756 -975 858 -570 988 -483 487 636 -652 -620 -983 554 307 -247 -407 647 -818 -330 968 772 610 971 -694 503 17 -604 -451 -601 -681 811 -712 303 420 541 876 248 106 515 253 625 466 -335 762 -9 -898 -488 -846 -419 -810 -786 -826 -477 48 -531 430 -602 -38 -272 236 -680 67 322 -732 -641 -972 -508 -719 801 -607 246 787 589 582 -159 -386 -838 502 459 300 836 545 -364 -575 280 -656 -117 242 938 756 117 
918 171 -581 -384 -369 702 -458 798 -784 4 248 281 246 628 -448 652 -771 -285 148 290 357 -891 248 -448 -889 467 -126 -592 -632 929 -739 -672 414 -873 -391 285 -867 85 509 792 916 662 722 -497 215 -35 -135 287 -47 132 390 27 -978 611 -797 -366 -416 2 -953 -40 -823 863 114 -46 -585 -827 755 976 -398 119 49 727 496 112 -79 -918 -295 128 -109 255 601 592 -687 139 3 -456 -17 -88 -332 883 -717 309 -149 -270 -831 -501 967 -768 -391 -851 
442 -349 967 695 31 14 -947 715 -14 926 967 932 796 650 897 566 670 -435 -994 -773 941 -515 640 -36 250 -684 -458 583 230 88 -560 23 -129 -533 210 -866 211 859 694 -130 743 133 -464 607 189 -742 4 -149 -669 -61 -843 -200 340 442 -688 -446 854 28 850 -958 174 235 -653 115 -836 224 -990 282 -263 -610 386 197 260 343 -724 604 -138 -627 -357 -107 -2 -643 -730 -458 126 242 -695 -723 72 182 321 537 743 399 131 -627 692 -358 -135 532 
555 191 -958 -112 938 616 -726 -948 488 280 -30 -814 715 751 -235 -770 -66 -469 -226 -120 942 703 754 -133 -921 -405 -234 125 110 796 -425 660 -801 100 -989 -956 -583 -120 942 754 -921 -234 110 -425 -801 -989 -583 456 822 22 -228 -112 -831 987 -544 -495 -634 -912 -954 450 -867 -890 826 585 670 223 -563 -271 756 726 -249 21 37 -664 -752 -24 688 -134 -763 -935 -738 -280 699 -837 168 -848 -943 187 -568 886 772 74 -410 712 679 -567 -90 -827 759 -807 
111 396 163 -668 -882 -762 -519 -94 818 864 769 -691 495 142 417 811 676 -106 -166 -89 -103 848 -144 -508 -2 893 903 -577 -298 -897 774 566 484 -150 -226 -679 -178 195 75 768 -698 156 112 763 -611 -817 -303 -331 20 958 -132 908 -813 584 33 424 -650 139 378 229 -852 399 -321 -454 -658 290 -334 -816 625 -884 130 327 756 -353 -587 -641 -122 -886 -451 151 -55 238 205 884 561 803 -438 -584 409 844 -167 -416 994 -888 -206 -427 -584 963 873 220 
