196 -128 399 -967 -497 193 790 69 -944 -316 346 683 0 106 814 902 -780 91 -316 -113 -46 -101 -910 -278 -578 820 234 -141 129 236 257 397 707 -284 667 475 752 -260 -172 809 -472 -688 393 593 -973 34 518 903 908 283 -61 -357 -365 552 -2 -203 -510 -875 -932 838 -523 65 -830 314 -959 -612 -630 -259 -316 751 884 880 600 -521 709 943 -251 476 -511 -824 789 802 -348 798 136 28 -326 -742 216 -776 -936 542 -556 -324 83 -880 -836 278 453 804 
474 779 -822 478 955 -954 -896 731 439 -204 -309 -743 659 879 493 25 -218 -643 705 -534 876 -808 -671 -804 113 -912 343 716 820 -246 -838 429 -594 434 218 -178 -24 103 527 -385 -887 -721 75 714 -885 16 -92 383 580 -126 -239 -69 -558 644 720 136 88 72 -129 -421 -766 -733 414 438 622 981 -36 -304 -993 500 316 -979 180 -953 529 440 -597 27 569 -300 -829 -939 -628 764 910 420 -185 -334 -649 328 30 534 473 -198 -368 -961 -279 -201 275 -475 
-17 -685 -968 819 224 -413 669 -29 -844 446 118 858 -533 151 145 264 618 -473 -356 -560 214 -903 554 -493 752 939 -78 691 -510 479 -447 -567 93 852 564 -675 931 611 -367 -132 955 -971 -209 397 -493 912 44 23 228 182 -363 -212 389 402 -285 703 340 -80 219 -935 -185 272 -755 -453 -544 -907 951 14 -181 468 -143 -611 -106 914 896 -803 -316 -809 -657 -620 676 -376 278 -116 -393 758 22 987 266 861 461 451 897 -312 -334 513 -104 -25 -778 -546 
1 460 941 789 277 -149 -140 -940 -765 136 869 -849 157 -820 682 966 -908 -434 439 345 -971 803 -269 -487 -721 969 516 428 676 -132 898 -146 94 -892 665 422 -916 -10 -421 793 -962 -757 942 589 415 477 -768 -245 713 -815 794 -615 305 814 -71 -780 -583 693 -892 -646 -632 -925 -564 -42 826 2 612 -939 526 -470 -599 53 -17 -635 -439 321 -683 865 205 678 8 450 495 -467 779 506 70 180 904 435 556 637 377 -804 664 292 393 -528 -998 913 
552 466 44 -264 703 -222 203 99 797 -369 358 821 -839 -123 -69 -564 -585 -670 -77 498 -746 -44 -607 -972 -119 81 136 -412 476 926 522 -445 61 184 719 329 417 -8 -74 -702 -530 411 671 -667 549 441 -551 -722 848 -580 401 -595 -96 -941 946 -231 -847 772 -338 950 -862 100 -10 -556 -164 -321 326 73 41 208 369 -538 250 -309 -951 706 52 172 474 -44 -744 -275 248 -281 500 489 -417 516 -912 -156 69 955 -713 372 256 303 383 -180 -491 -980 
882 671 -221 -780 625 -890 -218 -962 315 -918 354 555 394 352 692 -795 -969 23 521 10 25 -842 350 183 544 -557 -340 134 -328 328 826 616 -908 390 -186 -888 113 801 229 -400 -71 -918 -500 -736 55 -268 -393 160 246 -779 854 -498 -869 100 930 -340 544 -555 656 919 -589 458 548 -243 994 259 -575 70 -491 -483 508 918 16 -21 113 -674 -698 -997 78 825 -44 -282 880 -442 -682 -811 -198 727 423 -107 377 -421 153 -310 978 -425 38 -606 16 -975 
847 8 -240 -873 -806 -899 -110 776 201 851 -97 870 842 -658 718 372 -685 -380 -415 -822 635 -651 -757 -57 191 421 -967 660 570 -585 522 -812 -292 -201 -402 277 -46 198 76 147 -352 -615 -216 -113 17 -174 327 -734 -243 309 -125 967 -731 -242 673 115 945 -623 -64 -22 -144 -637 218 20 -550 889 547 -697 679 785 970 746 -270 894 799 -424 890 -146 904 -843 -973 239 -600 343 323 -279 -298 -563 -719 -45 222 -253 108 909 721 -271 287 -176 170 -693 
-819 -861 -314 844 -401 -13 165 -51 -977 -426 799 -375 722 -257 482 110 764 -303 -225 99 -425 -426 -830 -556 26 -655 -629 207 206 357 815 -724 -631 -40 -115 621 -27 623 592 837 -872 976 -339 -379 -874 613 609 -427 784 439 -883 211 -249 4 359 616 848 -727 684 460 -251 -883 828 652 -667 384 -415 316 -62 909 494 195 -305 763 -238 719 -753 709 481 -971 947 255 -659 253 -279 15 -676 325 -409 -140 67 84 40 708 714 476 374 -194 -275 -789 
648 -166 -168 618 -942 499 199 -84 -65 470 250 252 -833 -871 39 -807 -570 649 737 701 305 103 -586 317 -94 -527 -436 718 -941 -990 -407 -106 112 193 441 898 86 279 219 500 291 -655 922 -732 -314 -368 710 786 130 -354 333 -259 122 529 291 107 -14 -172 186 55 846 553 -452 814 -931 -398 393 -929 -19 -232 820 -759 -829 -189 -590 293 -4 88 432 492 -594 -754 734 -900 558 878 418 -384 -203 -815 -51 -202 380 -615 817 254 -527 50 397 -548 
-640 856 926 -624 170 -907 -155 -652 322 -340 899 834 -781 -448 -475 707 -122 680 217 -227 -988 230 284 -169 578 37 -373 892 979 811 -386 650 -490 35 -269 467 469 517 895 -879 653 -506 -507 973 347 874 597 -692 169 283 -554 -930 235 -375 247 706 -96 -668 -422 -17 294 623 853 874 255 752 902 -187 280 20 950 640 666 -814 -598 21 -554 706 -623 733 940 -875 -146 -223 -367 129 941 490 801 362 -873 -173 834 -374 -991 658 -581 -115 193 -585 
721 249 89 -127 -476 174 -531 401 863 -822 778 -85 -523 -613 -462 444 611 -990 -1 752 449 -906 -767 452 -505 -274 -97 -723 -457 -103 995 143 -124 -161 -212 -931 -662 -868 -416 -24 -108 30 127 482 898 103 -967 209 848 -264 -25 340 -39 968 -14 -610 -462 -733 942 -447 -529 414 991 -383 917 -482 325 249 -464 -817 313 -644 542 932 -512 -710 -684 361 526 -277 -938 -680 -683 -996 -671 7 867 -842 -317 -670 2 -525 -328 42 973 338 -391 -724 -24 -956 
410 -860 93 178 -926 -602 -986 636 194 -54 816 -415 -654 -211 -184 758 835 -823 385 762 761 580 -221 -416 -32 -427 904 -614 -45 -529 859 511 564 -423 -772 -764 262 -36 891 -582 301 -168 -685 997 -735 -27 -889 -475 111 863 -822 884 450 478 806 -932 829 480 73 958 529 68 461 -367 -285 194 -699 -351 -167 877 -729 620 -894 1000 -842 -521 833 -211 950 259 843 -509 -321 249 436 -608 734 -156 450 -105 898 675 -185 -30 -452 581 -221 -97 195 -426 
52 -874 -832 -746 -97 837 -667 583 269 -412 250 79 -651 449 -964 937 -455 -600 -566 787 -142 922 -35 -684 594 139 971 -123 -231 805 -89 -622 717 85 770 584 -807 -168 661 -506 -29 525 -523 -837 -897 353 846 -547 373 -448 -490 -767 747 -824 402 279 464 213 -345 -209 -851 794 -171 -788 23 978 508 -474 -495 -278 430 -337 894 872 -632 -385 -437 -11 977 -782 -263 -171 -985 -504 660 313 439 683 730 47 -10 282 986 452 930 -29 282 922 -852 -274 
-572 -721 93 762 -929 -833 -58 375 -824 905 -244 157 -135 -79 -806 -593 714 -428 486 448 -344 -18 -687 408 846 -369 -656 254 -597 -932 239 -94 -606 905 -297 466 780 740 -87 965 941 941 -356 188 426 604 797 639 63 241 676 -165 -98 -994 847 385 123 490 879 -120 -354 629 -811 554 -302 932 607 329 -737 611 118 -370 -295 124 -637 234 414 218 609 -970 852 -73 -522 70 -199 -851 631 -124 -852 839 525 -335 -384 683 860 317 -34 737 -205 -404 
-767 -677 -214 914 -712 -210 -13 -976 -577 -248 525 290 843 814 -615 20 988 -757 -845 -707 362 697 79 -193 825 -354 678 -315 265 495 462 -809 -533 565 645 844 -289 441 -587 -240 604 977 -420 276 390 327 -972 -31 740 381 -628 248 -735 342 459 558 741 523 -197 -106 870 -470 -483 839 -293 281 -407 -473 301 428 326 648 -379 281 -133 -597 141 238 179 -634 -538 -755 -693 -156 652 -657 0 621 -907 -886 645 50 88 -308 -411 923 -948 -613 -994 579 
415 898 -889 -993 -934 -774 -233 -96 -254 -917 -872 397 286 958 -872 346 -817 752 27 -697 612 -233 78 -577 3 -287 -65 54 435 -213 -196 -791 -330 -32 -744 -331 -296 -758 595 134 -814 -385 -432 604 -350 -601 999 870 -47 -563 -561 745 -610 -385 -785 -768 -590 -625 -463 586 -831 -47 -904 38 -822 671 -366 352 717 -784 167 -848 -268 -561 -672 -720 -866 -795 929 487 -872 -120 -55 -743 551 219 -225 799 999 -287 967 626 -602 754 233 523 -610 -491 -875 435 
-274 617 -25 790 739 -812 779 465 -725 -212 -230 426 263 772 218 -687 799 -63 48 702 334 -556 858 -427 281 28 710 705 19 -684 153 -902 710 672 886 -273 816 154 890 -448 940 245 -219 326 349 67 774 516 680 570 -453 98 496 -9 -501 750 -477 411 0 -69 -22 -227 528 -661 -182 -862 -40 -838 -55 126 -864 734 -20 489 -946 733 751 411 979 -62 -66 -499 807 313 391 -848 -244 133 -658 -226 -341 296 747 185 -605 -770 323 760 -559 -233 
789 482 631 -166 -816 -934 650 302 568 302 803 427 231 -617 -883 -629 -98 810 -14 -295 975 -281 374 498 -686 -372 -49 -725 -987 600 -813 806 897 -757 -342 581 286 507 181 658 -591 -701 134 -6 -607 723 947 15 120 806 -762 -251 -966 -440 44 -949 -399 824 -66 -578 271 -738 -299 -76 -964 504 101 267 626 184 452 -123 956 781 756 947 -331 701 543 -901 109 -266 -571 -85 -250 417 498 863 169 641 -77 -256 -51 -769 583 438 983 -361 304 -255 
986 -453 -592 -91 -330 -717 -541 -626 969 -201 382 706 521 -315 109 -807 -646 -119 613 6 -690 716 578 774 198 207 221 -765 350 136 896 -793 -456 -698 720 641 315 94 -724 -901 16 -17 631 -224 -82 -931 571 -891 -458 195 200 -817 -206 -981 -270 332 101 -295 -321 971 874 -5 -790 -14 969 -399 785 -299 -141 135 -138 757 61 -813 -246 -626 181 481 -369 -797 775 -294 -603 805 -836 -255 -885 278 -1 264 -277 -438 723 -422 -955 93 567 600 -962 -984 
-935 925 301 -595 244 -250 792 434 -455 -376 412 236 -537 -832 -95 739 511 388 856 53 389 269 990 -406 420 677 370 -797 779 -923 458 843 671 488 160 -961 270 -952 768 64 -388 721 -591 351 414 -513 -916 438 871 456 -472 715 -273 145 -822 -767 193 -161 -183 -421 790 -505 14 195 211 809 837 -566 824 350 -57 -30 574 -508 -33 -303 -985 266 -548 279 -150 -910 861 176 -176 -619 411 -634 -153 625 -167 253 677 -297 604 245 343 -442 -181 833 
389 -362 775 -614 -750 -218 750 68 77 79 -100 237 576 -109 -34 -202 -600 -599 -235 535 540 -556 83 123 783 525 710 -147 592 433 860 -917 423 -870 -378 -754 -628 637 -265 65 -330 -926 -213 -286 -820 452 959 999 795 31 -550 -674 -59 57 328 864 565 262 -617 405 668 414 -572 708 672 95 -29 196 -892 818 104 515 203 760 -281 62 -864 218 -838 -174 -698 -319 892 122 -871 433 675 -903 25 -188 695 -739 602 415 -250 -192 218 391 -689 132 
185 332 -417 -288 688 933 -111 868 581 756 -810 -259 -148 -363 490 -487 -74 -948 -352 397 66 -869 -211 -239 836 788 119 -766 -171 -718 -804 -165 358 -200 64 974 314 -346 -985 977 389 479 -508 -300 407 -877 218 615 -978 -65 -281 478 180 903 528 -189 918 411 -705 344 506 -969 -763 335 -742 582 196 -544 786 -85 -694 -191 520 658 498 835 -50 454 557 116 -412 -980 -357 842 -464 -659 572 -860 -648 -926 504 -744 708 -229 -330 218 660 -324 907 -550 
473 -108 -946 -41 -915 -212 468 -475 846 673 -320 -81 -753 70 46 -913 781 649 -452 369 403 98 -702 425 515 -973 -74 427 236 -672 -660 6 -761 -952 471 -433 -210 -855 -598 620 -816 -430 -356 250 -594 658 341 345 -85 722 396 -465 -483 -257 25 -319 -251 -308 770 84 145 958 461 -585 -25 244 -838 -637 -929 556 432 -731 -122 -451 458 506 -346 597 -958 953 -803 707 122 -836 749 306 371 457 -246 660 267 -50 -448 -731 741 519 -314 -888 643 -103 
337 -845 644 423 -698 753 -185 961 557 -323 -328 -788 -164 20 -106 -880 247 26 452 -813 -293 36 990 -390 -981 -162 -455 881 597 -96 -865 846 832 -236 911 699 -730 213 -195 168 -764 -364 -596 -295 -927 -289 974 -916 -452 -364 634 676 -371 696 6 234 -383 405 -404 -882 584 841 -226 710 -162 -376 -721 603 771 314 447 -705 -917 6 -273 552 -853 -127 114 -647 965 138 509 404 -820 -662 932 -424 839 -887 -375 -267 -262 -603 782 -794 995 -161 -825 -441 
-10 -949 654 -803 871 -774 -265 665 338 742 -508 -221 858 -296 -762 -406 774 -60 -342 -148 924 900 -392 -948 -545 -105 -754 634 812 501 -588 590 -736 975 807 167 -708 460 -909 557 -120 569 -974 134 988 -582 236 339 -44 -573 -102 604 -388 510 672 -20 821 538 -531 109 -170 547 -427 276 -498 721 -940 393 -804 -89 -881 885 29 4 -857 837 450 160 -82 114 75 -267 701 95 -742 -354 362 -709 -147 817 411 167 292 40 341 974 -801 196 989 800 
-187 382 -238 827 -296 23 -564 -288 891 -849 289 961 38 674 -177 -818 -703 84 -236 -939 675 -528 -567 291 264 156 -502 119 -469 -509 333 499 310 -968 -94 -543 -890 789 108 226 -592 388 930 -352 442 -151 -646 329 194 -618 -12 -559 -194 265 44 -306 -446 -192 -377 724 917 -626 205 186 -895 959 586 -824 -359 -814 -809 189 -555 499 267 -578 946 418 366 601 -976 -537 -137 978 -191 -171 -624 -917 -274 152 924 -221 621 417 64 501 -623 -7 655 -597 
-186 374 975 67 294 -365 344 -269 695 -793 -141 995 -591 365 262 155 -784 -803 -169 640 -534 -984 104 777 949 981 439 -379 -391 -914 -495 -422 886 676 295 861 -266 -986 922 548 -379 -1 191 985 527 -884 191 -307 400 -537 -248 566 33 912 -950 -371 686 702 -675 -582 -215 478 -491 529 -597 -785 980 242 -280 -455 -26 969 400 109 -379 284 -803 720 815 -353 -66 -124 218 34 372 427 733 993 84 266 -367 852 184 -400 601 -112 169 995 195 93 
-230 -626 170 87 -447 39 675 -612 991 918 524 833 -709 890 100 -275 -90 270 -181 976 299 -715 930 -752 940 800 -274 793 -756 -443 -653 -705 17 -277 -693 -677 375 -178 -716 -63 822 109 758 786 -758 -737 -816 944 -146 -3 312 -155 449 258 -422 584 802 782 343 -651 -846 -138 593 -550 -235 376 875 179 105 -316 82 149 -909 -693 -961 435 -248 774 -750 -738 -994 909 769 -580 284 -196 -417 -775 -336 -426 135 922 657 -279 -559 -615 12 -672 626 183 
960 182 -48 -59 167 777 -401 -354 -499 508 93 50 -110 558 401 340 -503 -463 -409 -914 -304 -486 843 533 779 -476 632 -71 989 51 -426 -553 -591 -105 -784 -577 442 -881 476 541 -90 -88 -153 967 624 176 -977 -992 125 790 873 -911 -510 199 -52 -420 -329 -3 -779 -537 -122 -372 126 -616 659 190 -56 312 364 298 422 -871 442 657 -72 -841 -265 83 826 334 -55 -9 354 -893 -581 422 -355 -955 -251 -593 673 -732 -225 371 378 764 621 966 -137 835 
719 -172 -623 -769 258 -77 -19 -454 19 479 -194 465 -281 -984 -11 -559 98 -859 -116 261 -786 -849 679 -300 981 -914 844 -456 -794 603 -625 565 339 817 79 194 -734 908 829 251 -603 -609 860 -623 -215 -987 -748 -681 -609 397 79 755 3 -495 936 -525 569 779 -656 -77 -75 721 352 -408 528 -753 48 856 90 169 -849 595 898 -172 -766 -361 -57 895 360 119 -52 688 -552 151 160 360 -130 -331 533 -996 -730 -399 -444 -687 -123 -538 -883 -544 -637 962 
-797 -651 -521 -434 -348 -994 -145 -812 58 -165 -203 -60 -565 503 695 -893 -906 264 703 -297 -700 -989 -576 594 339 -476 675 280 168 -957 576 152 -902 172 -113 218 -51 531 -334 -697 653 -995 279 -264 -897 15 -836 -94 547 882 849 227 792 -108 897 -116 524 442 815 186 220 135 -483 394 552 -377 -471 758 -425 -180 210 -919 -982 239 199 908 -539 999 114 469 530 836 -511 -926 567 -514 -251 672 -862 849 340 740 -223 388 -231 -218 -846 -652 760 -2 
-786 271 -435 -991 -452 -235 -76 290 602 709 -882 743 -53 -175 758 -615 81 221 -405 589 142 433 802 -237 -567 265 778 388 542 397 837 126 831 -879 -354 -575 396 395 442 -661 -88 424 441 -681 524 803 -803 -92 -511 954 -798 -262 -333 494 971 190 177 15 875 -629 -362 163 -967 801 -765 138 -193 -350 -666 -339 175 -315 -454 623 735 103 249 -579 -89 418 818 865 -583 527 -722 448 -372 -694 -417 403 324 -481 -261 310 464 -410 820 793 965 446 
312 -292 95 318 876 20 -278 522 -544 -295 295 746 -213 683 -691 -533 367 -89 -969 -470 681 -929 -786 -961 873 915 -943 620 -658 847 -266 424 486 -622 170 -623 -21 -843 946 -718 683 -761 138 -274 461 -664 -330 -114 -233 -825 -10 966 284 -921 310 686 67 -138 281 -271 38 -871 859 -407 302 383 532 -366 115 -949 -326 436 361 -312 874 -888 256 503 648 340 822 -253 -645 -136 13 723 -573 812 -237 472 -414 -162 -856 -255 -526 221 -565 44 -764 473 
585 914 -846 -929 607 956 325 -459 -478 -131 -142 494 -100 404 -861 -941 408 -80 -687 563 -530 227 896 -843 505 797 -303 -318 87 -308 -114 -322 -696 418 -783 -185 -576 140 604 799 -994 44 2 -968 -556 -792 -132 -633 -732 623 -62 -410 814 -733 117 -439 -35 670 293 -223 412 644 894 -911 799 379 914 131 547 313 515 -558 193 584 578 590 251 -328 -535 682 584 -360 -789 517 292 574 666 -398 -888 -159 565 584 -499 -656 708 -32 -781 -536 496 -664 
248 413 -111 -942 436 231 -601 -448 643 283 942 -485 281 -511 330 -808 -466 -768 -592 612 935 507 422 99 -730 -585 993 693 282 -534 -784 -732 -942 -261 -470 591 366 294 -583 8 317 863 45 209 648 -836 -10 -385 952 889 465 856 335 790 852 -637 50 -272 931 -286 357 -446 -858 445 220 397 -690 237 531 483 -477 -999 -970 -448 640 440 -675 -777 -634 -429 -118 3 -434 -254 250 -784 -914 -977 814 -459 967 -181 350 896 486 379 119 -708 -196 597 
-226 369 249 -89 456 -15 -965 651 -228 -29 -721 -998 -991 -197 366 365 -168 -776 401 -50 521 -479 823 -150 -459 -692 -314 373 71 715 669 336 -174 -278 886 452 -712 -73 -39 -605 226 -230 426 -478 617 -49 -939 -736 -631 541 -928 555 400 -560 358 -135 -301 -661 470 -744 18 574 -308 -360 -786 186 -63 493 -662 463 -739 -65 -839 828 -334 -255 420 866 830 893 -23 -732 481 -986 23 417 543 -679 -782 633 892 922 -35 -662 -648 667 -593 -946 106 521 
689 135 88 773 541 -166 537 472 669 -469 -658 -8 -604 -474 387 -921 695 445 411 -63 420 -330 -650 -635 -923 439 -25 -741 751 -152 -420 77 -843 -68 -311 817 133 443 -174 567 607 -808 872 897 298 -720 570 547 167 42 -609 -763 -762 184 18 954 91 -822 -34 858 808 -887 -886 781 194 252 257 519 -913 -243 269 8 -267 912 -300 -767 -435 157 467 -503 -530 111 -318 105 -15 -549 -482 -931 -730 111 -873 -446 167 -775 336 -584 747 -184 -705 643 
886 -808 666 970 -325 709 130 -335 -568 340 -740 -726 791 -966 -978 815 -305 306 433 435 -806 -504 -617 -914 -844 -790 397 814 569 -648 951 -172 331 -28 -484 527 792 -729 742 -844 275 -202 -171 -100 -192 527 -777 -219 -434 -818 747 53 -832 -909 -461 46 479 -499 -875 264 -220 -958 -103 -616 -626 -394 825 963 409 880 -630 517 41 255 319 -652 -157 475 992 451 282 -947 -578 -244 -907 -114 132 -846 -15 809 100 -39 189 -140 821 618 -523 414 -796 347 
-149 940 -12 -665 -261 -522 293 -470 -725 470 -1 384 172 -388 -660 -781 -850 -561 109 -61 -770 -509 -476 -296 -132 229 -451 607 722 -477 665 426 825 558 176 -169 -600 292 125 -539 -194 421 -228 -962 -363 27 488 -981 -640 605 500 -3 290 -347 455 -796 482 -464 -652 -712 626 -530 212 741 -9 -959 335 80 -246 -335 -639 805 -50 -579 -288 114 665 -341 747 -100 -53 -969 234 -82 -101 -256 -426 411 -1000 -741 -726 282 -352 -755 -448 900 -524 183 700 456 
-938 387 294 702 334 -814 -474 595 -969 157 918 590 -257 243 -955 -988 647 -687 26 793 279 901 -873 719 -376 -84 833 -640 -71 -612 -792 -150 840 -273 141 -677 381 -249 -773 -409 507 600 11 -979 373 623 791 -270 608 379 823 -913 552 -501 409 493 871 262 -291 79 -285 -323 104 435 312 166 -165 -471 453 994 87 338 360 -132 640 -955 -1 412 782 -898 -820 -832 594 -739 -653 -257 -949 -521 -838 -811 64 318 91 -840 716 -457 -879 48 186 234 
-892 -875 752 801 -989 -967 -780 -888 171 959 589 -38 -940 621 663 700 444 -889 336 623 775 -409 -595 814 -105 -337 -785 124 240 236 394 627 -150 -25 361 -833 -474 282 -723 -638 886 -473 -360 -342 834 -693 -200 -325 84 -952 528 -134 891 604 -864 228 915 -870 694 821 -391 -145 701 -554 564 186 543 5 428 299 83 196 853 361 -454 -346 284 -879 -624 -675 672 -818 148 879 -213 -841 -833 485 -543 -413 263 -979 -383 502 192 728 289 -352 -862 614 
-406 -520 -858 16 437 -750 912 -57 -918 -190 181 -586 89 896 -916 -540 -174 34 -757 -33 796 723 145 -993 115 -662 -747 68 871 -614 577 -465 721 -322 86 -507 -118 855 -313 -325 -362 468 -501 504 -9 479 5 837 417 -135 231 606 -375 650 558 -581 -64 -279 356 885 171 282 886 -703 223 690 517 281 -123 -575 239 -55 50 -241 -908 851 -640 -251 307 932 723 827 -359 343 -918 375 119 -966 -118 739 708 282 732 -56 635 -903 -203 -776 322 -691 
-73 102 203 -448 -254 854 322 -837 825 406 422 -816 -928 -116 727 430 -899 479 11 -634 -343 -172 -23 287 -475 -764 595 105 -177 -225 -396 -984 -833 81 56 363 371 853 366 117 -519 -679 840 337 -793 890 -153 520 -30 819 277 877 78 -766 -527 -5 -526 -312 474 -413 -702 525 447 -545 -545 744 17 741 -940 -357 638 -637 -952 400 -447 -292 351 506 -940 -368 314 906 877 816 -905 -112 873 425 674 893 -663 -479 -582 184 590 -581 142 955 78 -481 
-84 427 -417 615 890 -124 553 -651 263 -337 105 -470 -654 -598 -52 -16 -193 709 -781 -679 -723 392 -369 -634 -12 -126 846 -958 855 -490 -979 126 138 164 35 187 893 131 289 385 95 -395 514 -405 -170 269 178 -765 779 41 938 -762 -517 122 -206 -372 -22 114 -802 41 110 854 -302 -411 -764 43 -37 -10 480 -462 -173 -35 281 -389 893 43 112 345 576 -752 -10 480 -462 -35 -389 893 43 112 576 -752 187 -170 244 -687 -799 -523 485 -373 482 597 
-24 897 390 -391 -443 -395 12 660 600 -665 -960 311 -786 678 362 -481 -749 252 858 -388 -103 554 312 930 255 -25 496 621 -695 843 -765 692 835 867 120 -147 996 -575 614 -30 -75 219 424 -479 -285 141 -705 -735 -445 52 372 856 21 -21 1000 229 -931 630 -326 -104 -10 109 -204 -41 768 -177 373 -520 -700 160 611 482 589 236 719 -939 604 941 -652 -351 554 -60 -956 310 32 -440 -542 -61 176 -713 -517 813 -358 -430 -919 297 -858 -164 662 785 
-109 -382 -861 628 -721 -49 850 915 -348 920 -695 31 -485 -527 -604 -688 -972 459 781 -768 -694 -961 -272 853 553 -710 232 -92 -996 -956 238 -87 -84 401 506 -803 786 -985 788 708 253 -397 -451 -159 -221 337 833 10 -521 296 -766 -637 -988 -457 554 431 -480 -497 296 246 -445 724 442 785 881 -959 -629 -990 941 206 -333 790 970 167 28 -603 563 -458 -598 855 -327 793 822 -234 353 128 -70 640 531 -311 -356 376 -207 548 -626 337 -126 840 448 212 
-86 -214 -596 -272 407 -502 -632 786 427 -209 -533 -510 122 -581 859 -788 -249 45 57 950 968 179 -704 115 586 -687 65 297 968 178 -495 -849 709 409 424 -498 779 81 -997 -293 -29 683 24 756 -627 459 -944 416 360 -53 38 687 944 -169 -275 -627 -495 -870 424 -449 -8 311 100 -658 931 784 745 -660 221 950 -422 169 126 84 -580 -627 -726 691 -743 672 121 -706 -380 -701 -851 -115 700 496 -541 392 -347 -904 -401 -109 497 -98 696 636 471 686 
-684 -782 -260 31 -704 966 393 -888 776 -363 237 -885 513 517 604 84 -40 -75 -619 -251 685 946 -396 442 -249 803 926 274 181 -806 978 -724 -150 618 -384 -80 -921 -829 -123 931 51 833 -28 -372 -614 -619 35 -362 553 331 -533 -470 22 474 990 925 52 781 -771 -963 937 600 238 110 491 -762 -472 -479 -41 -215 -107 -370 -525 210 250 944 -976 877 987 -931 814 -66 -884 823 -352 -466 -903 -107 -89 439 419 -483 -347 529 890 -834 -913 -827 -807 644 
-4 784 596 -612 -853 400 858 648 -720 -945 168 -453 -305 -79 -187 -99 886 -184 751 -529 -741 -921 -895 -684 -192 -294 507 965 -33 912 -712 -97 -479 -963 358 -32 892 -390 371 -322 -965 390 631 883 373 393 172 784 -18 436 -274 264 -479 300 981 -254 111 -317 -707 -149 -607 492 -550 585 503 -206 22 -163 -984 207 -311 -876 -114 -781 -161 702 -25 968 -428 -854 -531 598 -610 248 638 -715 -32 -763 -654 64 957 915 -513 153 -810 71 -211 300 -79 -621 
291 222 -451 -452 955 337 -741 456 -456 100 -417 -887 393 321 -144 -126 39 549 -564 602 -764 723 891 301 994 -380 -782 205 131 390 -587 -756 -837 144 -217 8 452 574 688 -591 912 -271 -563 -595 -610 -778 -927 316 888 -78 -233 744 870 -569 609 240 289 -75 677 292 412 541 -258 -246 -100 -13 -206 -472 894 202 246 638 -728 -499 -383 -666 876 -910 800 459 176 651 834 -385 -936 -186 -821 572 -616 -194 912 -263 262 511 735 -695 673 -577 489 775 
-991 -497 983 -333 69 -989 805 509 -656 460 -254 -636 -109 -426 -179 -113 -46 -646 -481 -541 -191 20 -172 -404 -69 -132 -529 274 -609 988 662 849 -431 -227 172 -90 683 -363 -110 -403 -331 -493 -97 594 -194 -853 459 -206 148 -391 -766 -347 -862 226 951 388 509 735 505 -119 674 121 529 575 -155 -904 -25 -533 -148 670 -346 -119 -131 -515 979 989 930 697 730 -425 207 56 -758 -127 -722 -782 -774 -739 -368 957 719 900 705 -370 278 167 -765 447 -127 -751 
-117 260 -697 -683 -209 338 663 -920 -972 -606 -863 -801 -823 -608 -662 859 839 -226 527 124 -211 131 624 -890 -671 86 -728 165 -267 -338 825 -791 -566 915 498 533 128 667 122 857 -878 -161 -281 490 103 334 -386 -193 295 493 837 -635 258 573 -827 989 -351 -563 379 484 -120 449 -191 989 -523 -9 653 -246 -142 -883 82 -369 577 120 838 180 -250 817 779 382 -850 -674 383 -986 -632 328 -828 742 183 104 -271 -985 -327 -772 -755 287 -366 -453 -446 -464 
224 -79 -422 148 -539 216 -173 934 -301 140 -640 -908 -473 -447 -356 214 -564 -493 752 939 -142 734 861 832 138 925 -975 436 -675 -541 824 -379 783 -316 -258 -946 -606 -594 69 622 -38 739 -297 197 223 253 670 235 -991 76 -256 -192 -670 938 -251 23 -78 -70 -890 701 444 394 -319 437 -903 -52 22 91 967 -2 -325 -90 338 -409 144 153 882 -919 -62 834 -113 288 149 -423 122 550 908 -430 -104 911 -836 -738 -963 221 -303 -576 970 -149 -940 811 
421 -521 -646 636 -820 966 -908 -434 439 345 803 605 981 449 528 -302 827 -874 676 -932 -822 -191 -332 -107 329 772 -10 -421 103 -654 892 390 374 418 -423 -398 161 -952 224 -354 -190 532 17 -72 721 -534 -996 644 -507 984 680 217 785 -957 132 956 -553 -655 251 -599 -17 -635 463 -5 501 259 -316 -352 506 -415 209 681 -748 -941 673 40 438 595 108 206 902 -953 798 386 905 924 679 183 -961 44 727 710 637 441 529 -776 -406 -525 564 286 
-925 266 -559 -775 325 681 -773 104 -779 660 636 -952 139 414 -309 -770 -842 991 -972 -481 632 546 108 907 513 -147 -501 -66 671 -667 -200 -610 -3 958 -970 -458 -798 -603 65 -144 -29 319 -756 -604 197 -545 -327 757 -126 57 241 239 466 875 392 -70 369 -599 -233 347 175 -809 29 856 758 -44 -591 654 -734 672 -234 -684 -167 -912 -503 -932 -753 806 252 -831 255 643 -326 993 371 -838 467 -221 625 815 709 -823 -90 427 -407 -248 938 642 16 452 
996 211 -129 -484 198 -879 -721 -37 -852 -793 -888 818 797 956 -703 -333 -340 211 520 -375 855 -876 -732 584 -827 -852 867 55 -268 -393 658 202 -135 -316 63 -158 -702 44 -508 -248 -243 -713 -589 458 476 174 552 -836 651 371 -353 508 918 -121 113 -674 -428 772 -174 453 -200 810 -55 -592 -108 -435 -803 671 -617 327 -421 -903 -926 209 22 -429 -580 837 847 -240 -873 831 -472 -463 -725 625 -97 870 913 55 -910 324 -380 -415 -822 635 -757 -57 191 977 
965 368 570 522 -292 -333 277 -46 -192 918 -109 491 -360 -28 740 562 524 -78 -262 -461 546 -716 961 -731 -242 673 115 -379 512 -270 -134 -615 248 218 -550 889 547 -79 -881 752 357 136 894 799 -424 -146 -84 -880 -557 168 -983 662 436 -742 131 652 -45 222 -253 108 -225 993 -501 746 -833 404 143 316 715 -382 290 75 -391 23 651 421 -999 910 776 722 482 110 -22 -306 -236 -446 890 208 410 461 962 -587 -629 207 206 -193 -885 769 -932 -115 
-461 613 976 337 -172 781 -684 -714 243 422 84 -236 483 439 -108 -494 -917 206 8 -20 -678 -430 -546 -444 76 -820 664 959 589 -219 777 -406 -62 -145 494 195 466 916 552 -821 796 570 -808 -845 255 -659 101 -513 168 -141 545 -868 -154 -534 222 597 203 -37 -385 -194 -275 47 -981 425 -168 -942 499 -409 419 607 -278 448 -815 15 -461 642 -40 418 -863 -652 676 701 -484 273 21 -518 -668 -74 -311 -643 -990 -407 -106 112 516 205 528 -483 482 623 
-899 597 -389 -595 694 -314 75 792 -257 -742 -714 -116 122 -775 -413 -239 334 -621 906 -610 676 -951 118 -860 -362 -669 -929 392 -215 353 -55 470 867 201 -69 88 432 492 -115 -367 -900 558 878 790 861 429 -369 -604 -746 -984 684 -56 449 -467 617 238 990 32 549 -624 -303 -155 -652 438 172 -216 762 933 -807 -833 976 -853 36 671 -988 230 284 -169 578 37 -373 892 979 811 -386 -112 370 358 663 -286 467 608 -159 376 730 -343 76 -308 229 783 
915 983 973 887 -870 -664 -531 798 465 454 -554 -554 269 235 -130 247 -529 539 612 -686 104 -923 -224 -814 -426 945 822 108 -354 752 902 641 464 216 -935 430 -861 -520 -436 -580 48 840 -287 304 733 185 487 -152 -799 199 539 950 653 490 246 362 118 -173 850 -794 166 929 266 -659 -579 -838 193 -585 249 881 -268 -246 -431 -161 679 -632 710 849 77 27 965 -756 130 -20 -263 -733 566 923 -481 412 597 515 262 -724 933 117 736 795 939 -127 
-476 -535 -224 -531 470 394 401 -63 863 -146 470 394 -63 -146 266 -557 -980 -819 -613 943 -470 234 -374 12 -815 -165 -370 -889 -281 311 771 -819 697 -349 -344 -637 -605 -793 -863 -650 -174 859 444 879 166 -179 91 285 125 394 -104 -372 88 -401 -927 -485 958 682 895 -457 452 -565 968 -876 -834 231 -712 -510 -335 -920 931 156 700 557 -272 425 128 490 153 288 563 -474 -956 912 242 537 -779 660 -368 -649 704 523 -1000 -317 -532 -549 217 269 972 -437 
-1 553 -88 -198 209 655 -715 -768 29 794 765 -543 -440 965 -110 -55 -527 797 -592 -877 -167 -943 550 -695 47 -414 156 897 573 634 -44 -253 889 542 125 444 527 482 959 312 685 842 -581 12 -940 885 -208 -363 -560 41 -961 -823 -119 -217 -368 803 151 -793 -195 -777 906 708 249 122 -65 614 360 562 -760 -900 -860 119 390 969 493 -28 921 -322 -760 781 868 913 -491 -135 -37 734 724 452 21 679 -922 389 598 579 32 354 875 -536 236 488 
-31 729 -989 79 -651 449 -366 -964 937 -600 -23 -521 702 506 -291 845 -118 916 289 -925 741 969 -440 -655 -599 754 -744 929 -488 -796 863 172 -989 -302 282 794 49 307 0 696 -767 -191 453 941 44 -137 -870 72 -171 -788 -421 -641 -474 204 456 743 851 568 -158 -675 137 517 474 172 -840 332 462 -504 313 439 683 355 230 -35 -12 559 -58 995 -29 -409 -968 -274 447 -666 -639 762 -758 -903 -234 -476 905 -281 -135 -944 -806 714 -22 448 975 748 
711 380 -369 -203 -597 850 939 -8 536 -498 466 780 -963 -629 -20 237 -760 501 -380 604 797 175 349 909 -302 729 -840 363 271 118 -370 114 915 -251 -815 202 -239 785 -522 70 -199 -851 -548 -420 -233 972 -942 -361 -321 859 -996 -466 318 688 -149 759 745 -401 -853 -742 -603 -530 -489 953 -997 588 -561 461 388 -757 937 -102 -707 -903 -505 936 341 -462 555 -800 -809 565 -880 39 441 -253 609 -182 -339 616 871 -606 135 488 -160 -60 290 -634 204 558 
-925 -550 -641 -458 0 -823 -708 699 -384 853 914 -921 220 1000 -979 734 -281 -133 10 717 801 347 409 -700 950 -975 374 747 811 621 -907 31 392 88 -184 83 924 646 369 -747 227 630 -892 -999 253 -60 479 47 -942 748 -593 -549 -879 838 -88 203 297 683 796 -795 -423 697 556 861 -634 -296 606 495 958 411 107 380 57 -834 -538 -395 861 -758 595 134 -814 38 138 370 320 941 -937 -350 -47 953 -965 -301 -385 -785 -768 777 270 586 491 292 
523 226 393 951 -717 -770 -576 517 167 773 218 -251 305 -866 -905 -74 708 -503 -401 -743 -345 -600 -375 799 999 -598 452 403 187 -959 618 -97 -728 -686 180 790 617 -25 -256 392 -378 -364 -122 844 -475 -703 263 655 260 302 -936 48 418 -215 -954 -427 -682 157 -698 84 710 130 710 -557 29 106 802 -614 -313 0 579 745 28 -842 722 387 -225 879 700 298 572 565 -719 496 188 298 942 -706 0 -22 -603 -644 6 -1000 312 -164 659 126 -864 -30 
938 -958 831 -456 411 979 -62 323 -538 901 -892 262 -751 133 -525 450 4 -683 562 -90 -611 -463 -919 -127 5 -134 -703 -646 325 -138 -469 988 650 568 350 -815 -179 653 268 223 354 -484 -521 975 -281 -892 488 -957 234 -653 -488 -62 600 806 -757 -782 -610 -781 -253 211 -104 -620 134 552 -427 908 -642 477 953 -385 993 -619 322 -618 -125 -104 -441 -66 301 -332 896 736 -250 24 855 -955 -705 224 -169 -465 336 734 692 177 895 769 -431 949 93 400 
342 142 -919 990 274 -207 -556 -705 415 -659 -988 -575 -903 -705 -412 103 85 -882 -379 -453 -93 247 -758 -168 197 310 851 -385 309 843 109 -807 673 365 -538 691 601 -785 358 396 -964 -639 441 -618 -588 983 402 666 -723 933 -794 85 -776 220 824 677 -296 916 969 -744 -841 -740 -749 -590 -432 865 24 -452 622 423 -209 69 -59 720 -279 -429 -195 952 -275 -79 880 82 -127 -608 813 -496 817 -4 -259 554 328 -626 -519 -279 57 -79 384 531 687 -444 
-674 -885 227 857 766 255 -470 -715 615 296 -195 -349 -302 -676 -125 626 -256 -308 412 -320 515 237 -419 -132 -736 -245 206 584 -56 300 67 -738 -149 -693 867 955 990 -273 420 677 -805 913 440 623 971 -52 671 160 -961 270 194 934 -571 -481 47 351 -447 755 868 699 592 682 -585 424 -64 588 145 604 611 162 -223 -692 362 -635 473 -588 -524 907 -498 -116 -679 702 -985 473 -252 -978 -398 101 -584 -186 6 -578 372 -768 163 454 653 965 -619 -634 
179 883 64 -217 -567 92 645 343 -431 710 -138 630 -8 -556 -750 -564 505 -576 485 -315 -199 761 176 -34 725 135 188 745 -915 -541 -668 481 450 -862 416 831 320 637 966 849 603 762 -504 542 223 -26 487 6 727 509 -484 985 783 993 -732 100 -550 567 767 -373 -791 73 148 928 663 -269 494 970 773 15 771 252 -552 -892 -746 515 203 253 492 423 -885 -838 785 447 739 -715 -995 -206 -745 155 -596 688 104 977 605 -305 934 -29 -271 812 
-895 343 755 -885 1000 943 557 -123 329 -372 581 -530 -933 625 588 334 850 -743 -487 -625 407 -285 -470 789 -869 -315 293 553 872 776 -932 -974 707 244 131 945 103 932 169 -545 -346 -595 -558 479 -508 -300 727 -246 23 360 -896 687 -383 382 180 -798 701 234 110 -680 551 -25 -398 -763 -314 710 349 -896 -843 -351 40 -853 960 -761 -413 -407 -762 221 -613 -140 50 592 172 847 -674 -926 463 819 -986 -61 504 -744 462 -182 498 -306 484 66 -932 231 
92 -865 -609 -915 942 -691 -205 -380 -589 -906 -641 823 70 74 -443 -644 -645 612 369 98 -702 -930 603 299 255 -718 -633 81 -797 148 115 418 -521 -429 -210 173 398 -601 147 -586 250 79 844 -763 970 -295 283 722 -476 -483 -365 -319 -696 677 770 -124 -29 441 -981 854 276 -897 979 -935 140 -247 -437 152 410 590 299 711 -180 597 953 155 -255 -45 250 941 -199 -646 892 251 937 -432 524 -396 -351 -496 796 -314 429 614 915 258 808 423 -191 -333 
-773 170 442 686 -102 266 -607 357 931 -253 694 374 541 912 752 215 -129 -981 -162 706 597 -96 615 649 -113 911 -232 -148 213 -195 734 -190 752 -940 -14 -876 974 -52 -364 361 716 214 -905 354 -222 957 -398 603 -514 481 243 611 70 -622 -530 -581 -953 791 578 -612 -917 626 -92 459 110 -107 19 -646 -847 -784 439 404 -820 14 -177 461 -424 334 -506 73 125 321 145 644 970 -655 -487 919 841 -451 328 -112 451 -741 -568 -20 -688 -61 -96 -221 
447 -887 326 886 -60 708 -554 -686 -766 -813 -328 -374 -623 -450 -684 -733 221 913 -907 -602 673 720 -348 726 -5 -462 -581 524 -659 134 87 988 -921 -984 -887 -468 -899 -747 536 893 -974 223 220 538 -531 109 311 179 49 163 -884 -649 -645 -754 -77 -91 -765 900 861 -792 453 664 -52 459 -688 534 857 182 839 -742 -354 362 -709 -582 -836 -853 -204 219 -220 -225 -418 468 989 -926 800 434 423 -238 341 504 -618 519 -288 -531 289 983 801 -143 574 -747 
440 -612 -942 -989 611 238 -103 -830 70 399 -205 711 -223 -973 -373 750 -348 -94 -866 -855 -257 -343 442 -874 -845 595 245 442 -206 -366 325 -713 930 -426 -625 -258 -444 -697 -306 492 -364 991 782 -908 -787 -691 85 541 -218 208 26 -51 962 -809 713 338 -959 -304 -670 418 366 601 -654 581 29 -288 -191 -113 -814 215 -65 924 6 -221 417 64 -778 -272 18 -736 143 -827 -688 -854 645 -747 976 -924 -197 -788 -812 13 117 -591 604 -608 -224 534 -583 -773 
537 862 -622 775 278 357 8 -614 -921 -490 -219 -864 -474 -526 -949 -46 -219 -408 -804 -74 831 74 199 735 -72 101 191 -746 -447 471 -248 411 -585 395 242 768 627 -675 -76 163 -965 -444 617 16 934 -418 -970 -158 114 -95 -628 -89 -665 15 -379 -856 -567 476 885 -148 -173 365 34 427 -394 683 -198 -878 -881 -474 -400 -112 169 227 -525 -170 391 279 87 -716 236 -622 -386 -527 -245 -999 933 -709 250 -622 -90 270 645 -242 831 -154 -546 -445 632 -310 
840 493 -304 690 799 -647 783 -902 -429 -616 -693 703 503 91 109 786 -816 -500 -3 -155 449 -727 878 331 -972 563 946 -141 -880 -123 -116 -321 -631 -366 -685 -544 -764 -151 530 -945 126 698 838 -719 389 769 165 887 595 -658 634 922 604 460 -615 12 -806 846 335 131 -59 -22 250 871 -319 -86 928 -412 102 -873 674 -463 829 -39 -55 -938 357 -71 989 -389 424 480 464 -18 524 803 -576 385 718 -101 -323 -275 232 -611 624 -182 -992 -146 799 -268 
377 340 -323 750 -738 118 441 -19 -53 452 -679 36 233 -7 158 124 -721 -422 918 298 422 -871 -600 343 -826 -913 928 -287 203 -606 -9 354 154 637 591 52 880 197 -937 629 915 476 378 595 -330 -20 -977 -497 258 333 797 654 -844 -652 -917 471 -763 701 -891 -66 122 -601 -216 936 -351 953 922 37 -595 -819 -282 636 981 589 -389 -213 641 302 -189 771 -299 717 540 784 -385 678 -740 -980 733 -1000 663 256 544 405 420 -302 -589 -303 315 -169 
-67 -301 904 -645 -254 854 -615 -519 -421 352 837 -207 -38 -296 -61 471 -384 -784 752 -682 -490 989 -698 36 82 -741 206 -204 261 224 -552 160 -764 360 -689 -230 -1000 -941 935 612 -308 142 703 -624 913 326 341 491 494 -791 -86 958 19 606 -245 -812 58 -165 -87 830 41 -754 -266 62 -903 520 -459 536 -754 -905 71 -743 531 -359 -839 -443 -358 -44 -871 152 172 873 -686 218 -716 -430 -663 732 783 8 -377 499 -870 -380 834 390 622 -199 620 -870 
319 724 -555 860 -777 -518 -827 632 -519 -792 938 974 552 -377 -843 -471 -59 610 914 -385 -919 -721 840 958 -951 999 -889 -192 618 711 370 83 -125 -440 112 -519 -290 274 295 -687 -915 -454 696 -664 548 -622 556 -495 -2 -786 254 -728 104 417 738 770 678 -167 155 -526 227 -897 -436 -968 -208 -442 753 -793 238 -153 929 -75 289 -216 404 142 -635 -977 -523 934 52 523 742 575 -487 56 309 236 -334 126 -335 438 -105 -377 -524 -898 465 214 591 -759 
413 94 968 686 813 -937 448 130 -721 -622 702 -989 91 -79 -723 -498 -699 219 200 905 677 -305 -164 -820 973 -410 -360 107 -985 915 335 -276 170 30 -826 -997 342 -44 -137 8 -166 -561 -149 278 -381 656 -550 709 139 -822 -954 306 661 -439 -564 -305 -581 808 -793 132 -489 556 585 517 683 420 -766 -415 -440 925 -477 244 -856 -92 -649 -550 -775 -318 708 684 635 979 265 -739 -350 -548 -739 -444 564 683 642 -444 -940 -285 -664 -275 226 -578 334 -875 
568 -640 67 778 -440 381 393 -581 -269 700 -856 100 201 -672 -344 -285 -552 -8 94 -629 700 -319 832 369 -633 309 30 543 889 35 953 -285 266 -513 -204 60 63 -66 -367 867 42 -16 302 -979 -843 629 227 -975 585 -884 -316 -89 32 -837 673 348 663 -546 -836 -489 -100 205 844 547 475 -943 411 109 441 896 -843 -705 -285 -706 119 -328 87 134 685 -285 -936 287 915 -389 -737 309 15 685 -317 -397 383 -16 -896 398 -260 -667 -872 -432 897 -153 
706 565 -548 -439 398 -340 -243 -947 213 100 360 604 799 220 -166 -409 740 917 152 584 -539 897 88 -389 -705 -854 -954 87 156 -59 -897 295 -188 696 -585 -398 -124 389 968 -460 -499 -656 494 -518 -841 75 265 -384 153 -911 -387 -533 163 -580 204 -598 819 923 -608 -583 84 -107 -576 -335 -533 923 686 -820 -906 419 608 -151 595 913 203 -24 -184 895 920 574 -302 -850 -982 -623 -677 509 973 -640 -143 -991 -44 739 437 768 257 -368 -48 -403 -459 965 
-63 445 -260 990 209 552 -606 930 -686 330 921 281 -751 -744 -690 531 621 17 507 -896 -388 -696 575 499 -891 390 -958 754 -213 -269 -724 -119 -32 -874 227 -433 -139 -669 -914 128 325 421 -280 -460 -708 -162 459 268 -532 631 558 -618 -29 954 -104 421 -534 904 701 54 963 944 -64 390 462 278 520 -75 -579 -579 513 -94 239 -176 150 -659 384 271 -677 -256 -295 957 -896 -614 -340 -39 226 -230 700 -501 -994 253 594 44 718 266 155 933 -737 927 
644 53 -235 -766 121 458 873 -924 -160 -720 -5 -927 -524 147 957 439 -53 843 268 -865 323 -994 181 -919 -186 661 149 427 -27 273 -192 382 48 -612 -557 -19 542 -842 198 -753 695 798 382 -123 228 352 823 -95 -105 580 -238 -693 124 602 247 -761 811 -978 731 623 -384 -818 -347 181 303 -417 441 413 648 819 -722 494 371 73 -921 455 -176 -792 764 525 -441 211 -473 -174 999 -475 728 -275 -915 839 915 -747 965 729 614 144 818 -371 577 238 
893 -468 797 -659 -810 -745 -376 -990 617 194 257 790 -913 -742 514 -670 -415 -26 -899 637 157 -76 -578 -489 310 542 -148 -182 -549 258 -137 200 -994 -152 613 753 607 622 322 -937 -705 -929 -155 -842 -4 691 709 -568 340 149 303 868 565 382 -132 550 675 973 -974 -893 -598 -617 670 -794 -162 -989 -713 -977 -53 -26 559 -447 -671 -767 202 227 -907 41 173 490 276 199 648 -52 655 -442 -762 -11 843 157 53 -909 -461 874 80 -229 -584 493 -159 -377 
116 -98 -569 -284 -459 -279 685 783 -971 -200 914 369 526 913 -248 953 38 588 -718 939 -162 785 -114 132 180 -222 -886 -72 666 56 -670 -887 554 -241 -445 339 230 -711 -463 955 874 -529 -477 764 -797 445 826 745 25 -354 -212 -870 344 458 -561 -99 -280 -509 -476 925 606 -124 337 531 834 -636 -558 511 985 442 272 665 -784 156 -346 194 -41 -939 28 -121 -162 27 488 -981 -474 -307 883 -316 -312 -616 -948 -796 -464 -917 -899 239 86 345 142 -456 
222 674 -991 -558 651 -59 -877 814 -863 114 663 -612 -172 -471 -183 816 -778 -52 -101 -174 52 43 -645 232 282 -352 -255 222 920 -524 183 712 -582 406 -925 291 -111 -394 768 604 -782 285 110 813 210 121 253 -574 705 -245 678 -563 -59 364 593 656 -224 -871 -716 223 778 -833 -446 315 -997 585 382 889 -677 121 -809 -409 507 600 11 346 58 517 -580 -83 -215 970 -913 -501 409 493 292 -630 197 792 -475 -418 934 750 -452 -349 -298 170 238 617 
-718 607 -433 214 545 -383 -836 -1 636 -752 143 371 -820 424 700 -216 337 88 -659 -80 -246 380 727 22 -409 426 -750 600 129 -800 -892 958 993 858 900 969 -42 760 5 483 -888 -144 -375 -362 45 -377 789 -812 797 465 912 -189 263 888 -409 814 184 -105 -785 150 449 43 627 687 794 -864 -727 238 516 726 886 -565 -99 -620 30 -664 525 59 -198 466 -567 -402 -199 -226 -12 134 27 274 822 129 -321 -594 488 -384 826 -59 464 -233 -28 882 
-709 994 -744 304 -919 -623 -777 -488 225 -851 -791 214 -346 -404 -335 879 -524 210 9 975 -397 789 348 100 495 -36 -657 -995 -263 526 -411 872 980 720 753 -718 76 -965 -338 -124 -69 615 -922 -665 -190 988 726 233 511 529 829 -162 431 -973 -755 645 786 54 -678 665 966 -820 549 -856 -87 854 -856 39 -360 -736 723 409 126 -264 196 -527 782 974 -317 571 -598 207 937 941 -135 606 -375 650 515 -87 79 -461 122 585 -763 -398 -335 -524 442 -482 
23 -321 558 56 962 -834 50 -866 613 -728 -324 -332 865 -586 -865 827 343 -690 -558 407 -506 26 340 -639 -908 -219 -448 -514 -567 -826 -942 730 953 -599 -11 359 111 47 859 -761 192 -388 -627 -461 169 -690 202 994 -409 503 237 -405 -804 242 -134 466 691 -218 165 919 -211 683 -213 415 34 447 142 -515 -999 -168 -776 342 552 115 571 344 -640 610 448 -116 360 645 408 -150 -446 98 -711 -752 901 -78 -831 -212 -999 -803 -177 -751 629 -825 913 811 
330 -481 414 -377 61 -243 -709 -146 569 -648 -609 752 -368 906 -548 5 -440 405 -112 6 173 -249 -865 967 206 260 -8 964 496 415 155 -788 730 -627 -631 91 957 797 543 179 263 -328 -65 556 -611 929 -381 578 906 654 -781 -3 23 205 -539 -872 818 -476 846 855 -313 -769 -923 -18 -319 -552 91 893 131 289 -425 543 776 807 -447 630 269 178 -321 922 338 662 -237 59 906 -206 -22 -3 -576 715 891 -794 837 -920 239 380 -37 -173 281 893 
43 345 -570 -604 -35 -159 -165 -110 -141 -721 927 -524 197 -697 447 -601 238 221 -724 978 -437 309 311 -992 -835 626 642 419 -902 959 -801 141 -551 -137 -195 403 -653 496 621 726 462 -860 692 -133 531 21 -611 436 972 89 -809 79 339 988 -774 -738 -539 205 791 -40 533 722 -432 949 682 -526 -161 -63 357 375 805 -359 235 -264 800 768 373 566 573 14 -88 1000 -458 756 400 -29 603 346 -564 756 5 -517 4 -728 805 785 834 -475 523 148 
709 -611 -637 -923 -919 -858 -164 662 700 -382 628 -721 956 -912 -610 920 -695 -135 249 -136 955 -290 140 -235 -454 442 -694 832 -8 -418 506 866 672 -180 374 -422 -195 818 629 -831 -254 179 -377 574 709 -237 -214 719 -405 -149 -690 -730 833 10 -521 296 -637 -988 34 -501 -429 46 937 -139 -495 -443 615 286 732 -240 -291 527 -91 889 -802 776 908 -693 -26 -776 -422 272 -598 -288 -575 464 -333 35 353 -70 -315 565 -242 275 446 138 329 53 468 -994 
-599 -896 -707 90 638 645 579 -248 -775 -557 -439 611 -544 879 -281 -131 -36 -566 146 -550 -590 -363 -678 686 -701 794 -100 -663 -263 -447 420 -426 840 926 -346 -44 864 389 692 860 963 535 899 784 848 444 979 -287 -584 -806 488 -336 -674 627 32 -582 -637 -284 632 -606 754 35 609 30 330 550 -871 73 -379 357 -954 950 -422 -626 634 221 -419 885 -347 -635 739 508 303 889 -500 -938 58 -38 535 496 610 991 -227 360 -417 381 793 -363 193 389 
-415 25 -437 -597 92 -519 858 -525 884 648 -642 -483 -761 -197 -501 581 868 -143 -259 543 -139 780 -673 -86 686 730 -751 641 -274 324 -747 -49 -909 690 -384 964 -247 618 -223 -868 670 926 931 261 365 641 576 64 -233 415 -505 -677 95 -734 819 62 130 34 846 -161 -604 -323 316 600 238 535 683 -655 555 829 -34 -349 -268 903 -535 -107 880 -611 -525 330 391 -400 -659 365 19 980 714 264 235 703 495 -366 362 511 439 -759 -903 -774 282 -168 
-898 -36 428 196 -591 784 -752 -531 -463 -252 244 -126 -965 773 -804 -658 -146 -561 -99 -41 758 37 -145 -485 -31 -402 -431 885 -294 965 -33 912 988 651 -963 -867 -712 -583 -378 -923 -675 710 -371 631 -644 387 674 -41 -175 822 -264 799 -567 -185 60 186 688 -865 857 -707 -607 492 -550 585 503 803 -986 316 473 -304 597 -223 -13 487 365 730 -881 844 54 -783 445 523 248 -259 -165 534 -461 374 -744 -997 -609 460 -546 107 -669 209 88 -859 -603 658 
815 -243 849 839 -382 282 178 400 -779 -99 680 -230 -788 -150 -868 300 532 597 -51 849 -593 -429 813 722 992 -333 172 -609 -710 -434 595 121 -552 -893 8 62 -965 221 -45 592 -870 216 831 -651 -899 -848 -269 -724 -503 -99 -27 989 -482 -17 799 -722 -990 -984 591 122 169 360 578 -712 134 -698 230 229 449 -113 -971 -499 -126 -571 -540 590 125 176 651 -980 344 -373 465 842 -895 -855 -867 347 653 353 853 -695 673 -584 -413 -802 489 -369 -934 438 
-150 -72 989 192 -628 255 582 235 282 568 -839 -464 -406 -760 -200 -234 933 -495 508 -955 492 -552 -471 394 -588 328 187 -626 -486 -311 664 367 156 189 -1000 296 415 -609 344 993 348 -161 76 682 -721 804 -838 445 -759 -289 290 495 -501 21 431 745 -604 353 -463 604 -319 -862 33 -728 -750 -803 -603 -835 -5 928 -196 -478 -255 -156 -798 847 584 -101 957 219 787 32 -896 713 586 960 -598 -356 979 -486 -449 -288 -999 -156 -54 -972 -596 -49 770 537 
79 -742 -802 -585 823 -724 327 -411 -547 738 460 -485 705 -496 -942 437 -289 -989 775 -859 784 626 273 -187 915 -890 -569 696 -980 -587 31 584 -648 630 -100 -359 -286 -927 -365 -19 550 92 756 -87 -50 -381 -484 589 519 -215 -526 -134 -924 -115 -623 8 -511 299 563 133 -761 -686 -406 623 34 -560 698 -774 -483 286 -3 -242 974 697 -680 587 -708 -131 856 578 -692 -194 -791 -581 229 -350 -721 11 709 -467 515 925 -482 213 191 -681 23 28 -444 708 
