-161 713 493 975 286 -450 413 231 214 -792 -148 310 743 -123 428 -883 819 44 455 -7 -745 -368 325 -389 -556 -543 686 351 -313 592 855 960 136 -589 -507 -209 549 653 129 180 -161 552 209 667 347 573 -390 470 -772 778 -256 -361 -388 -944 101 -301 -557 750 583 757 909 -925 -488 -679 200 -213 961 536 -39 -474 -410 621 -874 -696 -24 763 -929 557 -655 -919 816 997 116 -752 75 970 -804 -235 529 253 734 52 587 741 -63 -883 538 85 -542 658 
-562 -387 615 465 762 551 566 136 -857 688 -284 582 820 -28 588 -206 -846 -974 694 -299 -463 494 -853 -834 -553 -404 30 -178 838 578 357 929 -593 -782 -25 889 -655 240 -655 -652 -700 -55 -233 465 286 -311 180 -101 304 266 -961 -543 195 -849 77 251 -691 -107 -588 524 -855 -751 946 907 -185 91 -517 -315 -399 267 556 -296 -489 -79 -164 -85 -942 930 -2 -873 -124 -665 -364 -512 -193 -918 17 158 -408 628 -122 -306 -667 -139 759 712 -372 834 -128 179 
755 73 -107 -713 -921 -656 -720 -862 195 -417 267 452 -350 -910 -857 891 -418 -92 529 756 -639 52 -360 -927 -875 777 -982 636 -350 490 -268 -656 -47 -374 -179 337 752 -333 -677 -174 -155 -508 -977 -199 -839 27 -328 -35 639 -708 -903 -56 -3 -766 277 978 135 -513 -687 0 -129 785 859 15 -821 -939 -274 265 184 -976 -179 -507 104 -791 687 784 243 -524 1 394 384 891 -301 317 -975 740 174 525 -307 271 -964 1 -790 -671 760 154 -4 574 753 301 
-739 -758 253 716 -721 169 931 77 -780 883 -575 154 839 397 184 906 442 -887 -446 -452 -186 359 946 -837 627 483 -466 -720 -679 -872 -840 -826 855 -415 346 -902 -666 -165 121 748 396 -69 457 -28 -773 -417 130 890 401 137 -720 -843 -424 296 -447 310 622 691 -293 357 654 429 630 -546 176 882 953 816 -534 150 155 261 865 406 -717 70 -927 643 -727 -668 679 330 -552 -200 -331 231 -925 -908 -259 -655 305 -712 -425 758 -989 304 -164 -617 -944 -995 
676 -420 377 473 325 752 195 -328 -883 -572 -863 752 -553 -588 417 639 -509 -790 -427 -986 999 167 757 -759 633 -543 -445 -779 358 -295 251 -282 -541 534 724 -324 952 54 -72 682 997 755 -488 -369 811 499 -152 -486 -271 -760 628 880 -723 186 -692 -464 -289 640 -102 355 404 -477 -946 -877 -985 204 -429 -149 -182 426 -215 -78 233 -283 550 70 -661 495 -78 658 -189 -536 535 334 -915 -696 -379 213 -781 -555 730 -665 -699 -413 -172 180 161 664 -833 314 
945 -7 272 420 -185 -359 657 419 676 439 -229 -377 -1 -62 -127 985 416 74 -505 30 278 -78 266 -402 324 -311 630 382 530 211 -114 -630 -696 -238 633 -849 116 -236 994 882 -364 833 -753 -812 69 -608 -9 1000 -296 -926 -530 524 42 837 745 -186 512 -963 -464 919 -970 614 -626 -716 326 96 -577 -328 6 -315 -701 -610 341 -912 -342 -549 -870 -782 364 -732 184 783 -548 -131 476 217 276 1 772 -913 668 37 -401 -524 -136 -941 -599 -980 401 934 
378 341 -324 -199 805 350 887 7 126 -244 204 -602 -1000 -837 835 728 414 -940 -519 -252 -660 335 -655 715 -18 788 65 -121 347 601 955 454 -39 148 923 -739 5 -853 -857 -222 -255 404 444 241 463 -851 379 329 201 519 -284 920 338 -596 429 320 -65 -834 -800 834 -754 197 -399 780 104 160 -309 128 -448 109 -685 -277 -219 -759 -960 899 -260 479 967 -884 367 -71 782 -541 -309 -867 155 993 -628 -813 954 -407 -880 560 -557 465 -88 962 -662 659 
879 61 737 -890 220 -350 -591 252 -187 476 120 237 -223 -48 -849 -427 346 -711 -591 323 -949 87 -721 14 180 -175 -585 908 690 526 485 -276 -485 38 -424 92 920 91 336 200 -129 836 264 853 428 995 173 -282 -517 613 -127 -121 246 992 649 462 -481 -773 -234 -347 500 -848 -267 -689 -382 390 846 635 437 -629 3 -846 -28 301 167 531 762 -592 517 750 968 -774 -586 958 954 18 -24 -907 -714 273 -216 -512 -291 -161 -979 -491 891 524 -304 603 
375 -931 -669 -599 656 -516 -896 -661 -630 -215 -698 -130 273 513 461 447 222 -961 793 -24 -89 -315 -385 -204 -99 -379 -802 -707 17 49 -291 -528 -590 -854 725 -403 493 -861 -241 235 -864 858 -882 -249 -777 -216 213 846 424 203 900 -576 -694 -248 868 588 829 -404 -277 -424 583 54 850 214 420 -170 468 705 495 172 413 -782 622 -402 608 -826 -704 -911 320 -395 649 -256 942 607 -524 -995 78 675 54 253 861 295 -117 432 -271 -629 688 850 326 -419 
-361 -350 -165 449 -339 -233 -615 -6 686 126 690 712 883 878 620 564 195 -846 -999 344 -700 707 -172 519 -527 857 -782 -1000 845 255 -640 -873 6 -471 -832 -328 808 979 -122 -513 110 -381 147 -114 -506 671 844 -528 793 -465 -352 35 162 -142 130 812 -687 798 595 598 -774 -518 -736 737 -445 -876 -15 -792 307 61 -772 -741 -953 559 543 -772 602 -646 -622 664 439 312 -443 -361 733 -613 -779 -803 -542 8 -340 825 213 428 204 -805 -883 193 -772 -748 
-778 981 -857 309 -175 335 -158 563 -657 -39 591 -387 841 972 562 48 504 -807 738 837 -554 -796 -674 337 -395 224 -901 649 536 -366 363 -968 -259 838 -872 -565 -116 548 -568 477 958 -892 720 -356 515 765 -121 181 950 -40 -715 -259 -987 -176 -423 -673 399 -310 -422 634 -165 -898 932 -445 520 198 4 356 -440 149 672 849 -237 476 351 -385 -214 -18 586 651 609 561 65 -975 909 265 -636 -87 -716 -239 -254 -44 -953 -836 619 -113 499 996 -290 906 
325 151 777 295 -773 832 -677 349 682 -227 822 -210 329 -474 41 970 -475 14 -313 598 -255 729 344 365 -759 489 640 350 -280 -608 -532 -420 334 763 846 -439 -6 -683 -210 886 -351 -181 -193 -721 531 -187 -496 468 54 -414 -9 689 576 494 14 -839 238 373 -315 -212 -442 -102 158 -574 -109 172 573 370 892 762 153 -617 -978 -100 858 -902 146 -417 531 -936 241 -819 233 283 -493 633 -899 682 66 32 983 106 -617 129 -779 -869 -654 172 -152 175 
-583 542 502 -129 -168 -239 -512 -942 926 -730 870 754 489 -966 -741 348 -317 134 -865 -685 -163 -975 -745 165 336 -55 -782 -437 -730 -881 478 184 -437 945 372 31 -969 -499 -722 831 -558 162 -954 411 -958 -103 -357 468 -572 -275 -756 778 -661 -130 975 -403 -34 565 -304 -849 524 -563 346 -332 932 -490 489 85 -438 -528 909 139 894 562 928 -254 -657 337 -96 558 431 -380 -764 -466 626 702 -32 -882 11 -687 -881 -716 -463 -737 -849 408 936 -612 -601 -47 
-700 504 681 -419 700 161 -304 -554 -502 756 -207 259 463 181 -169 702 979 -796 73 963 947 541 27 117 -144 -239 392 -89 -6 -585 965 -162 -925 -379 -13 -152 661 41 -803 252 990 -582 -791 82 -415 491 239 -641 -779 297 770 -222 -588 925 -490 -251 971 69 610 204 -70 135 -932 92 383 -981 -544 -233 -634 -344 -815 -15 -625 0 -175 584 585 65 -721 723 -248 -468 743 527 566 473 551 31 -650 979 552 -972 102 -181 116 -630 177 561 764 198 
823 138 19 580 -438 428 346 701 124 -621 151 -500 -292 -987 -874 -261 -370 -437 -152 276 23 228 -449 90 -169 712 262 -599 817 147 -535 68 -979 -625 -247 -714 -728 -899 -252 672 134 -62 638 305 715 -542 258 738 -126 -572 930 196 -488 -579 -497 -18 514 209 -521 -756 -135 -498 451 405 -768 38 -766 990 -393 216 -18 37 779 730 -599 -410 945 802 -159 533 648 -246 198 -494 752 -976 -753 149 -787 -633 463 569 17 80 -249 532 -470 -280 -827 639 
-414 238 -460 912 304 -431 932 -59 -370 521 354 -550 -146 -384 176 667 -838 -116 414 44 -732 -510 -787 250 -920 -54 132 -263 -325 -875 -770 -654 -862 804 365 891 -643 936 508 299 175 579 -573 190 351 -330 -249 974 -168 -938 -530 887 -157 578 -197 621 -17 273 204 -255 30 576 982 -325 692 473 -484 700 -431 368 630 152 385 120 -935 -71 -385 -899 -956 70 -135 688 -347 -925 -661 606 959 -77 269 476 -79 -845 596 -614 -600 -460 932 484 -884 -624 
368 640 -21 134 -830 -479 -91 579 997 65 507 19 507 -104 -681 776 -88 47 -817 -456 548 183 -660 -739 332 971 -728 163 810 361 0 -964 656 -564 437 207 -502 120 973 33 69 744 546 -950 938 630 -141 -709 -790 603 -142 36 -39 -783 481 890 -322 949 149 -52 -173 797 -211 804 -178 655 997 806 825 -900 -825 -457 164 -206 -905 -650 -123 -244 -269 -594 3 -161 -285 460 859 -648 -640 200 100 -405 404 123 171 181 115 120 -418 368 583 82 
687 167 702 897 815 -219 714 463 609 367 22 642 577 417 -474 -879 155 -281 -405 -681 293 458 -27 -275 -549 -708 456 954 822 974 -367 -174 261 -319 -52 328 752 464 837 641 -581 -112 -838 -816 -831 439 9 987 634 74 21 115 834 -898 83 -461 187 -782 -531 619 133 938 -481 -563 -462 148 -711 181 -686 768 -150 614 665 -259 781 535 956 939 100 -665 391 -317 346 911 -766 -876 -120 118 -738 -413 -337 88 -161 508 -607 394 -346 572 334 39 
-662 -961 571 -660 -417 -879 672 -747 -967 -784 863 40 491 605 121 -886 102 884 760 644 124 -968 -71 515 211 272 -119 -192 -183 -356 -516 538 -854 -430 -897 412 -660 -377 -634 -379 508 8 -243 641 -473 -220 787 655 331 844 542 -665 181 338 467 516 -588 -216 136 -89 252 -581 734 -224 330 679 -343 -601 495 688 -95 841 599 243 857 472 -301 780 34 -437 -161 -311 -244 -642 -799 -796 463 475 34 -632 617 -332 -160 26 146 -6 284 -420 592 420 
79 580 181 511 -326 711 509 -818 248 -30 -123 -307 790 401 -621 428 -69 42 408 386 -58 471 -958 998 731 -520 548 -907 -891 845 -326 118 985 -179 -465 -524 687 -521 -661 683 -209 -332 889 -669 -652 207 -153 -948 -868 -595 498 921 696 -519 583 489 613 -976 -830 -130 -582 -888 -47 -244 609 -380 718 -918 84 -353 387 99 -907 -269 -142 -38 -566 445 828 492 877 -494 144 -164 -431 198 -44 -865 -688 880 -607 232 243 580 -420 185 -181 830 21 -322 
964 -819 215 -712 589 -548 477 -983 -624 310 -54 436 521 -774 -863 -910 -490 176 -804 571 -554 59 290 473 -570 730 215 322 49 -906 -545 -58 -888 -475 132 475 716 804 863 909 -807 435 -997 256 379 743 -815 -495 315 -966 548 798 448 -239 -364 292 -786 -850 -486 181 -393 298 -696 95 -900 -453 -712 964 -206 -54 151 -773 779 -302 642 863 513 80 -73 227 -125 555 621 228 570 -11 -578 574 -384 -345 -963 -413 -830 -70 -750 996 -630 -634 665 228 
-539 -859 141 -135 -796 804 -444 -66 -385 -991 -326 10 -696 390 972 -315 -69 -407 509 233 306 -51 117 -658 -454 772 487 282 -618 509 -402 -233 103 296 -477 698 182 -623 -655 50 -289 480 251 201 68 -582 109 -862 -110 811 875 339 -733 -879 -290 -513 -270 -5 824 819 -235 122 -273 460 -49 -272 -45 731 -577 288 462 914 621 667 622 -806 500 -505 -252 -958 -273 96 228 681 681 494 664 962 -974 185 555 564 -720 -721 -190 -950 -487 519 -220 851 
-910 553 -467 127 80 611 -578 -55 -406 -823 370 -788 -40 951 424 -177 218 -54 -437 -537 -547 866 282 -4 -167 488 843 -48 444 681 923 -718 109 149 605 390 -709 -209 423 321 -938 -465 892 7 258 55 355 254 -414 696 -444 -764 784 -309 -833 -364 -213 -606 622 153 -292 -151 -145 270 -942 -403 41 -648 561 966 198 988 -303 620 147 -925 -406 -185 -1 -846 -787 215 570 -328 -707 -858 488 -718 243 748 725 775 6 -814 -687 995 429 806 -619 665 
-351 -175 -436 485 -272 733 817 -472 565 660 597 513 -280 -134 -581 195 495 -28 -817 925 364 -867 -85 369 916 750 -519 -60 156 -261 665 125 -22 874 -973 754 694 687 -185 -68 -175 331 -879 316 435 588 -280 24 138 -758 -69 -102 -19 695 760 41 136 -921 -4 783 280 564 644 350 45 -214 283 -961 470 756 981 416 927 -385 -463 835 -97 362 484 -536 -611 -392 567 -628 954 587 -235 -394 738 -608 -724 -440 203 104 335 -509 937 787 -744 732 
691 -340 827 -213 522 761 547 992 695 -625 -11 663 -171 -123 -954 692 385 -144 147 37 636 926 782 -327 229 -730 -233 162 1 -530 507 5 873 -240 -458 587 834 996 -880 -112 163 -644 401 -537 -799 -652 790 -483 585 -373 -763 -271 679 -931 703 -707 922 -584 902 -608 238 467 878 -994 -499 275 825 -817 -198 675 982 -645 975 -846 -800 -866 -13 -241 -342 -933 748 -806 753 -365 292 15 -878 -90 509 179 549 -956 150 -523 -977 633 532 -960 154 194 
-8 905 -773 631 913 -143 771 -513 -851 7 451 364 -99 307 -100 -914 823 738 326 -514 -984 100 874 -539 393 134 384 472 573 -892 -395 -201 -943 299 67 -360 583 351 847 -632 146 -29 -770 598 -610 595 -854 556 -752 408 -847 850 971 569 -632 -329 -348 244 891 -830 -415 240 236 935 189 505 -155 -529 343 390 895 52 114 -820 73 266 -588 -85 529 -548 633 325 -761 -348 969 -948 -683 597 872 -739 -670 625 -650 -779 955 501 615 -999 429 884 
-674 -693 125 -794 158 18 413 -488 149 897 -606 819 26 514 728 -43 -262 -794 -870 449 655 -232 -52 26 827 -430 707 303 -319 -220 -281 93 -141 -464 -699 400 -996 -919 -485 102 963 760 657 -384 -347 864 -444 930 85 404 -797 -698 -102 577 441 369 -68 -937 -692 719 292 663 786 239 -764 -812 -363 508 362 -157 -966 -939 -863 -651 914 -554 84 735 134 400 524 356 24 -167 681 -266 770 -50 123 799 -429 -204 471 785 -455 -224 -791 951 -706 -161 
657 -844 969 -926 92 -936 -755 876 -745 -87 -331 112 -64 -1000 -533 -609 -125 39 134 288 391 599 908 -789 893 -739 451 139 -194 -339 -713 576 115 -984 -996 306 196 309 -696 -101 -355 -794 -803 119 -239 7 -4 77 607 -132 -688 628 20 617 -790 423 76 -166 276 538 -647 -394 866 -688 -141 -731 570 -527 75 677 -754 -845 880 -649 -512 -182 -282 720 769 941 -473 -820 -530 -733 937 -602 888 -97 -902 624 -546 -740 -499 -350 -812 452 30 57 -780 31 
-600 -402 -975 -879 -35 -534 622 569 865 -974 -509 440 164 -918 -887 -796 -261 -550 -374 -85 126 622 -6 632 97 613 863 -116 176 -280 789 930 951 -626 902 -305 79 -663 827 717 -667 -144 665 393 804 -104 -143 438 -82 -825 327 -923 163 834 303 -717 -348 102 108 524 159 -806 38 -975 -3 458 220 406 -854 -843 754 731 469 238 306 5 -885 -476 514 -510 -79 452 426 -790 -120 351 -699 -170 872 -974 -740 730 266 214 -529 -234 387 -107 -720 -68 
-668 692 -115 -313 -594 -384 -662 884 -699 662 342 671 867 -459 -973 -29 697 560 103 -901 -857 460 746 663 297 -172 708 -139 -519 -723 -70 -881 -912 -641 477 782 259 192 193 189 -632 -178 -454 665 534 460 -621 -205 786 -634 687 858 165 -986 709 340 -975 271 -429 -62 -916 -295 627 973 366 -758 506 -785 -288 944 -455 -632 -296 -787 -78 705 914 262 278 363 -534 173 -927 -677 468 913 -442 -69 -863 -155 -458 -720 292 -813 609 -627 -161 373 -407 -773 
-138 -454 -491 41 830 -955 374 945 -267 -526 -194 537 786 198 -202 463 708 -579 -221 593 254 -354 822 -333 -968 253 706 921 859 -921 -227 772 72 -149 113 -185 770 487 380 831 951 -72 -474 528 -74 -833 235 848 779 -556 -501 -528 954 -327 -825 -516 -983 66 789 -187 210 -191 -237 917 474 -684 960 -775 711 926 -709 501 741 -434 -579 -51 -232 -566 -108 -827 -14 -377 -23 -439 56 642 -692 908 -464 8 773 3 517 -728 -119 653 -463 -573 -511 -164 
359 712 379 -880 555 -5 293 -385 -15 18 934 76 412 -999 931 609 517 365 -345 -844 178 -370 -868 -103 35 -112 516 -595 473 453 -986 -668 -447 459 -766 -638 679 -913 -433 927 370 437 -50 402 249 604 481 643 -635 -459 51 -778 -356 -60 796 -861 327 -673 503 -439 -363 604 743 364 101 911 -278 -940 -993 -503 493 -480 -373 830 -239 -990 696 645 -889 236 -238 866 -156 -677 265 -497 225 -791 593 43 762 396 77 412 -828 515 -997 872 -594 -138 
-268 -95 -662 -327 356 -553 723 -138 429 -753 254 366 -893 396 -945 221 328 796 873 -397 -162 994 -363 -808 -105 116 -55 593 -307 26 -406 440 -910 187 860 -971 32 -714 -696 809 -133 398 -454 -422 -107 -714 -519 -222 846 350 661 -645 -80 -23 531 385 -153 -25 888 927 241 712 -889 927 887 -240 -994 -193 862 490 880 295 250 -462 623 -588 2 787 1 155 811 371 -131 902 644 103 -529 -644 533 259 396 327 850 -948 281 569 68 255 437 844 
-662 420 -866 634 -392 -282 -140 -114 542 5 -457 701 277 -636 824 -772 -348 -87 928 849 804 -986 -36 141 -157 -11 626 -387 -998 -969 19 380 -720 612 498 185 925 854 878 243 455 -647 -75 525 -835 881 -165 -376 -183 464 -347 -52 208 -734 -383 574 -508 -502 -406 -971 -866 -317 -556 -663 -451 13 850 255 227 579 777 800 233 -73 48 731 -205 182 376 149 806 -478 -547 -471 -242 570 223 591 -881 518 236 -842 431 -26 -184 364 967 -558 964 -662 
395 -920 2 -222 404 856 343 -248 200 -734 -505 -745 235 -689 801 401 -169 -461 -457 -615 -855 -378 76 -472 -644 956 19 -549 593 -757 184 -465 -913 276 823 820 -408 -751 944 -326 549 -747 -988 515 869 178 -940 75 960 145 407 -923 -769 124 729 -681 497 852 571 356 714 97 -559 -698 799 461 67 -501 374 -242 925 -787 702 -248 286 -612 937 442 212 -909 -760 -375 -93 551 743 818 168 -33 -602 -335 744 605 732 -805 -800 -984 -233 387 310 434 
505 -852 -471 601 -787 -34 -708 -113 -869 -273 377 91 -828 -677 371 -682 623 431 -39 351 -669 595 849 342 660 -521 -820 73 -54 -351 -861 -263 752 594 778 -385 396 540 712 517 490 482 969 -949 -776 569 899 -618 -687 -638 -366 -592 849 792 -466 -736 528 -913 772 21 -268 217 556 135 -669 -645 -518 259 113 826 114 -405 -503 434 -498 -253 -2 789 421 -185 -462 53 816 18 -833 133 839 -530 -551 -304 268 -728 97 229 416 975 825 -282 -247 646 
-420 -30 302 -623 -319 -38 -638 -547 -546 -625 -511 -519 -586 -184 -155 -37 795 379 739 -840 947 575 -950 -826 -974 -586 580 27 54 516 361 840 858 372 -801 245 -640 655 -389 927 568 29 670 -613 -294 -110 461 -860 767 -818 -576 -63 -85 700 -569 -599 201 631 69 -116 839 356 -367 609 -181 -940 103 828 -922 -230 28 -703 471 -769 -650 -783 110 -477 992 -423 -572 710 749 743 -449 567 679 -57 -820 -589 956 -554 131 306 706 23 672 819 413 -731 
-200 -1000 -321 -456 -337 258 343 -320 715 -615 -949 -280 -694 -277 706 -92 895 182 -549 -820 669 -829 363 -628 -288 128 349 152 365 507 -320 449 423 881 334 893 664 313 -533 906 352 -101 671 -134 -834 -575 683 834 -343 944 -974 73 -347 53 599 -861 280 -159 -653 289 350 647 -261 -978 913 23 514 -802 918 704 -465 -546 -768 -570 -775 -766 -423 549 522 -990 -505 -257 976 -670 -604 829 770 -982 189 106 -889 758 -25 -23 111 379 171 280 738 228 
-180 -277 -189 -121 -265 -215 -209 694 -108 784 -944 5 340 -312 963 -626 952 -690 69 -37 -657 741 262 178 -949 24 671 -869 -916 559 340 -946 89 157 -172 -887 -772 -616 -639 -675 -893 -155 -26 -867 683 508 -695 -592 -769 74 302 992 -460 -177 933 701 939 -686 -542 -126 402 880 859 896 -104 819 808 179 94 414 -585 -145 222 851 -634 204 -973 658 -649 241 509 777 917 782 -970 806 -290 994 -526 181 -434 -306 -148 247 51 996 162 239 -79 355 
-460 -178 939 -54 -300 531 -989 -934 -761 923 220 -302 -650 -759 -46 263 -206 241 387 -764 -449 911 -508 -966 -598 -485 -131 172 128 415 -296 -820 904 347 390 656 245 612 -354 -428 -561 528 885 -169 -947 -390 987 -436 -891 -914 -603 -227 239 596 -169 -229 861 -882 503 121 -914 -124 -592 -734 -207 -873 -740 824 400 258 418 207 -784 725 458 -520 -632 -435 -567 -874 153 547 -517 -538 -239 -593 -395 146 165 345 281 879 203 -43 511 -122 630 719 -821 348 
-581 -462 919 -843 -536 72 -39 -367 89 55 872 -192 -914 -455 77 -124 544 568 -108 -965 -634 -687 -854 -207 711 -521 -73 -632 -861 -673 865 382 723 604 475 -764 -450 -105 -99 -56 588 -701 -458 -255 -908 4 175 -690 -849 822 899 -751 682 644 560 411 -373 920 29 -426 -524 -826 -747 169 -571 -167 -409 -572 38 -501 -653 451 -282 -172 732 -192 -489 -54 -493 878 -413 -249 842 -948 -595 -204 -588 -656 73 -750 -210 99 400 -686 119 -781 350 2 689 515 
163 -54 458 635 -539 -887 575 -535 -289 -557 -917 -935 526 -956 -311 -699 886 110 -646 97 -464 -613 308 713 -858 189 -129 -814 -486 343 -963 -708 428 244 -930 992 385 235 -904 511 888 -170 191 647 -252 891 -347 -657 -167 782 -240 14 798 89 870 883 -391 380 372 -349 982 -508 294 -279 -651 -737 857 552 200 898 919 600 -491 91 283 651 854 374 469 -823 -155 -219 -341 751 -690 66 -915 -227 63 -535 938 -68 -414 665 452 166 787 70 565 271 
92 906 460 -882 -797 -57 -812 123 -482 -60 -934 -508 642 -436 -469 -141 -799 -667 -774 132 292 566 222 -334 866 -934 99 -581 -528 -60 44 -846 -288 -601 -999 466 778 54 668 182 178 293 -879 -694 11 712 -31 -71 -989 -951 -298 -19 54 -407 -498 -521 644 -295 -188 468 924 504 -975 -99 873 -597 775 -137 -414 380 -202 668 -210 -131 600 -796 33 -284 -581 -471 675 -296 -42 -956 -798 -914 -281 688 -945 -544 -635 -832 -624 -607 360 14 -731 -568 593 942 
-675 325 641 255 981 951 569 908 830 525 -507 489 -580 567 381 527 188 462 113 155 143 -717 -981 -136 -113 -805 787 651 -656 -974 736 -290 -913 -635 -543 -116 -790 -227 729 -641 -979 -455 -475 -512 -123 700 511 901 946 -11 701 -183 372 496 -175 -267 -356 -992 -456 65 -442 349 49 -75 -390 158 494 -267 -30 211 -514 -49 125 139 -204 701 -330 -398 163 -530 -340 -443 -245 469 331 -998 -876 792 499 -180 853 -656 -664 853 -664 -305 154 -57 780 -545 
-445 904 592 -289 310 -475 -827 838 -632 -146 -849 808 844 559 -636 165 -579 -928 614 433 33 -302 873 -669 168 -989 266 229 95 685 -629 639 -636 593 446 675 -749 -318 934 565 339 -665 -896 -425 707 785 474 -696 930 982 -467 -540 227 866 936 884 448 373 685 817 931 -453 -910 -440 202 -500 80 -959 259 -515 316 -88 -948 -937 -442 241 114 603 -753 889 328 -463 -36 467 980 392 -103 643 -166 124 40 -324 588 24 124 -473 -119 282 -784 751 
-810 298 531 564 402 644 -134 8 -291 -362 793 -300 356 942 -145 167 697 612 -721 94 627 -802 71 -923 572 -855 -962 -980 -715 -979 160 235 832 931 579 650 -351 -155 359 204 650 -99 -420 -917 829 817 -827 373 345 -248 2 -110 -903 -3 -272 -13 719 750 690 -822 656 320 -231 -901 -975 -361 -867 367 -705 -38 563 -644 105 -913 368 241 853 438 -614 -378 -299 314 -279 -320 -462 -850 -582 -532 912 332 -421 -865 -956 580 486 -693 678 -33 414 -352 
-615 -615 -826 421 -582 95 884 -370 -207 8 -914 -464 -68 -824 -511 -552 -83 -280 282 293 -569 626 532 -744 566 522 -859 -907 -789 249 656 235 -177 -854 563 118 -388 127 161 765 -954 -547 715 270 -174 -287 316 892 383 964 6 133 6 577 -635 322 -530 -53 -36 -575 387 -621 16 158 -757 755 -252 -485 60 177 274 -484 -940 993 -141 -542 73 -710 -183 -443 -164 495 -125 -33 407 -442 -757 -49 933 -206 258 -7 -142 184 586 -379 -910 -985 -480 -417 
-150 -362 -905 785 401 973 -153 -977 131 -279 443 -671 901 609 366 242 -533 -261 -102 569 178 744 754 -832 141 -125 -474 824 666 -506 473 -429 814 -724 747 270 -735 -676 -4 -445 -85 908 876 524 381 -345 786 459 -662 922 274 -623 -20 202 -587 518 102 -367 538 -618 973 -38 199 -687 41 -693 14 -7 -28 -960 20 144 -756 -285 214 625 121 -465 -900 458 -729 -681 -962 896 -740 -451 212 549 628 -936 103 151 584 109 -295 -304 -464 611 61 -561 
-895 -202 40 485 -717 -948 -79 -181 664 -290 -117 -44 -861 -253 109 962 170 -916 -486 -974 598 -958 538 -131 -989 -820 596 454 -700 277 228 -409 968 -242 434 359 -582 441 411 -420 971 521 924 549 -943 -247 351 704 -242 513 -119 -325 599 -977 965 -959 -952 -98 -691 -684 74 757 579 857 625 10 178 915 -216 640 40 -247 -984 101 -825 737 -51 -651 -704 -527 98 -533 425 -821 -36 -708 -51 236 -156 -582 -502 177 -393 196 177 -367 -934 -421 -75 85 
813 274 -504 408 609 508 43 -80 589 187 468 423 -241 -572 -159 739 162 585 -93 712 482 -6 434 -699 425 -644 827 344 747 571 76 417 -90 576 -56 -47 -789 -677 771 -114 -710 -109 980 -312 -299 -932 -750 21 275 -505 -965 116 -94 -552 114 216 195 801 942 820 99 283 -96 812 -160 797 626 66 744 -257 -912 51 -947 -604 -228 -581 -141 -211 296 625 -805 15 14 696 440 272 944 780 35 960 -593 505 -396 -881 -811 581 242 -550 813 -818 
-923 -235 -430 728 120 -839 -537 -516 -288 -372 -808 -503 -431 -367 860 -328 502 -856 816 -305 -384 -421 -984 -407 -86 544 92 -859 803 -531 662 855 -589 -993 -466 -639 637 217 306 590 183 552 519 374 347 -385 -884 -329 -516 479 -361 91 -222 91 203 208 750 757 -164 -925 -488 -679 200 743 669 -543 940 -461 -6 -482 -520 385 -111 -887 -442 -734 -124 -604 -335 -327 -264 33 455 -72 -804 -81 -644 161 -487 -98 -192 -962 -238 261 85 -665 459 -825 313 -254 
465 45 479 566 -857 365 709 -853 606 -6 796 -206 -221 49 530 -359 -299 761 657 -853 -553 -404 -696 30 838 478 859 120 -515 205 -25 889 -152 -895 949 -309 -403 -132 782 563 -70 -215 -829 991 -877 -748 366 -888 -908 -904 582 881 634 -607 905 -855 -751 946 650 -63 -5 725 843 -399 556 742 -455 570 205 -773 734 -670 -2 882 798 372 798 585 -882 702 299 418 -678 -574 -306 -931 -667 -90 -479 487 -227 -128 179 -784 -952 11 464 -921 -52 18 
195 -417 267 908 346 -910 891 696 -418 6 847 604 -112 283 -154 -875 777 -982 -598 644 587 -789 -47 365 37 -89 678 -788 -472 377 -307 -977 -199 -677 437 -373 954 690 41 -951 920 -448 277 -664 804 170 -648 -595 46 -647 577 -885 -364 663 -730 -2 -237 760 -631 676 -151 407 -635 560 183 1 394 46 -448 967 295 -592 846 -441 143 -434 -848 42 724 765 -300 -447 883 574 753 525 -281 957 253 -963 169 931 77 -780 883 -120 154 584 184 906 
808 891 -119 207 -186 978 -525 199 627 -133 -1 -918 -243 679 -413 387 855 -415 -100 825 -787 -165 121 748 396 855 -211 -28 -826 -31 130 -86 -363 423 798 -462 248 317 310 622 752 631 -54 669 541 630 -546 176 882 953 816 436 -237 568 615 -24 164 -935 -220 481 643 -668 679 330 -552 757 495 313 -909 -482 437 -774 -903 -786 758 955 -102 873 203 761 178 31 -663 298 638 -760 800 260 997 746 -638 737 -368 -449 417 639 -509 -790 185 -850 
724 644 268 -130 647 357 -37 358 -295 175 926 -497 292 744 -94 917 355 -185 -825 405 -425 326 464 590 -814 -152 760 -579 -429 628 -262 915 -758 744 -719 640 -102 -549 995 -462 840 -233 110 254 -149 361 962 -985 455 518 792 -685 -937 -111 -183 -823 -631 -668 -660 910 -101 -434 -255 475 708 272 -393 -676 82 -380 -539 -830 -550 -121 102 262 -865 -572 -799 683 -79 461 -311 376 392 415 -610 -662 585 792 -127 985 416 74 -505 30 -984 636 -85 473 
601 -511 -267 -303 -364 -65 -131 560 774 894 891 -535 -341 202 398 -805 43 -479 -812 -476 -100 -622 -951 801 216 524 221 725 -757 -923 271 913 919 -983 -902 -825 716 -925 -307 -700 -434 32 749 114 -263 159 -729 -562 -34 -570 753 186 -342 99 -358 204 355 293 846 674 -532 -647 -180 -857 -6 261 443 -941 -980 -671 -23 703 739 802 -633 369 -929 126 -328 968 -919 -518 -1000 -4 -837 728 -888 295 -13 917 -629 651 -816 967 189 -606 -88 374 347 -263 
-475 -666 -82 148 -130 -922 81 -525 315 864 -85 -47 259 -383 669 48 782 653 305 -328 -284 -696 0 491 991 -355 -65 -792 -772 834 197 -399 23 -72 -19 159 806 -302 -520 -277 -219 -845 525 649 -209 503 -597 -417 367 -71 -930 -138 841 788 363 -455 -813 168 -715 839 -770 530 -983 605 -160 183 -955 3 140 -888 -411 292 -690 220 -350 252 -187 476 202 -67 513 806 851 237 -578 -600 -936 -490 -179 0 -564 14 758 -750 312 -924 -296 370 -276 -485 
250 638 920 577 590 442 836 288 -204 796 -922 -525 -75 -376 382 -313 736 709 229 462 -349 602 -862 -420 -848 -719 -136 -808 769 846 -797 -278 595 335 478 -632 177 458 -176 235 -619 -284 968 -749 783 -59 -311 106 -517 -865 -686 407 -512 570 375 369 993 284 -796 -749 438 -937 -603 943 953 -423 -612 728 -661 -215 -118 -454 -265 60 615 -504 943 401 671 -891 833 -723 -17 -781 -854 336 767 -35 687 -787 796 478 -526 -854 -935 193 544 186 -789 290 
-633 951 -437 -777 -216 213 -382 469 -938 900 -694 -248 868 -717 629 -89 110 889 -910 850 214 -547 -340 857 242 -774 530 565 -719 -143 842 -977 -788 885 261 136 -827 -397 942 -317 69 181 -489 78 54 -196 623 180 1000 -271 319 97 -145 555 881 701 439 486 492 565 -372 -866 -956 -349 -66 10 690 712 112 395 -633 586 533 -989 -225 804 33 856 519 -85 433 -890 845 651 442 -172 6 -145 896 179 916 939 -564 166 -704 769 -581 779 -506 -171 
280 -53 707 -766 505 -372 272 463 -881 911 -174 215 -918 691 527 323 -427 737 -851 -390 976 -697 -183 -772 316 83 559 568 602 970 -418 283 567 864 -52 270 494 900 -915 719 -549 -340 214 747 -332 492 265 -787 274 -766 678 324 44 347 815 -589 136 -580 563 -657 -39 -135 -987 841 -895 74 685 -535 199 -500 -143 -624 -545 -674 32 825 852 649 688 377 494 814 -924 -466 -872 -116 548 477 958 934 -567 -659 -922 181 770 375 181 414 -484 445 
448 549 -272 -703 550 92 350 932 520 198 4 735 356 -774 788 -67 -238 386 -350 -716 985 -503 -997 -786 837 -196 139 65 -980 468 -398 -547 -716 174 -807 260 -953 619 222 870 572 -793 645 906 690 119 237 705 -2 -524 250 -360 528 621 -266 136 581 441 -749 -475 -83 901 -255 794 609 -937 132 -766 68 -142 414 -538 119 778 51 164 751 -530 506 -256 796 933 -870 -956 -281 -717 854 -290 468 54 -414 -864 763 369 405 -549 304 124 907 -766 
-442 529 716 -198 906 172 526 -629 614 762 -617 112 263 -942 664 265 -585 997 -724 110 -470 283 416 -493 -899 804 -223 -801 765 -60 -674 163 -968 -807 935 -753 749 -348 954 -785 814 95 -117 167 860 -631 -453 286 934 -265 489 -966 -466 -1 134 -865 -242 -747 536 -436 748 -133 -521 325 -437 -396 -84 -997 -159 -987 -284 -990 198 841 29 -40 639 103 44 744 -958 -842 -256 936 -837 -59 857 -318 155 -568 -331 436 -34 -304 -849 -524 346 -332 895 932 
859 85 -438 -510 -966 -204 -315 928 -254 -528 731 337 558 431 -380 848 96 683 362 624 555 -191 81 156 -332 107 -837 -43 376 -768 293 795 -754 718 -623 -227 700 -133 -263 -386 -502 -907 -218 -631 987 -25 445 -181 -856 -301 542 -961 947 -78 -5 15 -161 -138 -338 -540 760 -147 524 -29 -379 -13 -219 253 -630 -186 388 -173 -784 82 -415 491 239 17 297 770 -222 599 218 -19 296 -750 162 -712 -70 135 -932 415 -405 426 -17 -544 -879 -224 -344 -10 
375 -213 -281 105 212 299 -799 495 315 -468 743 527 620 202 489 -916 -806 539 811 -972 -181 116 -630 177 561 393 228 718 -776 944 580 -693 68 -882 -197 633 116 -691 -244 473 -621 239 88 587 -732 -880 -370 989 276 58 461 -12 744 -169 712 -599 817 -281 669 -599 -788 486 161 5 769 -501 -556 -974 -127 -429 492 742 -551 -439 738 207 -894 265 554 759 -474 233 253 -923 -140 862 594 -355 464 541 557 938 318 808 -110 -393 -816 216 -3 677 
-845 165 -249 144 108 535 -795 943 -462 948 625 -615 -324 -97 -950 744 -961 -305 780 -729 -880 981 -212 -450 -835 206 -277 861 473 -252 245 -200 932 -59 -370 -262 -550 -146 -685 888 -838 -832 92 124 -426 -510 -995 327 692 157 -658 -800 42 -632 54 -871 624 -679 365 -338 -643 356 542 -85 924 -74 -106 411 572 934 873 -938 -154 -878 433 887 -79 -295 458 -174 -197 -712 -249 616 -39 -165 -685 392 -242 -815 928 -325 -653 389 762 -556 360 368 368 -839 
-559 -961 172 47 -536 -899 -230 -956 313 806 58 -589 -535 198 427 717 -463 -543 -781 846 671 328 -361 403 658 84 -283 -912 813 -688 933 282 -708 706 814 692 -308 876 15 320 -532 -618 956 -351 -13 -569 216 -758 391 421 50 2 -984 -2 -126 -48 701 849 977 -857 365 584 -509 -845 741 -12 685 406 -280 -232 -420 -661 -87 400 -319 887 626 917 156 501 -101 718 -928 -58 259 -388 -467 291 -70 120 -520 740 -178 655 461 402 806 825 -21 -427 
-749 164 -905 -650 -84 -123 -269 -594 -210 -117 -958 544 -292 594 613 208 -704 -405 404 123 -700 572 809 706 649 950 762 4 469 -767 -29 -545 -671 -42 714 609 367 22 868 -139 628 812 -143 509 926 831 546 -815 10 -81 652 222 -131 657 311 238 -230 647 -938 428 605 328 752 -724 837 460 813 862 179 -782 -27 -680 87 -82 -576 187 865 -776 -643 -120 -417 553 423 885 867 332 -803 -986 -4 -656 572 627 -258 -298 911 -578 510 -166 467 -738 
-433 -843 -653 515 -889 394 -346 -285 -71 579 -378 -552 915 598 -458 -391 30 -994 297 -888 -683 -206 867 -451 27 -294 589 647 -423 -161 -492 -784 -551 252 86 63 416 292 -759 -244 543 -558 -916 -483 412 -299 -263 51 -975 -28 678 -436 905 -537 -264 294 438 -624 333 -540 -112 896 -355 -299 830 -932 -54 808 -63 -527 689 -601 498 679 -619 599 -732 667 600 732 -355 705 496 -184 503 -64 -826 604 -96 -449 -961 -14 -799 463 358 600 -688 -533 -462 409 
-696 765 952 -948 391 -981 695 871 923 215 -550 -686 509 -818 598 -969 -605 535 145 566 314 -559 716 -568 -662 -50 272 747 943 254 731 -643 -907 -891 845 -549 118 971 978 521 777 -470 591 203 509 203 807 141 -669 -652 207 -418 -948 -434 -241 -589 -661 -580 -283 489 613 -787 -628 -870 808 -90 -177 -190 -417 797 -168 353 45 -675 -614 -20 559 944 887 -682 -334 871 632 -169 -926 -494 -164 -567 198 858 -395 986 464 23 337 -506 -554 -621 -181 830 
-529 -897 -948 -709 758 81 649 -557 -175 718 -898 679 -939 -772 669 -999 956 -154 -64 52 -467 638 -688 412 356 952 373 215 673 904 470 -241 -944 -888 -475 132 475 118 388 -531 360 599 94 -621 379 847 -16 16 -776 704 435 391 867 -790 -333 -856 984 -337 -471 962 31 -261 -939 547 550 -393 -891 15 547 -397 430 755 402 -327 -712 596 -779 643 272 852 912 500 382 -302 -291 -262 -188 641 -657 129 -916 685 -85 -152 -935 -751 363 458 228 570 
789 -150 297 155 859 395 358 377 439 -352 526 -724 -176 665 -539 670 400 -921 -950 -49 647 -19 -600 326 -451 -79 568 -930 145 118 265 871 914 531 922 655 229 88 125 -802 -414 411 846 507 646 -724 17 -799 -379 2 -125 870 304 913 97 -757 416 201 68 -582 978 -110 -901 763 761 982 978 -867 258 309 -462 281 68 718 -139 695 211 -118 -922 544 -569 118 -993 711 621 667 888 -504 -184 -408 -778 -199 -970 96 228 681 681 494 -960 -872 
930 -652 555 461 -289 -3 -465 919 -452 145 248 875 108 43 316 342 672 -623 144 71 192 834 -602 650 -804 -42 -847 -529 9 932 -233 987 866 643 -239 -1000 86 -623 -515 61 -483 -317 334 798 -209 -591 -961 834 26 841 -407 84 892 -244 341 258 55 -875 254 -414 -923 -804 600 -309 -222 601 766 -572 93 118 117 -239 712 -508 352 41 -648 253 -244 988 -989 -272 947 -953 921 238 -3 667 215 480 -961 -998 969 40 -122 18 -321 -880 -254 -998 
6 -290 611 268 233 217 238 814 23 773 -521 473 733 503 -577 390 172 46 -376 -637 -116 -173 -130 191 651 925 66 -322 -6 -946 706 498 -524 9 -724 -323 -634 206 -857 368 -669 -134 79 -351 -98 555 864 -810 31 -692 861 -716 -857 269 891 -361 -9 -848 -877 196 -791 -566 -890 -882 -180 -801 871 -986 -968 -795 -442 192 537 917 489 756 646 773 925 453 454 567 -545 -425 484 -536 -611 -562 -885 49 146 -443 -235 -295 184 -512 -335 59 434 -118 
-191 240 -743 503 -587 70 -858 -790 827 -937 -810 -68 547 -625 -858 161 -949 -523 -106 -807 742 25 12 -511 439 160 -802 832 143 370 774 224 -530 621 142 -965 -588 568 834 156 222 -511 -644 -275 118 -777 -110 -198 -429 -492 8 -99 418 -931 703 829 -793 502 269 537 995 485 -855 -983 275 520 -528 681 -142 -645 975 -846 -800 -607 824 -755 339 -563 298 909 753 -365 444 65 -419 -960 179 -348 511 -856 846 699 -43 -960 769 -341 275 -46 66 914 
-552 771 -513 990 335 364 109 -738 -659 -914 143 -581 613 -771 -413 874 -788 -965 694 -987 823 -360 357 330 -455 61 17 -587 -727 351 -531 590 -754 -46 468 249 -512 -67 745 -307 577 -308 802 971 594 -329 -543 939 -150 -211 -494 236 -854 797 -745 277 -383 -870 895 52 20 230 642 -813 -218 -734 -548 633 259 -634 497 119 -913 923 -885 -641 -299 -223 -180 -650 -719 -672 -945 307 -845 -560 424 -84 -114 -794 627 -309 -872 -596 -877 -332 -417 296 627 900 
847 645 254 -164 860 -880 643 -849 -440 827 -947 -33 -548 635 708 -641 433 539 -63 -719 900 -960 -960 -746 -609 -697 392 -426 -301 -989 -769 -521 672 -949 30 -970 -923 476 426 551 -574 -381 -278 -692 719 -535 827 828 -743 130 457 -372 615 192 -377 322 -507 565 -791 998 339 315 -986 -22 985 -762 -262 -462 -598 780 -683 -827 398 188 -429 -204 758 677 918 340 -791 -807 -501 721 -844 969 416 253 -755 -229 -188 258 -738 599 654 196 -609 236 -616 -895 
633 -967 674 -119 893 488 -237 768 154 -894 -614 123 115 -996 306 196 309 231 385 -355 -118 -127 -757 165 -126 948 -68 -709 658 -311 -874 276 -388 423 412 272 250 -154 -331 374 292 -286 879 -220 -370 -527 376 -754 -845 880 -649 -512 -182 -724 613 389 154 -820 -409 -812 104 -838 888 472 723 381 -467 59 -364 997 659 30 853 -126 534 -2 -81 567 -509 -189 326 901 -491 -142 -509 -333 32 -383 -311 -969 343 -58 -335 654 357 987 -784 5 286 315 
-23 176 -210 571 268 -99 -62 79 -663 827 -365 -144 665 393 636 26 -524 -158 -825 955 163 817 694 -627 -996 869 686 307 955 -235 181 -364 703 -36 -89 962 869 754 731 469 861 880 -192 673 -150 478 274 -87 -281 831 -321 271 -699 -535 590 752 819 730 214 -300 -886 -107 221 684 692 -115 299 544 -662 884 -699 662 -433 -957 -307 -327 -29 349 181 664 151 -125 -812 346 231 936 -608 392 696 -110 -656 471 -663 -4 -756 991 259 701 -850 528 
397 -70 -336 -934 881 460 -710 786 -993 -437 -6 489 -271 186 -502 -708 -740 -62 -227 -198 882 -847 -758 506 922 -930 200 432 -653 -296 519 -301 -796 -843 852 278 870 -408 695 -600 -294 998 610 -75 -863 -52 -720 -221 899 -560 -492 -62 -608 -773 322 237 -659 -683 398 695 641 -982 376 -409 -245 461 -615 146 75 -207 815 -292 71 -503 -691 -634 -747 -968 92 905 755 -728 142 63 -196 826 413 794 770 188 -451 1000 119 654 -345 644 -46 431 184 983 
-556 -501 547 390 254 944 348 358 -64 121 -472 476 328 917 -612 -69 770 -132 352 -709 501 515 987 93 762 -566 -108 720 -631 -23 -439 56 -216 908 -876 -526 146 429 387 652 694 361 165 -130 -303 359 712 379 -880 555 -5 293 -523 -267 605 -56 544 -97 -668 -473 682 517 90 90 144 -931 -421 -370 -138 -817 -988 -841 -969 401 453 -986 928 50 147 552 -975 903 371 512 -845 408 -814 -712 -196 -106 -823 207 -317 106 -549 51 -183 -883 -298 548 
-814 -234 553 -909 -873 -956 246 -160 -554 62 831 -702 -993 -980 299 763 626 -290 18 -50 -702 -904 884 464 -861 983 354 -991 -613 -659 60 713 198 32 -479 289 72 -944 515 -514 -246 124 491 436 -113 551 -110 5 31 455 275 733 -790 621 -685 -16 58 -274 -41 -555 -710 646 -397 -411 -112 706 -66 940 -156 -970 -891 874 190 -737 137 -577 -89 -82 -802 -714 -92 295 -91 -659 440 296 526 211 -967 -222 -961 -84 -645 -80 -23 531 840 -512 169 -404 
-212 -740 823 -125 -144 846 489 -977 -51 -411 444 -316 -894 515 808 -181 -656 395 336 -219 583 -729 -86 40 -230 366 954 -925 533 259 396 327 -715 -364 -272 389 -265 -830 -675 -182 -9 -128 -174 584 -660 881 -594 917 839 -239 -53 -167 277 954 -772 -348 -365 -994 133 -986 -36 141 -342 626 -387 -998 -969 19 380 -977 624 345 207 -320 536 -454 253 -234 111 389 -835 565 910 987 -162 626 370 -170 876 -629 914 -255 586 884 914 -602 -828 -556 -663 711 
529 49 -909 920 -144 -474 233 -556 881 456 182 376 569 -116 -674 11 68 340 190 591 640 -524 737 -879 -416 679 -324 740 582 197 789 -727 395 2 378 -627 282 69 -845 -945 -505 -745 -645 905 -465 618 -285 5 -537 720 -140 -180 -102 -926 956 -212 310 -752 -365 -915 20 897 536 -77 -566 -411 605 -815 -326 -901 -619 838 -847 931 358 192 231 960 -388 621 -724 -874 136 -804 903 388 683 217 824 -819 -618 -567 -298 909 -382 -524 -969 915 -688 -541 
971 975 0 897 932 -232 -479 707 -60 889 -559 108 -898 -757 249 -996 -838 935 680 -649 650 -284 209 822 50 -302 236 -566 -678 98 109 139 133 422 608 -58 245 346 -749 277 -750 937 442 -698 515 -909 -616 -432 -440 -663 -555 110 -4 98 573 891 744 775 501 -759 7 -832 940 953 740 588 -984 708 -845 -167 439 -667 310 434 505 942 -998 -205 253 -501 45 -491 -711 -736 543 -22 91 -677 706 990 622 80 -636 909 -255 -607 375 103 811 -908 
61 789 -580 -861 165 -504 830 -385 -974 -267 -329 682 -663 -514 -583 -392 397 866 -218 593 878 854 554 986 994 -28 -152 516 -780 -948 -765 590 144 -39 391 661 63 242 -393 861 575 672 601 -262 112 167 -373 -323 -812 466 384 -32 123 -103 -36 970 574 906 -814 842 649 -744 403 793 -840 149 367 365 -684 -939 556 209 877 -463 203 -350 -200 -319 -638 -547 187 655 -277 -567 416 -653 594 -602 -535 56 534 907 -751 323 310 948 -162 588 -325 -489 
539 -868 -511 872 -358 367 -361 832 71 -410 -159 263 568 -495 781 73 -256 -128 -108 -573 -866 772 -909 958 868 44 -733 -540 753 -394 -636 653 764 881 -447 -54 799 -842 -122 -754 81 -383 140 410 -955 783 831 212 255 -488 -296 -162 -227 -35 -429 -328 980 752 545 -765 711 717 -173 -386 -783 447 494 676 97 79 -828 265 -650 -438 -347 516 73 -42 513 -382 371 -828 -335 -314 -981 66 811 -580 361 401 754 -868 -384 547 363 -360 -804 -446 -702 810 
-482 -370 344 -48 547 -158 843 290 -281 -676 841 -882 -942 -464 -263 -60 -754 120 -267 889 912 -17 -753 -635 -638 -468 206 -159 -739 -653 -901 289 79 350 -901 79 640 -252 -290 -356 -361 20 632 972 -364 836 -641 792 53 -209 573 -378 -778 -941 -755 -48 698 -132 -820 990 328 566 646 417 -616 10 546 533 214 372 -703 210 -449 -314 -69 439 105 -95 -757 -987 -924 -128 -983 -401 -831 92 878 -661 660 -625 476 550 952 -143 413 -857 -358 431 727 38 
879 -136 311 299 292 500 -796 -990 233 343 366 779 223 419 229 -282 98 -158 -133 -867 879 -25 -127 -954 424 -346 415 128 392 734 906 -748 254 -146 -879 328 -155 -45 383 14 726 -935 420 -126 -273 486 -804 686 270 -79 328 -617 -666 -658 -401 -885 -627 -964 68 -399 559 -748 729 -49 576 956 -633 797 -367 214 202 46 -361 966 -891 -290 685 906 565 -341 -449 -994 -280 -169 123 455 892 -463 614 348 -20 -714 -411 884 -163 -454 642 890 291 -180 
-614 938 798 202 -25 -622 -514 -298 -101 -570 -417 487 193 -286 -741 -323 -963 902 -42 -118 -109 -123 987 -227 -957 241 571 938 -829 394 -147 -101 525 239 953 113 253 391 888 -337 -612 57 -58 -483 -846 428 524 -874 -576 -87 -733 872 97 282 707 309 -4 -695 889 -157 -688 -80 -722 -722 -717 -140 163 -779 345 -619 -298 -216 -268 -647 -984 -838 -876 639 316 929 77 -724 230 -367 89 -413 -158 690 669 418 -759 -230 271 549 -692 -348 -330 -800 23 -489 
-368 307 249 -616 149 -219 726 -121 -782 731 -250 593 -19 374 -207 390 294 -452 -824 -86 -748 -302 1 -661 250 -355 917 270 120 -574 -331 -570 -511 558 -460 118 943 326 -953 -995 -919 -572 104 421 -962 649 -606 431 -282 -304 -974 -350 537 54 -787 25 555 -699 -71 135 -452 -204 -588 -656 73 -750 -210 -55 -102 14 -718 -188 -852 -11 2 -839 -498 -823 -517 -749 -868 215 -35 -787 -958 -840 -815 459 931 462 -345 58 543 884 871 190 182 -849 -333 -71 
595 -796 180 389 320 37 -877 -718 385 -412 -902 -414 506 -584 838 -244 836 31 -996 -857 -181 -63 888 -873 -592 -565 -356 -811 246 -890 785 -896 -424 -561 263 -364 830 -278 -349 -320 23 755 -961 634 987 -831 -276 563 -249 508 -503 838 793 -376 -71 -686 -576 228 -816 584 111 418 -680 946 -754 -933 -164 703 880 -722 139 61 326 287 176 -89 -711 -345 -928 -126 -397 40 505 -570 886 -851 531 112 384 764 43 -442 580 -739 -705 -835 106 909 -423 367 
4 -608 302 -222 829 -708 845 366 -100 187 732 -49 -830 -984 -365 -762 261 -722 792 714 628 290 362 276 754 -512 605 412 -682 292 647 -757 369 991 957 -317 -156 87 891 -844 -331 -688 -212 163 -26 -671 319 52 323 -769 994 -118 -814 61 413 -185 246 -338 -99 -637 272 -802 -826 -917 851 479 165 628 700 802 -353 -158 265 -898 673 -203 869 -141 122 244 -930 -156 -219 -790 366 393 -714 -577 -31 -781 911 -571 323 -782 244 -463 -281 -586 -942 46 
942 -979 441 721 -534 901 652 942 913 -285 -244 217 -563 752 -7 833 -930 543 109 805 -46 -320 377 -821 -441 362 45 964 -644 932 -835 -707 -497 250 -870 -963 415 30 349 -970 -725 -30 -174 245 564 842 -354 976 -80 -689 -957 -283 272 450 787 -398 -84 -934 -546 609 71 286 872 510 0 706 499 853 -656 -421 -474 -843 -709 -918 758 830 463 -501 331 -67 -585 -945 958 981 1 290 -495 272 980 -896 -277 -989 115 -767 -658 -911 147 -400 -88 -441 
-318 150 -777 707 689 55 -482 -120 -151 218 -510 -59 253 -130 685 381 653 -519 958 177 -781 83 -530 -263 -515 316 835 -48 -673 -318 -248 -487 617 -373 76 551 182 -71 -928 -538 -759 -554 607 -166 40 545 715 385 -100 498 816 732 913 271 75 -790 531 -360 -427 -128 110 395 179 -225 -435 723 -827 -333 524 -272 878 -884 557 546 -43 -287 948 -156 -589 -730 -194 388 -748 743 506 66 -109 -475 31 637 -3 -81 503 -226 232 159 508 -749 -988 -540 
-696 443 -453 844 314 848 -542 -866 246 -814 -158 -763 -530 45 -939 -498 -734 -799 314 -127 -634 -888 817 -720 -151 -43 105 862 71 241 -907 771 858 692 -787 284 802 -67 -835 954 -582 -532 912 332 582 -493 186 535 -233 -869 -799 224 -959 -352 -615 -826 421 -582 95 -244 279 -677 -704 -464 -68 -824 -708 -873 849 311 -407 323 -412 356 945 379 -366 -639 146 -152 -720 501 429 93 924 -566 -990 576 322 214 -721 -404 -406 733 -394 270 -70 370 -136 -583 
167 185 -72 -7 630 722 -40 -530 -53 -831 217 739 316 -862 -104 -372 -252 -622 904 150 -948 -845 224 -811 418 -467 -479 -230 -548 763 451 -464 691 214 412 -445 698 -776 -198 933 -206 258 -7 794 -105 365 953 148 -546 -909 411 730 811 -905 -134 286 205 -815 609 -444 -493 -420 873 -251 366 242 -511 -933 393 127 -59 754 141 -125 -201 368 79 88 -615 -791 514 -455 270 -735 951 611 524 381 -345 763 -437 -67 -475 409 773 377 188 -573 132 161 
203 607 -285 651 76 199 41 135 702 201 917 318 767 -97 -968 19 243 -18 -411 536 -223 734 -729 -962 896 -800 46 433 879 384 -620 472 743 721 -13 222 -391 -729 -285 915 -432 950 -933 -87 -921 576 553 -717 930 -278 -989 -872 -741 860 106 732 -121 -822 -912 808 -221 -958 -343 -486 -111 -236 694 177 345 617 -44 809 264 516 486 114 995 119 348 211 -974 924 549 -943 -708 234 647 -298 -444 677 -314 -459 -755 557 -511 568 562 204 -269 105 
330 -84 -56 -766 -207 461 -118 -83 -677 23 918 -825 819 -147 -184 574 -551 -206 -409 -758 82 -688 -572 -708 -51 236 -156 -582 -355 -502 -393 577 -811 804 -461 -573 223 813 -815 -125 657 175 253 -527 684 -989 -853 468 -241 755 -460 796 -334 -870 -91 -23 -990 13 -435 190 -709 -413 -311 547 -405 -989 34 -210 667 -460 389 655 631 69 -992 402 310 -593 810 -447 -257 -869 637 -339 -389 -40 -503 -707 -552 -872 -618 744 -266 795 39 -969 993 -93 -258 -232 
-90 -337 942 -580 36 976 572 -794 -229 -581 -907 -27 971 602 550 891 -625 801 504 -50 780 -627 -543 -593 402 614 -292 -888 581 108 -193 -525 -997 421 -351 111 866 51 -598 -840 130 -390 577 309 -819 -120 942 720 -676 711 669 -417 712 491 395 751 -486 631 -837 -150 -627 -745 -358 -382 550 32 -366 -942 803 698 819 -887 516 512 859 -196 45 -109 -114 -878 585 718 -732 518 844 -358 -499 50 -455 -210 -985 -467 88 458 869 813 -768 291 -152 156 
247 942 735 531 -230 553 -82 110 -25 -937 565 -345 629 815 -319 -992 564 689 -74 273 506 348 746 -3 -633 461 554 -550 -400 -714 -602 -779 877 -197 369 -915 394 -756 -937 -738 960 -39 -926 853 -781 22 634 -780 232 860 -167 -329 -975 867 673 762 -509 -933 874 442 549 700 -766 -659 -831 327 469 -338 17 72 -969 933 -572 -151 -908 901 -924 -824 -674 -372 158 181 -405 615 969 -926 -994 839 -319 -122 323 950 282 -568 189 808 123 -115 -561 -510 
