319 -638 -859 -788 -59 255 686 -334 -650 -823 -576 379 -565 82 965 441 750 607 839 745 321 190 -396 -127 -38 774 809 762 67 -120 169 679 880 -233 495 -562 -950 687 -619 187 335 -632 957 -232 -781 -755 560 -811 -281 448 666 -246 -850 -814 -478 707 759 -757 -333 -125 -499 843 145 -128 -425 480 -137 718 775 -923 812 -118 -851 394 -902 701 -545 -893 -440 -757 534 453 -163 -737 17 -298 -688 -787 -770 -526 577 744 70 465 -306 38 950 -257 -746 -435 
-192 361 -640 -4 -381 -373 84 -319 -952 256 307 378 153 -232 -432 960 971 -209 964 -290 850 -135 622 858 -758 994 -510 834 520 540 -880 -481 815 -485 936 297 -439 621 -910 -843 -854 -594 453 784 399 13 -320 -620 245 -916 315 -532 -1000 -769 -126 -588 -24 -148 -322 -521 -632 -216 529 28 -697 -581 -517 101 663 -106 973 -496 631 -426 -981 -695 693 847 -623 860 -779 -653 383 -161 -7 -608 -762 -325 -154 -817 175 -922 384 -714 -10 -6 413 505 -664 -88 
-833 356 418 328 629 440 -932 -528 -864 -794 540 -578 703 -248 159 491 866 -46 -996 -767 -83 -70 225 -501 245 -594 515 -315 -261 469 -871 570 -89 63 -343 124 -798 -541 472 708 -487 878 -777 -793 -292 0 338 183 940 -326 195 117 838 -331 -859 -898 -370 -792 -160 -448 212 978 -214 -422 -19 -284 249 -375 986 -784 694 291 -918 -376 -152 61 2 727 356 -67 -576 -943 -468 435 -391 -677 716 374 154 -56 568 -264 370 900 -702 -403 103 853 -787 287 
-891 32 227 -101 -678 -687 426 -992 -923 -159 -765 -542 632 648 664 -29 897 -467 895 832 -113 -334 -29 844 611 382 575 131 212 -562 -946 1000 -278 -501 997 -428 648 147 -155 -706 935 876 830 625 144 477 -530 -816 -902 -734 -905 262 -777 326 305 -121 233 -64 935 -910 -608 250 215 68 -786 -35 11 -286 -688 131 -459 712 -539 -470 415 127 -402 -228 127 -228 -849 -548 330 -144 -627 -795 969 -260 -790 -811 343 548 342 792 253 233 957 336 -700 -661 
949 987 -687 76 -119 -364 -316 656 431 596 -543 630 79 -638 467 29 -975 737 590 602 195 697 -167 -392 -575 573 351 776 -581 -947 517 -888 654 986 -470 -998 -30 831 -991 -445 -953 -510 581 97 -279 305 -580 718 -191 -718 548 461 -643 -942 -121 889 492 -165 838 312 730 -152 -93 -37 274 981 676 783 957 174 -27 -999 -351 472 685 -366 729 -786 332 517 868 -439 -594 509 -671 -104 -796 934 -359 364 -336 -147 -260 35 441 -946 -372 -201 115 -277 
-444 -957 916 688 982 322 -119 -573 -43 -254 -335 -151 -695 686 -161 720 99 910 757 232 -635 -587 856 -711 856 -935 -550 930 -730 -210 -221 106 -477 -38 -391 797 87 277 -383 -311 8 494 384 -534 -551 397 496 481 -814 272 499 559 485 -369 722 -528 794 -603 86 636 523 328 213 527 -964 -70 -74 -116 -959 104 68 127 -574 -736 -669 349 -10 -770 725 -298 324 -773 351 -285 628 132 -43 31 -81 896 140 215 563 686 -776 442 -929 491 334 739 
-611 865 264 288 -189 -515 -274 -973 -83 -107 138 690 -35 -887 -107 846 -556 105 -161 867 763 413 -339 619 594 257 738 853 799 -61 200 -180 162 -787 679 -6 467 402 -295 -119 -429 977 -323 -314 -763 489 326 -800 610 -112 -163 -861 375 338 978 449 958 284 787 -866 -225 -961 629 584 137 -463 -913 -553 235 -664 -853 -44 -175 -550 -327 -676 -356 -118 -287 150 -318 -335 -161 241 -793 874 -78 -472 512 769 421 563 -343 782 -495 412 457 -872 267 -88 
-778 479 -754 -923 -681 -936 -696 106 -389 -53 -142 -26 555 337 327 -258 -443 268 381 -86 282 -846 -700 319 -77 855 899 -269 -615 140 -638 -859 -788 255 -334 -823 379 82 750 839 321 -396 -38 617 -197 -464 -287 298 693 -649 -306 359 495 -950 687 187 274 -815 475 172 475 170 -182 -281 -756 -716 -667 -814 707 652 463 -125 843 145 -128 -425 480 -137 718 775 -923 812 -118 -851 394 -902 701 -545 -893 -757 534 -276 358 17 -298 -688 -787 -770 -526 577 
744 70 465 -306 38 950 -257 -746 -435 -192 -640 -381 -373 84 -319 256 307 378 153 -232 -432 960 971 -209 964 -290 850 -135 622 858 -758 994 -510 520 -687 -250 -106 -448 434 -312 -527 948 -335 -941 -21 997 453 -56 140 708 -620 245 -934 475 285 -249 -967 -588 -24 -148 -322 -521 -216 529 28 -697 -581 823 530 -973 -169 538 631 -481 -695 847 -623 860 -779 -653 383 -161 -7 -608 -762 -325 -154 175 561 -99 -959 -6 505 -664 -88 -833 -36 356 418 328 
629 440 -932 -528 -864 540 703 -248 159 491 866 -46 -996 -767 -83 -70 283 574 -426 168 22 -501 987 962 570 -815 -84 656 -467 -330 -920 672 187 -25 -343 -355 -690 87 979 354 -546 265 -639 416 838 -126 213 329 -3 -417 595 212 55 570 -413 -284 -633 -45 37 694 291 -918 84 -376 680 -152 -263 727 -67 -576 -943 435 830 -626 538 -886 995 -33 -862 370 -571 225 103 -787 287 -891 227 -381 291 426 -923 -159 -72 -765 -112 -542 -732 632 719 648 
664 -29 897 -467 895 -113 -828 844 611 382 575 131 212 -562 -946 1000 -278 -501 997 -428 648 147 -155 -792 -706 -194 -658 -763 625 -79 349 710 587 -682 -905 -777 305 233 -596 -910 250 215 68 -786 -35 -286 -688 131 -459 844 -13 415 127 -402 -228 735 -849 255 -548 127 -228 -849 -548 -269 -389 177 576 -795 128 969 -260 -811 884 852 -493 253 -45 336 784 613 987 -707 -821 993 -462 -872 431 -543 630 79 -638 526 -678 737 -87 333 697 523 -736 758 
-347 776 -947 517 -888 654 986 -998 831 -991 -445 -953 581 97 -279 305 -580 -924 -577 -651 213 -580 502 -797 -272 492 838 730 -740 -37 981 676 471 174 -543 323 472 574 -757 -786 517 -940 205 -337 637 412 225 934 530 -33 -295 -956 -480 -399 -946 908 115 -444 -957 916 982 -119 -573 -43 -254 -335 -151 -695 686 -161 720 99 910 757 -635 -587 856 -711 824 -964 53 -555 699 288 653 -239 -76 -449 620 797 277 -737 8 -352 -417 -551 397 496 674 -498 
463 -814 -920 499 559 485 -805 580 640 -528 794 -603 86 636 523 328 213 527 -964 -70 -74 -116 -959 104 68 127 -540 218 -36 -10 -786 -438 -323 -447 -304 203 162 402 -339 -250 -883 637 502 -82 347 290 -948 465 224 -39 745 -259 722 865 264 288 -189 -515 -973 -107 -486 -17 -302 164 437 787 467 -295 890 867 413 -339 -899 948 -55 -841 799 -61 200 -631 -180 -411 -787 679 -690 767 467 402 -295 -119 -429 977 -323 -314 -763 489 326 -800 610 -112 
-163 -861 375 338 978 449 958 284 787 -866 -225 -961 629 584 137 -463 -913 -553 235 -853 -44 -175 -550 -327 -676 -356 -118 -287 150 -318 -335 241 874 -78 -472 512 769 421 563 256 -896 -143 284 -872 267 -88 -778 -754 -923 -681 -936 -696 106 -389 -53 -26 555 337 327 -258 -443 385 381 -86 282 -846 -700 319 -77 855 899 -269 140 164 -946 464 -116 -249 504 -311 219 835 -240 -607 -766 -265 736 -437 -59 144 783 674 -410 -207 -330 494 554 -414 -879 -751 
421 432 -128 -609 491 -34 694 -385 -261 -395 611 433 -755 817 -473 480 198 -538 -535 49 10 -571 317 337 -212 -369 272 104 317 -279 -138 -383 -3 -830 886 -499 -238 -353 -463 -43 -603 734 826 809 163 747 -214 -682 -511 -717 399 -20 727 -856 -313 -312 734 232 991 578 -912 -136 -592 -717 363 305 195 173 529 505 -679 897 246 -992 -463 714 -629 927 278 158 -859 -763 -257 -572 -680 419 53 578 636 -318 -542 -319 -729 691 -102 -68 -1 -690 128 -417 
-176 -667 634 945 14 152 348 -27 692 374 696 360 -507 204 311 4 -451 -503 -251 574 -21 274 15 246 449 13 888 -290 -58 27 676 194 -294 154 476 -329 544 -843 621 -766 -496 126 367 324 -235 161 822 -419 821 493 597 506 701 -354 -14 33 146 710 -373 883 -676 414 -407 -913 470 -799 -290 8 -542 -433 280 617 -128 -303 -794 947 -917 420 703 529 -683 958 897 574 -839 701 -572 -378 239 654 -825 639 -619 430 529 359 -673 779 280 817 
-181 946 -265 -892 91 55 -790 -556 440 355 -848 764 435 974 286 -788 598 598 339 -6 666 -576 -705 440 -387 -411 486 -975 -310 547 450 -609 440 -251 126 937 335 873 337 -187 -493 -396 996 813 774 839 -812 -581 414 -755 597 705 94 966 -149 -460 -95 993 -273 452 -703 -778 -655 -671 366 594 328 333 612 985 -409 -90 594 -950 -171 435 -283 527 -488 -75 -275 0 631 -170 213 230 880 391 -799 321 739 -76 -691 -892 943 -793 -820 465 -708 -712 
-929 -297 -503 -344 695 551 61 264 -579 381 766 89 802 3 -617 -923 -247 -750 411 231 -735 858 334 496 -483 858 334 496 -483 -607 757 443 674 -982 -44 417 -40 752 -618 -959 -496 -682 -953 437 771 -599 336 993 955 -70 -491 998 -946 -683 -143 -755 -132 765 -57 445 -716 116 812 258 -544 264 395 -878 650 -580 -699 575 -892 -673 -571 411 397 436 -471 36 215 -443 589 -886 522 525 -108 426 -909 550 -906 -425 309 688 -142 -156 -275 -519 -801 746 
213 500 607 -24 382 -326 871 -218 33 -891 275 555 -537 -168 -386 -874 -444 108 854 122 -434 -918 -189 15 240 732 -353 811 390 898 948 -645 338 904 404 -825 701 -576 154 747 931 998 -470 789 329 -910 32 462 208 476 -296 645 -743 980 930 -955 -509 775 234 256 977 -543 430 -226 263 144 223 -392 53 -599 852 623 869 25 58 663 -633 115 805 -698 -409 -394 763 978 -898 698 113 -263 -467 229 157 874 -300 686 687 467 501 -450 273 -701 
539 -816 599 -342 211 -7 371 135 -916 891 -801 -318 -494 724 -95 -534 -827 -415 -10 -315 970 946 -736 672 -256 521 -24 -556 -257 -161 -510 -739 543 833 180 178 761 -858 -48 859 949 -272 821 -520 190 -656 -742 834 -643 -878 5 -347 190 -376 -434 468 758 687 917 600 399 183 -575 -776 4 -338 -247 471 160 803 -199 961 966 -903 369 -2 -8 -150 1000 149 744 541 -9 919 -629 -529 -556 759 917 -808 -581 -507 149 -992 285 320 944 -695 -338 94 
969 661 413 -430 21 -953 748 -812 584 755 47 -995 430 -893 -996 -655 -532 -600 803 -261 -885 -959 868 -84 808 41 176 -447 -612 -862 -342 385 503 -40 -206 -244 -593 40 -609 904 759 -664 196 -293 -389 488 569 758 -88 -327 -477 709 -289 144 -988 -937 -990 -392 -799 -724 594 -796 386 -585 126 412 -574 -809 -196 -383 -572 -993 -255 -319 733 -393 990 -503 -388 864 106 838 67 -818 280 -874 -201 -269 55 646 -956 44 -424 226 -499 307 525 -362 -423 -69 
117 655 978 505 412 676 -522 556 -322 285 -1 -824 -112 -426 917 549 739 727 -161 -198 -990 -600 -135 998 185 -348 -609 -231 122 678 765 -787 583 205 625 -471 528 954 -193 662 -648 478 403 -552 -53 248 563 -790 72 -758 92 -695 69 852 215 322 -568 330 269 544 492 -975 249 -769 872 -535 747 659 874 -1 -856 -223 238 -15 782 -834 347 369 -5 -2 -158 122 -279 -402 655 -653 -593 -77 980 968 731 850 -921 21 826 634 -684 -646 845 -610 
-345 964 490 3 615 -527 -20 -950 -113 -98 -840 -384 953 -392 -484 247 169 364 -100 -845 460 -725 -455 544 -322 -495 681 -511 375 990 -854 -61 638 -50 -768 388 -624 -783 -29 -168 -633 303 -322 56 961 280 -398 -503 -587 267 -249 788 -818 130 994 731 -510 767 -140 -874 -830 661 -528 941 319 -764 -944 -152 -257 400 -671 830 618 -507 644 244 237 611 123 -736 -140 -723 589 -609 7 -277 905 460 708 319 501 -476 -445 626 -319 872 364 -616 -560 554 
-912 -951 829 487 443 627 -617 634 872 401 663 990 777 -102 -785 -353 717 -567 101 841 -373 -717 213 236 866 -268 362 -424 588 251 207 -968 386 -182 762 -998 766 -427 153 46 94 -472 -147 91 965 600 1000 654 684 -599 -914 -546 641 231 -267 271 425 -939 370 -693 -842 -6 -732 -638 991 763 -398 -220 530 344 191 647 -418 -180 -955 -586 982 327 -254 887 67 -617 -729 -882 737 -805 169 -332 -896 681 398 613 -279 -348 -478 -916 -760 -950 -615 -933 
-783 8 -216 -938 -460 -691 470 -186 -374 310 728 -654 739 292 -579 837 -119 703 -264 -877 -500 -321 -971 -154 419 135 415 982 344 -791 800 -528 746 530 525 592 782 -168 786 -791 457 890 789 -674 -809 803 -255 413 -537 -256 106 -541 -397 795 959 -935 -858 571 252 76 461 202 -934 -462 892 798 674 -463 144 954 -416 -39 -557 -81 349 -986 -573 -961 790 357 188 -213 992 -674 -835 509 990 688 -999 -471 -364 -435 546 -716 282 -869 -881 -341 107 10 
-778 674 -321 954 -268 276 846 242 218 676 245 -817 -908 -208 -273 711 -720 -219 -407 348 347 846 -902 371 631 506 769 -459 -616 180 841 754 -905 424 629 -195 -704 -16 -511 566 674 606 -440 -51 -56 -505 173 -691 -886 229 314 -654 -793 308 -64 -767 92 -936 -793 -788 811 -947 361 316 -136 533 491 995 -213 -35 804 652 -423 -826 -445 -118 309 908 -624 -131 874 -962 -858 -777 910 -786 -88 521 -843 -869 511 -778 165 -682 -975 591 -651 -364 -497 -168 
-49 20 -204 -613 -310 573 770 -903 785 805 350 300 -477 -465 696 623 931 905 509 54 -737 409 591 -978 -522 -63 -201 836 438 -971 419 -485 646 -227 677 -335 183 255 -352 -814 -266 242 956 -883 -673 -755 -937 330 -839 -971 609 -391 9 313 210 -626 722 -280 993 -161 248 -854 955 792 505 110 709 709 698 -97 375 603 -897 -751 -264 -414 -622 -859 -746 741 -642 -175 -782 -266 -337 980 -784 88 -880 -614 -586 -383 -124 325 860 -849 980 -928 498 237 
899 -940 794 189 -589 999 999 316 -827 658 -95 -689 -755 -609 614 -327 359 295 -1000 330 134 670 579 397 -776 396 -940 450 199 953 988 910 -905 353 811 933 635 209 843 -392 -265 590 -115 659 391 255 -724 604 -923 -119 -894 341 -241 10 -601 -441 78 390 77 -928 -413 -761 804 995 -581 897 825 970 -441 -558 -330 510 -235 724 97 -257 189 -933 212 83 102 -270 -25 939 455 837 512 -616 -348 526 522 -392 -282 -908 -137 -663 -796 -518 99 287 
-746 -310 86 -509 -438 -366 611 -864 956 -29 851 -375 -814 -605 -369 -965 -657 -426 -537 -557 -505 -175 -122 971 875 706 322 585 -181 -817 -745 -364 -3 74 -914 378 739 628 161 -71 -921 -571 461 979 -46 817 51 913 -319 -332 -967 726 -37 976 21 -140 -235 187 681 846 413 866 -248 -842 -121 862 333 294 530 11 750 -489 -916 -453 579 311 629 -160 816 -300 -814 811 -741 -378 -725 321 -828 903 443 -916 -282 -640 -440 -247 259 -634 -868 388 447 146 
-625 336 687 427 -177 860 125 -582 868 534 316 71 -975 -406 -349 -920 -119 -585 91 135 -173 384 -186 -319 636 554 -436 158 26 -204 -270 71 -560 623 -697 685 486 735 -888 621 -350 559 -847 244 772 -106 298 -804 541 2 -31 61 882 -757 610 -98 -127 -335 450 901 826 -264 -97 802 677 -667 851 485 -86 503 -392 163 -508 -435 983 256 -516 -896 -841 838 478 216 705 893 -79 29 -702 -553 178 264 -455 613 115 -266 -356 157 192 552 257 -376 
571 201 875 -245 -340 -709 -102 569 269 -220 715 -211 702 -307 447 -104 242 97 93 -90 -773 -753 788 247 371 -187 -977 914 866 972 107 713 -497 -694 23 902 59 361 858 361 -247 -917 606 249 -960 132 -943 -79 843 609 -43 -711 -905 -548 253 -81 -239 14 15 910 139 675 910 396 -568 -408 841 159 -819 -928 447 -881 729 -392 519 94 350 630 938 -491 -861 26 511 -956 -5 -959 530 513 -872 -100 -210 943 613 -62 539 537 640 36 455 -796 
-57 -592 148 -763 90 -570 -706 -77 264 -821 364 -621 -385 -901 -111 -102 336 954 462 -952 -769 -806 -649 -545 -339 113 -544 438 557 -57 -666 -535 129 996 761 216 299 419 -373 30 -312 -705 172 973 -993 -648 -575 383 329 256 -990 -180 -140 585 -218 -31 -910 -566 -381 -241 -997 321 -601 777 -489 881 -152 476 -116 987 -922 559 379 -305 -222 285 415 909 -644 -517 -414 -823 949 -222 -834 314 301 -858 204 404 933 379 472 410 143 -487 -11 -254 647 -390 
-113 213 -591 -5 320 161 67 838 -410 -378 -434 883 159 -680 11 -799 344 79 -645 -560 -730 569 281 -242 331 789 992 662 -840 458 96 593 970 -130 -28 868 957 551 -58 489 734 691 94 -632 -799 283 -911 525 96 -926 -903 631 506 -743 817 598 273 -764 165 664 -451 487 918 0 43 869 -979 -516 -269 476 -360 644 -788 511 55 -238 -342 388 732 -990 -711 403 -94 394 832 -472 122 351 925 -690 582 432 -125 -184 623 -314 -463 225 -195 933 
-101 -765 664 742 898 234 898 652 138 -456 -615 37 -684 115 -963 38 -406 158 -85 -560 269 295 266 110 224 -662 -847 580 -257 -695 994 -317 -225 -100 17 -828 -389 528 -914 556 671 -292 916 -532 -574 42 123 -550 60 265 432 170 -309 55 690 250 -182 241 -21 -422 395 734 -604 -919 -303 124 -949 521 651 -382 -842 -205 -420 -449 791 431 203 -565 395 -218 569 734 -651 157 -193 -329 699 -342 556 211 607 543 220 976 -825 250 182 235 -437 103 
-690 430 73 -995 -998 774 -576 -72 857 -378 -313 -113 36 462 -626 -643 894 430 -796 -817 553 194 -711 -646 188 538 612 -356 996 -317 252 517 -222 -70 -594 394 -64 -126 -710 -896 529 276 369 -346 -429 916 736 866 -97 -879 -651 654 445 -300 -126 224 -267 454 807 814 -166 484 -946 355 -228 289 65 721 -712 -927 -320 -155 909 14 410 -416 894 -638 683 389 94 715 929 103 -399 -57 559 973 -138 651 520 526 -257 300 -65 -567 -979 573 352 -48 
-111 686 995 797 403 -418 -82 -495 210 666 411 475 616 301 600 -125 -891 588 38 -359 -88 771 -192 733 435 -998 -709 -721 775 948 490 892 -126 354 356 905 218 239 714 576 538 969 -656 205 -1 -839 -12 684 -225 977 103 553 -471 29 265 579 -6 163 282 277 -44 391 954 -851 956 567 -408 709 414 -337 276 -117 -873 673 120 224 -585 -959 193 -797 917 34 751 -970 -690 -273 -368 168 859 -811 -835 861 -958 858 -148 -83 -50 -496 961 -844 
-214 -570 -184 -73 -617 -366 862 748 899 -871 365 111 494 -949 -895 -776 -848 -438 319 -765 -213 660 934 -375 -48 556 1000 192 566 459 776 -436 -525 56 -198 -14 760 -495 786 -386 972 793 979 253 -761 -317 300 -433 -866 -802 -866 -464 -289 -820 -496 394 -561 260 -700 -30 -197 -904 -835 496 -418 775 552 512 -651 571 945 -362 -842 -566 502 -484 -663 943 242 -571 421 -785 494 762 944 75 -257 -790 -3 644 -150 527 729 886 817 -494 -16 -991 600 129 
-113 -528 -600 191 -806 -228 -120 -215 432 -136 -934 919 130 496 173 653 39 278 -907 -615 937 92 460 457 -348 -868 625 162 -459 -550 150 -997 312 -159 779 349 155 -870 116 -421 -510 -779 -65 -661 382 631 -184 -676 -536 -45 417 -85 -610 -747 -389 833 -662 -320 -550 -415 132 -487 -918 714 -616 -694 913 -225 -395 806 -44 -628 -826 9 -147 270 813 -480 -875 -340 243 -74 -522 -601 -397 445 196 22 100 -551 -902 -625 -972 238 370 669 618 -279 -713 -537 
-653 324 676 -757 506 -333 337 770 -641 -925 278 139 922 89 53 -299 -983 -843 -82 -596 106 -877 912 896 -133 611 -84 540 -624 241 -60 466 -526 -626 472 -237 -475 16 -65 788 -4 -260 346 359 -800 562 818 24 -924 72 1 400 -710 -905 377 997 975 -131 107 -725 -346 -127 466 331 -868 602 -458 575 -733 511 -777 681 -514 -77 -218 -258 109 -44 -13 77 -221 573 231 -243 -59 -537 310 -568 -598 -436 -677 792 -982 629 -192 454 348 14 -566 521 
-407 -459 -399 736 -489 -642 -394 350 -351 29 650 193 -785 -174 884 -197 839 516 264 150 974 570 -878 570 -985 -720 835 -854 -1000 -897 557 -484 964 72 964 -400 -381 -540 -802 -362 609 -743 811 -191 -223 732 -274 831 -687 670 245 -294 -349 731 386 894 913 -239 952 292 -982 -498 -517 539 -512 -402 -114 -344 -254 -468 -196 -315 -262 622 -356 875 -780 747 848 -623 632 -99 -251 708 479 359 -770 251 -23 310 814 -67 -722 -320 -118 -922 0 411 -754 -842 
865 736 -408 661 -738 -110 -643 -74 504 342 -19 421 537 -228 -799 643 222 335 458 -491 642 984 -301 -439 973 -225 -697 310 -915 -695 -760 495 771 531 -605 -601 -755 223 -905 -575 698 91 -457 286 -730 -349 380 -254 351 -418 -48 887 -625 707 484 320 -303 612 841 363 -285 -218 -245 -826 -46 -887 751 371 -565 -122 6 871 444 -961 -937 329 207 230 518 -724 265 746 941 635 -398 -518 -615 -416 852 450 31 717 998 985 337 -665 -53 693 564 994 
-52 -76 -528 801 239 -637 273 351 888 780 -673 -985 -434 443 885 -797 -210 -919 728 940 -786 -362 315 6 617 -139 -110 491 -635 174 -783 550 269 -928 688 621 458 -171 592 713 -411 -670 546 291 -373 323 -453 422 -343 823 -733 -804 671 -662 -324 -883 218 -253 230 -864 988 -753 -621 538 -101 -128 497 -170 184 296 896 -843 14 516 97 -1000 -74 -50 67 86 8 855 618 82 -241 804 -158 -255 737 250 -504 -786 734 699 -582 -36 199 -538 -332 -385 
-984 -290 76 818 742 -355 393 985 399 -221 239 -846 418 364 -955 795 -967 -26 -167 -548 234 68 56 -819 720 -407 932 -186 58 -403 -474 -274 -902 -705 699 946 -847 -913 454 -907 -336 -142 -538 738 834 -874 835 -453 -383 915 8 -565 -218 -898 618 853 841 -446 -5 192 10 -836 931 -405 82 -799 -961 -533 286 -369 894 -568 566 -728 -61 -816 -716 -888 -393 884 -424 429 -975 188 313 431 -249 -409 807 293 371 260 -410 113 414 -484 444 -110 31 844 
781 556 -936 284 579 -865 309 27 165 -9 869 -992 -555 -818 -231 506 189 -65 727 916 -819 -888 945 -345 -381 -345 -765 524 -798 -17 496 221 450 -574 98 -216 -647 -282 123 109 -737 -81 679 374 818 -980 -620 -148 711 895 -317 -823 91 264 -696 789 722 -928 209 -576 -132 978 611 -302 -546 -594 873 932 463 247 -212 -698 76 -666 48 200 106 -169 -414 -61 -973 869 832 29 191 -331 -237 471 -904 -44 -190 898 -421 -723 -261 -599 -872 708 -164 -316 
40 -408 206 -236 422 -902 -667 -598 577 876 905 639 -689 12 466 926 -427 -400 -393 257 798 102 633 -706 86 -370 -796 -550 817 107 344 920 -905 384 960 183 -316 47 -661 -362 -539 -130 745 -906 -527 -592 -101 -596 -334 -800 -827 703 -871 -288 -133 492 -242 -678 161 578 -494 -214 -760 826 644 -357 -315 -617 -58 -184 -70 720 -963 -112 273 -922 -85 -106 -11 357 -696 976 837 -521 455 -467 286 945 49 123 975 -823 884 -808 -217 -19 797 -7 32 673 
-46 173 -710 -376 -908 182 508 503 113 -411 234 116 929 -421 -498 300 -995 790 858 26 796 -408 -803 703 -129 788 570 -288 -181 425 -102 507 293 651 -810 676 938 -571 -432 -309 -598 -947 629 465 752 -964 -486 -441 -813 962 396 -602 -264 105 368 -293 956 444 -733 576 269 898 593 101 805 -83 -965 817 715 -361 -281 -179 645 -353 -614 -721 438 -189 588 454 541 610 772 71 -697 662 556 -335 104 605 -373 -245 -191 194 694 463 843 -519 914 -112 
278 563 177 -689 -818 201 -555 535 -946 -297 -964 831 -280 -260 452 -618 -369 -679 -339 709 -980 -440 -875 -218 -250 -975 -492 428 595 -374 165 -43 -7 589 216 373 379 -10 245 -74 355 506 849 -425 168 576 955 -118 -289 -262 -658 273 707 803 664 265 912 -503 -402 -910 -253 22 467 -645 -176 -67 -275 58 473 5 957 -205 458 607 -990 -965 -337 468 -453 -421 978 -413 223 183 -453 766 -281 901 27 123 -28 -913 -820 -355 -785 850 160 -831 -429 -406 
252 -71 706 -442 271 194 18 -46 359 791 -582 42 733 937 -719 -266 -469 -953 -992 821 348 771 711 -776 759 428 603 -205 -879 -250 302 -738 125 6 50 -50 -159 930 -601 -423 -108 31 -671 624 966 632 707 630 721 -402 -178 825 141 -18 206 -513 -825 -876 -283 689 904 -711 -820 -83 584 -932 192 885 -648 233 492 -667 -136 -748 614 -685 -512 -802 656 -382 726 300 678 -334 -893 -790 533 -600 138 34 -202 -185 -16 567 24 -938 622 275 980 -196 
-582 955 -188 -857 649 -490 929 432 326 -406 756 237 404 124 397 -886 -821 705 397 845 669 -992 560 -593 -363 -69 -939 613 963 -151 585 -151 438 -938 -727 -477 -256 252 -586 738 -825 450 299 744 -634 -63 -951 -894 539 722 690 -410 609 896 318 -551 81 -81 875 -858 -601 156 217 -271 875 987 436 -737 465 607 -863 564 -520 65 -135 -884 -223 -289 609 11 -314 159 -353 902 -960 47 286 27 -386 -831 -609 -901 67 -121 391 -104 351 -662 -545 -693 
941 326 -976 388 156 714 275 -753 683 -63 254 206 -309 18 -744 59 609 99 -604 874 -155 -766 -231 432 -690 -355 -250 -106 -1 -522 753 -469 -202 756 465 455 88 430 -645 -171 -735 -615 -695 -487 985 -143 867 -628 927 113 820 -207 -529 530 -786 657 95 -582 670 363 -244 639 398 -627 -789 -439 -495 -624 -265 181 -543 -894 -899 515 -926 -115 136 -166 41 -95 831 13 377 65 620 930 727 -552 263 -41 -341 -278 -335 746 112 771 796 454 -9 94 
-923 -111 -319 745 321 190 -396 -127 617 -197 -464 -287 298 693 -649 -306 359 495 -562 855 -619 187 274 -815 475 172 475 170 -182 -281 -756 -716 -667 -814 -478 707 652 463 -125 -499 -939 230 213 398 18 921 293 -100 935 -230 -619 754 -437 717 336 109 -440 -757 534 -276 358 -737 -648 67 -429 -311 653 346 68 180 726 -900 91 -112 -616 771 -647 -28 361 -640 -4 -923 220 -211 -952 152 306 429 934 379 -100 769 -984 -87 -116 -248 -246 -306 -309 887 
-286 801 834 520 -687 -250 -106 -448 434 -312 -527 948 -335 -941 -21 997 453 784 -56 140 708 -620 933 -916 -934 475 285 -249 -967 -588 -274 -5 -950 47 -632 22 845 -552 742 -517 823 530 -973 -169 538 631 -481 -695 693 -502 520 252 -417 908 -725 -725 213 9 -557 769 -817 175 561 -99 -959 -6 413 167 -19 -777 -36 -141 488 981 283 -720 -631 684 -794 540 -578 809 -11 -421 40 -620 -353 260 -926 -630 225 283 574 -426 168 22 -501 987 962 570 
-815 -84 656 -467 -330 -920 672 187 -25 -343 -355 -690 87 979 354 -546 265 -639 416 838 -126 213 329 -3 -417 595 212 55 570 -413 -284 -633 -45 37 694 291 680 61 -263 727 356 -570 223 435 830 -626 538 -886 995 -33 -862 370 -571 225 103 853 718 -510 32 227 -381 291 426 -992 -923 -72 -112 -732 719 -705 263 313 150 681 832 -113 -828 -65 964 579 -206 -182 961 -10 -493 -693 -734 -751 135 -595 632 -704 -792 -194 -658 -763 625 -79 349 710 
587 -682 -734 262 -777 326 305 -121 233 -596 -910 -608 941 513 -904 201 11 -286 -999 540 831 712 844 -13 415 -402 735 255 -269 -389 177 576 128 -914 -790 -811 884 852 -493 253 -45 336 784 613 987 -707 -821 993 -462 -872 431 596 -226 349 -209 526 -678 737 -87 333 697 -167 523 -736 758 -347 776 -581 177 513 218 1000 -470 -998 -30 -274 720 -289 -510 78 -547 -832 -600 -924 -577 -651 213 -580 502 -797 -272 492 -165 838 312 730 -740 -37 274 1000 
783 471 174 -543 323 472 574 -757 -786 332 517 -940 205 -337 637 412 225 934 530 -33 -295 -956 -480 -399 -946 -372 908 115 -277 931 189 688 982 322 -48 -116 161 990 367 192 252 157 530 416 -457 192 232 709 115 -980 824 -964 224 53 -555 699 288 -210 653 -239 -76 -449 620 -737 -352 -417 -265 -683 -127 674 -498 106 463 -936 -814 272 -920 -279 -811 -113 -193 -805 580 640 82 -593 315 152 -390 286 -480 -190 451 750 577 -713 -635 -692 355 -173 
853 127 -540 218 -36 -10 -786 -438 -323 -447 -304 203 162 402 -339 -250 -883 637 502 -82 347 290 -948 465 224 -39 745 -259 722 -611 -553 400 827 -204 -274 -83 14 -486 -17 -302 164 437 787 467 -295 890 687 -899 948 -55 -841 813 100 45 -631 478 -869 -411 162 -787 -469 295 -690 767 965 546 307 563 -810 -429 412 -882 -530 880 -911 800 -818 -677 -451 141 595 -630 -919 536 -620 -215 -574 235 -495 -585 860 -320 867 421 -844 -965 -474 -664 -915 413 
-276 -906 864 -440 -651 982 -880 70 259 -161 -793 838 -197 787 182 -851 -818 563 -896 -143 284 457 -886 -160 517 479 277 648 215 -411 -720 -458 -709 -142 143 -664 387 -693 742 385 -991 12 -428 -577 -365 713 99 -914 -694 609 319 -59 686 -650 -576 -565 -923 965 441 -111 607 -319 745 321 -127 -38 617 774 809 762 67 -120 169 679 880 -233 -562 855 -619 335 -632 957 -232 -781 -755 560 -811 448 666 -246 -850 -478 759 -757 -333 -499 -939 230 213 398 
18 921 293 -100 935 -230 -619 754 -437 717 336 109 -440 263 453 -163 -737 -648 67 -429 -311 653 346 68 180 726 -900 91 -112 -616 771 -647 -28 361 -4 -923 220 -211 -952 152 306 429 934 379 -100 769 -984 -87 -116 -248 -246 -306 -309 887 -286 801 834 540 -880 -481 815 -485 936 297 -439 621 -910 -843 -854 -594 784 399 13 -320 933 -916 315 -532 -1000 -769 -126 -274 -5 -950 47 -632 22 845 -552 742 -517 101 663 -106 973 -496 -426 -981 693 -502 
520 252 -417 908 -725 -725 213 9 -557 769 -817 -922 384 -714 -10 413 167 -19 -777 -36 -141 488 981 283 -720 -631 684 -794 -578 809 -11 -421 40 -620 -353 260 -926 -630 225 -501 245 -594 515 -315 -261 469 -871 -89 63 -343 124 -798 -541 472 708 -487 878 -777 -793 -292 0 338 183 940 -326 195 117 -331 -859 -898 -370 -792 -160 -448 978 -214 -422 -19 249 -375 986 -784 291 -918 84 -376 680 61 2 356 -570 223 -468 -391 -677 716 374 154 -56 568 
-264 900 -702 -403 853 718 -510 32 -101 -678 -687 -992 -923 -72 -765 -112 -542 -732 632 719 -705 263 313 150 681 832 -334 -29 -65 964 579 -206 -182 961 -10 -493 -693 -734 -751 135 -595 632 -704 -155 -792 -706 935 876 830 144 477 -530 -816 -902 -734 262 326 -121 -64 935 -608 941 513 -904 201 11 -999 540 831 712 -539 -470 415 -402 735 255 330 -144 -627 -795 128 -914 -790 343 548 342 792 233 957 -700 -661 949 -687 76 -119 -364 -316 656 596 -226 
349 -209 467 29 -975 590 602 195 -167 -392 -575 573 351 -581 177 513 218 1000 -470 -30 -274 720 -289 -510 78 -547 -832 -600 718 -191 -718 548 461 -643 -942 -121 889 -165 312 -152 -93 274 1000 783 957 -27 -999 -351 685 -366 729 332 868 -439 -594 509 -671 -104 -796 -359 364 -336 -147 -260 35 441 -372 -201 -277 931 189 688 322 -48 -116 161 990 367 192 252 157 530 416 -457 192 232 709 115 -980 856 -935 224 -550 930 -730 -210 -221 106 -477 -38 
-391 87 -383 -311 494 384 -534 -265 -683 -127 481 106 -936 272 -279 -811 -113 -193 -369 722 82 -593 315 152 -390 286 -480 -190 451 750 577 -713 -635 -692 355 -173 853 -574 -736 -669 349 -770 725 -298 324 -773 351 -285 628 132 -43 31 -81 896 140 215 563 686 -776 442 -929 491 334 739 -611 -553 400 827 -204 -274 -83 14 138 690 -35 -887 -107 846 -556 105 -161 763 687 619 594 257 738 853 813 100 45 478 -869 162 -469 295 -6 965 546 307 
563 -810 325 412 -882 -530 880 -911 800 -818 -677 -451 141 595 -630 -919 536 -620 -215 -574 235 -495 -585 860 -320 867 421 -844 -965 -474 -664 -915 413 -276 -906 864 -440 -651 982 -880 70 259 -161 -793 838 -197 787 182 -851 -818 -343 782 -495 412 457 -886 -160 517 479 277 648 215 -411 -720 -458 -709 -142 143 -664 387 -693 742 268 -991 12 -428 -577 -365 713 99 -914 -694 609 -615 104 219 26 -394 468 988 736 -437 261 25 860 -284 688 -271 -581 422 
-675 -375 -979 723 405 -96 -473 74 566 -145 490 -376 264 601 55 540 -708 -868 957 -890 -964 191 -716 -319 -953 114 403 -953 181 -992 -268 670 960 -725 613 -793 211 535 -471 -937 897 548 -277 -515 -332 -938 586 134 382 278 502 968 -727 -58 -753 -364 -308 956 -312 734 -459 -663 405 -717 -910 -956 204 -89 108 -739 -336 -198 -763 67 -680 529 -353 -991 476 -653 196 -49 -290 -667 -747 -521 14 152 -365 -955 219 -190 -159 -452 169 -996 182 -815 958 -512 
431 332 532 710 -325 -328 -538 954 -982 137 -868 857 -871 -530 466 563 173 345 154 -194 -877 -105 -673 215 -75 107 172 21 -344 258 833 961 -78 -598 730 751 -909 -33 -686 830 -149 397 497 414 226 -638 -18 230 -388 -188 306 355 278 463 796 -934 -444 896 163 -289 -545 -670 -581 308 236 -402 -839 380 -450 -765 -213 654 -903 48 -60 -94 229 -539 770 912 -480 -465 -909 556 -265 -240 969 -237 337 353 793 218 552 488 -797 659 -372 724 194 505 
-284 370 9 755 -449 932 730 -944 797 -785 -881 -378 742 345 -251 126 682 345 413 -145 -700 -65 -383 801 -551 508 863 -118 -302 -165 520 878 164 -901 719 -578 359 115 -85 462 -703 -778 604 -244 900 275 -46 88 445 -412 -442 -90 18 703 435 -488 -75 -275 0 631 -781 134 -160 880 321 739 -225 659 -52 -349 -328 -871 -708 -929 525 282 -719 -676 685 -591 -579 766 89 -194 -822 -960 -437 -700 309 321 -306 -735 334 -483 -607 -566 39 -521 259 196 
218 34 -811 69 382 -184 -682 -953 437 771 -599 336 396 527 516 -168 -361 -856 -741 797 -195 -857 -381 502 692 -205 5 -291 438 163 -404 324 822 579 555 -985 -833 502 -240 -68 259 730 -247 -897 552 -649 -973 89 -884 165 -985 592 642 993 726 -683 860 2 -950 875 993 -415 -18 369 -820 -423 870 455 112 670 -326 -623 -75 -17 61 208 216 179 961 -208 794 -192 971 216 -8 -542 -918 15 240 732 528 -672 725 878 40 949 217 -224 -715 944 
377 791 -408 -863 36 562 -994 -955 -979 -9 -764 299 389 435 977 436 -935 332 803 -393 -827 -998 861 577 417 664 777 339 159 384 247 443 494 947 -522 869 25 58 -750 488 -651 -54 -515 -527 533 -291 -796 -219 -584 -249 603 501 -660 581 -446 924 934 1 -921 -260 72 692 952 949 206 347 -486 539 -147 32 544 201 507 -690 -35 14 798 -795 -106 246 -422 -328 408 324 324 684 362 857 30 353 262 182 100 -228 269 809 650 995 330 473 
-376 -682 615 537 845 -644 -521 -148 20 -347 -68 32 595 28 -256 226 -408 731 -6 947 92 613 933 -317 -602 -310 -254 260 -769 414 955 36 549 46 -290 -895 -873 -594 -332 -715 -657 -557 -276 744 -125 -455 95 265 -123 -98 443 475 314 379 512 774 917 -299 -583 -276 -586 813 124 -902 -548 404 754 719 748 693 -754 839 -216 -745 -753 590 -655 605 -839 -813 472 -255 -239 868 -662 43 863 -833 660 -979 755 356 -40 -206 -244 -593 40 -609 -755 -222 
15 499 -389 569 -88 -327 879 341 10 665 -953 -305 -403 -702 -326 970 -215 -399 391 -22 958 887 452 -575 370 -537 978 458 849 -668 219 914 853 -912 266 -399 -265 13 -461 -782 984 561 877 -825 -260 952 187 -363 -571 285 -590 -833 -218 -762 477 45 -513 -245 499 -717 612 -126 303 133 216 157 -730 880 681 562 -576 610 -240 175 -521 209 -758 -884 -795 -130 820 -421 705 -481 162 -578 -717 954 -193 -903 525 -490 -899 920 -948 552 -77 435 373 -826 
-883 88 841 -13 72 -875 -289 354 936 -336 439 151 -799 -683 -769 716 829 -728 832 92 71 -964 -155 433 521 -201 -51 -252 685 -19 349 25 134 -802 803 796 636 686 391 687 737 571 -268 -596 502 -3 968 941 853 -736 -784 -920 -451 120 -164 542 -892 536 168 -295 -393 -402 -123 537 -946 3 -798 900 816 702 -534 238 -568 650 -299 8 678 174 999 -273 -143 148 492 204 -378 167 894 -783 -527 -633 303 -900 -890 -908 -875 791 -569 -526 -519 -830 
788 456 314 -223 -591 -319 691 717 -76 128 -761 513 -31 -722 -870 -544 -484 -391 -435 84 160 -950 -203 190 658 615 758 975 -645 87 635 -736 121 -970 474 -735 -50 -472 -778 -471 -683 61 -343 -44 991 705 -616 -104 724 894 243 -340 -593 -114 -701 -652 -92 757 408 -185 926 -431 -709 -781 -327 183 -906 -150 211 999 489 527 -72 -535 -82 -993 88 -351 602 -893 684 199 -625 -998 521 -99 -670 -401 435 43 840 965 576 119 -207 -432 -45 -677 579 231 
356 -62 406 -801 787 958 -674 -732 834 -18 -72 911 460 -939 -328 -936 57 998 190 -100 -734 -224 748 -219 751 -617 -729 -845 236 -653 -785 -213 -746 -503 -581 101 67 -423 372 862 -542 -596 65 88 122 716 -529 802 -948 -580 899 -569 242 728 -654 -753 -72 987 -499 336 18 -405 6 -817 -809 637 896 -496 414 -304 439 315 -57 -443 -878 -781 -888 671 -350 -111 901 -216 -9 245 -277 -541 789 -674 803 163 -706 -806 380 897 -248 538 764 459 420 -166 
-976 930 190 -296 300 -422 667 -409 -98 -742 -442 -784 -493 888 -523 671 -863 967 462 109 -39 911 -381 -229 -422 568 738 534 -716 -635 -644 -288 664 -556 -62 -921 79 -100 -892 -362 307 532 860 727 440 -303 279 150 893 262 188 -688 905 -110 -500 -208 -273 711 -720 -219 1000 -321 805 164 -113 174 315 932 996 628 -153 -850 -850 -866 824 -792 659 -316 271 468 -688 -841 -845 -81 -884 -62 -606 -584 -184 173 733 953 587 -530 -525 410 -923 -570 244 -767 
336 -267 266 -647 -488 -533 150 670 759 -640 536 -311 623 -246 124 -422 -815 -633 -999 7 925 994 -491 -593 131 237 -317 481 726 -967 561 417 212 -300 -31 487 124 -123 980 -164 -421 601 22 -49 732 66 345 300 -189 678 437 846 553 -801 -58 -699 414 357 816 830 1 -984 368 781 22 156 -274 62 -981 293 -661 -695 252 -765 -944 -737 -242 397 -491 941 682 -124 639 140 483 -984 -747 481 546 -937 -839 345 -656 -544 357 -467 -388 -418 -328 -865 
886 248 -373 34 231 906 281 -821 63 698 375 603 -897 -751 -264 412 762 706 265 -642 -175 -266 -337 980 -784 -666 -313 894 790 -124 600 551 -967 -464 -261 237 -940 794 -378 -200 -995 -136 128 -384 -689 -755 -609 614 -327 513 -107 -143 -66 -715 -463 -525 -116 215 -817 205 974 -381 253 988 -905 876 -495 53 486 -211 -215 373 807 228 910 874 -116 -650 425 -491 -262 988 -645 -759 996 970 -388 -918 961 815 902 964 -176 267 -911 750 198 445 64 488 
-882 -851 -568 645 -3 -314 -550 689 296 -539 -210 102 -139 -604 788 901 -727 -716 -210 -408 196 301 -199 436 -582 -237 -611 67 -931 -322 -534 -574 461 -290 -498 873 -517 -144 -78 -950 889 243 31 -958 -136 -887 738 69 386 -314 -841 -570 -27 -976 674 -313 243 220 -620 -84 -641 608 185 -211 671 -310 -640 482 -969 864 -309 678 -991 72 709 740 371 -605 -756 301 -464 -655 -912 180 -987 725 869 -867 -509 858 -785 -849 -841 521 -416 -268 -199 800 -467 -639 
-511 808 870 82 295 -915 757 241 679 -778 -195 -266 331 -590 763 -191 77 5 88 -556 -658 -247 510 888 99 46 -347 1000 -635 -957 -948 -115 -89 163 306 844 380 -832 399 845 50 -286 -192 377 -650 644 508 923 462 -440 948 -24 -845 -803 546 -605 -105 -110 348 -981 -805 -151 292 565 211 -78 779 420 -857 730 789 -157 236 397 -653 -106 840 434 -16 -667 -880 -277 533 -334 473 934 -379 592 -721 -593 462 433 83 922 143 634 -390 300 -577 541 
-392 -405 378 985 -572 616 -516 -805 139 942 778 -494 141 983 -937 401 543 424 -264 455 -177 232 -373 935 -273 -451 -15 -957 -455 232 571 -174 -288 -946 962 -127 -981 -340 -350 477 -12 -860 -101 571 -95 -202 57 982 -1000 555 -189 644 958 5 -932 -810 -200 454 947 107 713 -497 -694 600 59 858 -205 -42 -397 998 -960 -943 -79 843 609 675 368 421 -801 238 87 624 -593 -678 -452 -323 374 655 -739 736 636 -649 -610 35 70 904 302 -730 127 152 
13 -526 963 -543 694 -970 -927 966 -655 256 784 422 621 429 239 -701 929 -350 222 -634 890 824 893 194 -959 681 921 -545 -857 758 387 286 260 986 -296 -344 -380 442 719 -49 -471 928 -408 334 -120 997 625 -439 -27 -473 11 -257 -360 -712 418 814 306 30 -73 194 717 -362 -779 330 -809 484 -438 -910 -781 -993 383 -299 -186 332 143 954 -800 705 -877 477 -639 556 -102 -534 -850 518 657 650 -531 -212 805 651 -815 648 334 -759 516 570 285 456 
-618 130 435 -772 680 -378 -237 -962 257 -376 -144 15 841 511 -943 -218 187 967 113 -715 -608 158 -749 1000 639 -588 933 -966 -146 -344 -410 -378 -442 -189 -831 11 -799 344 625 -401 649 -454 730 -529 -340 -772 665 273 -967 -554 637 176 259 -60 507 -704 -180 259 415 -834 354 955 -798 -203 -106 854 283 525 96 -985 -952 -117 614 756 6 994 -821 236 -457 -579 896 -169 823 951 -707 -651 131 -670 -555 -699 823 146 -821 318 -123 709 -635 447 -628 351 
-981 -335 734 -776 857 -570 235 -980 756 766 -918 63 373 -674 -222 285 -287 -479 775 412 42 207 864 32 -914 -401 -750 37 -712 977 -393 -336 6 983 642 344 -405 114 649 -560 295 266 110 35 -662 -847 752 -710 -28 830 -317 529 -913 -705 287 -389 -914 552 452 -292 -310 -743 258 -990 -122 417 770 432 170 -309 55 690 329 -438 -182 -192 55 395 -604 -780 238 -489 -786 409 -126 570 -561 -975 975 270 688 -72 -562 279 -749 -650 162 517 -851 -93 
-456 -291 -164 -898 997 -802 -502 -806 -874 -462 160 402 912 -853 -169 173 -228 -442 -811 -562 461 -750 -689 -190 371 -708 505 104 -45 36 -626 627 -758 430 89 -136 490 -529 -307 440 -26 -176 132 537 -812 329 926 143 996 104 -746 -151 819 -605 478 106 -999 -891 662 288 851 -163 -71 -174 -655 -185 -114 -63 -620 692 393 610 175 227 799 -575 100 769 -78 -994 -420 666 -214 929 -620 -927 556 92 567 -342 653 -90 231 -693 781 644 889 804 148 29 
-898 -336 703 -476 52 457 900 26 -7 699 990 -246 -842 933 450 995 879 423 -659 182 -972 356 -473 749 -945 -410 751 -454 194 -48 970 304 -31 678 457 53 109 -453 -274 -552 455 27 -716 -354 -968 867 368 -366 -573 540 -382 168 394 808 -76 728 -455 -257 293 -976 -50 -322 552 398 -149 139 -17 50 -482 -155 -207 -459 173 -112 -348 462 -44 954 -851 956 567 334 -390 539 -918 -210 208 -851 -64 -582 -511 -531 831 740 537 -948 448 751 -690 -273 
-515 150 661 756 398 -811 821 123 -108 -879 -206 -304 -7 -844 -570 -206 287 -731 762 -208 213 -990 -530 661 -779 -127 909 -748 63 -224 -601 -619 795 593 -691 603 130 346 -336 731 349 513 297 944 616 -911 -93 -823 -458 -488 -655 337 -961 342 -981 855 824 670 -792 374 554 -201 -761 -866 -464 -311 -587 -417 -891 775 -554 -679 -787 -904 -852 709 -730 -824 102 -348 -17 199 -134 -507 111 907 -449 -628 -663 943 238 -446 -620 -609 670 335 569 75 608 -87 
-460 -995 -892 -661 -36 130 14 -16 -558 -991 90 46 -528 169 184 548 456 -199 622 -529 -145 796 -40 -898 -939 -893 -785 -935 -720 338 -615 -431 813 750 168 -462 956 625 -459 -550 150 -457 -159 849 -823 -840 781 180 -431 420 -213 -65 92 62 812 -388 149 888 80 -538 75 -931 -260 694 33 -742 -979 862 -737 -271 -443 714 -616 -270 921 -478 65 -1 828 312 -514 393 789 294 -418 250 -398 -733 -385 -200 143 954 -656 -871 -719 195 883 501 -850 233 
178 170 -959 502 -906 296 -992 753 -765 902 -942 -31 -589 129 630 610 571 191 61 -132 -740 49 522 228 30 643 -466 542 -302 743 912 896 -149 969 -862 728 780 -681 -673 279 -974 603 245 -455 -474 851 168 -919 -30 -76 -944 -854 670 675 -90 -517 -233 929 377 -854 652 336 840 -928 -744 747 -830 -912 595 85 317 -758 -175 257 800 948 261 676 -82 239 -480 -917 -105 791 314 216 -976 41 358 -274 653 -378 792 -537 -568 -598 176 -481 -878 887 
495 -526 141 80 -891 917 -530 -768 -58 214 -712 -155 -323 199 -177 -478 859 -525 220 -423 67 -494 -610 -280 367 820 -884 801 804 366 933 411 -865 733 232 410 -902 -115 650 -40 421 7 -880 -574 -724 161 -362 -535 -926 -12 46 -278 -120 -421 582 -198 -680 -137 -273 -478 140 -789 -638 105 -702 919 325 854 -260 257 -654 705 101 243 -560 -999 -90 -192 -232 -939 -709 718 586 504 447 -557 442 905 -740 -463 -167 486 -340 241 249 -234 349 171 67 -882 
-294 -26 828 187 752 -469 608 -350 -251 -547 -993 346 -736 -34 -551 629 549 -322 -291 3 -939 510 -876 331 -878 201 617 -28 -875 446 -547 -110 636 158 -379 630 683 797 -812 880 -399 -902 -518 606 -438 447 689 204 801 -311 -471 -756 342 465 637 -997 -599 -614 -794 -926 -635 221 -294 -524 581 919 654 -503 192 949 -373 -451 -539 -663 -841 -324 748 -718 246 -646 253 -783 244 309 -794 470 138 33 -14 265 -855 917 268 980 -167 847 -388 -359 -568 71 
-976 -472 204 966 -266 851 -362 61 346 595 -707 111 574 -322 78 449 295 713 925 -192 -549 461 37 -594 -511 -7 -106 221 -87 -898 872 705 113 565 129 -961 313 459 655 3 657 -900 33 -772 645 605 -240 -780 -233 752 710 -25 691 546 -496 -867 -273 -962 321 947 933 -411 888 -858 -389 243 349 -169 73 -252 -980 -571 -969 209 960 -264 957 -545 483 -1000 -188 -916 -780 819 -329 -835 -332 -299 855 -756 -577 501 -720 -815 698 723 482 500 731 -44 
837 -842 -770 -999 -555 376 838 557 86 292 -632 -781 -379 -346 -210 -417 -555 215 146 -154 639 -860 -342 630 430 228 501 -709 -543 693 -964 -401 -282 -238 -607 755 852 475 44 700 -272 -210 589 21 -785 -848 -498 -168 -881 638 418 -783 318 225 -987 950 -218 -898 618 272 835 -985 -331 994 -587 884 636 72 -676 568 207 -253 163 457 -776 -381 15 -306 104 930 -71 -839 475 -410 -951 -525 679 471 313 431 -294 -391 -163 879 -452 -216 410 414 -837 967 
-282 -552 937 -762 985 284 579 -865 -809 -112 846 -933 -14 984 -818 864 541 -41 -582 788 916 555 945 -345 -381 -345 -765 524 -798 -17 -552 612 623 565 -245 383 -881 -70 -65 78 695 695 -635 -182 -776 818 474 631 34 -325 399 -35 -125 616 -23 -554 -316 369 288 -434 103 -884 605 434 13 500 994 176 893 936 -808 -723 183 974 694 -521 -655 685 -906 -178 -42 -727 832 29 191 498 -915 744 934 -91 812 459 -464 701 -933 241 99 472 600 -288 
-22 849 -41 292 741 -173 -353 861 -67 -204 -518 -504 995 133 -594 -372 749 537 -384 930 216 951 152 680 963 -563 -904 792 -277 77 -884 -928 -213 -149 -471 580 -358 333 788 692 -3 14 157 487 158 306 -611 -567 874 766 -21 768 -1000 -859 769 -241 492 -242 -678 468 -315 960 220 -100 -488 342 408 -683 -908 -900 -192 -97 -643 -190 273 59 -333 -701 862 -11 357 -696 976 -877 639 -461 -876 286 945 230 152 -42 -713 782 -719 -915 792 362 -813 59 
290 705 466 628 878 542 134 508 113 -411 -628 -247 -426 -421 -733 279 -885 -631 525 850 881 -948 -267 -115 30 -952 -295 -833 514 920 489 927 293 -810 676 241 270 959 -714 -106 362 -899 -569 360 505 -376 596 209 451 153 565 -278 368 313 444 -733 162 -853 177 266 -742 -377 -965 -567 -270 -229 -449 124 -514 -223 -568 -604 -289 138 -144 541 532 976 548 -891 518 -142 578 -640 80 766 220 637 -855 719 463 -867 279 -997 494 -831 -294 -689 -360 742 
-941 954 656 707 -157 316 -27 279 130 -293 -185 852 -339 709 -440 -424 665 -486 -996 -882 -797 -487 826 -693 -187 -900 -813 851 -764 -626 655 238 -112 -74 849 631 -762 328 278 92 814 405 535 607 -975 999 -425 883 -516 -376 239 613 -873 -870 -158 233 -565 -753 -275 551 -955 -885 -943 350 -889 -477 -990 -965 468 -886 -602 180 696 99 -671 757 243 -680 485 358 985 -687 967 185 511 338 -129 -395 -896 -812 -763 28 -708 706 -761 994 533 922 147 -148 
-743 -748 -994 -472 304 -882 407 -821 -384 -246 -623 -300 -792 -284 433 578 -651 -104 776 100 12 866 165 324 70 591 -44 -217 -94 581 220 -134 -81 -832 181 -286 240 651 771 610 -719 -285 -276 408 7 309 -181 -318 340 548 932 -875 -899 333 686 426 93 590 -921 -652 308 393 -666 -96 885 -268 -687 709 298 259 -853 -950 256 149 -485 276 -871 865 -600 -612 596 -619 -406 -155 842 684 -345 -179 -302 957 238 930 -755 -30 -218 87 -326 318 -808 999 
359 275 -640 -569 247 -147 -939 182 -931 -389 89 63 816 -8 -527 717 -440 -542 -259 -229 496 674 -638 -369 -691 -857 -463 -233 219 -701 676 965 593 785 -987 -837 -63 -894 -519 932 -281 -151 266 -728 387 878 673 -643 430 908 -742 -164 -171 676 -942 11 -205 -737 -849 891 -483 756 919 847 778 -825 -870 -289 11 -314 159 -763 471 943 844 681 -697 48 -711 -901 121 -35 -352 267 -466 -690 511 357 268 -54 -9 -230 582 732 188 -251 -273 515 498 473 
222 272 -661 979 469 542 -816 -26 487 -921 480 175 -945 157 455 354 688 114 -154 -628 -66 29 -602 -512 -275 502 -495 -646 -128 544 -695 985 936 14 -318 -515 610 -831 209 -642 -20 -112 -965 95 -451 668 728 -738 326 915 362 -789 -439 347 199 725 -64 -374 878 591 -899 -926 -115 -266 623 -202 325 -79 610 377 65 620 930 278 715 355 1 -666 -278 746 112 -258 -829 -156 618 629 70 -403 595 -651 799 358 -644 428 -569 -335 -184 -65 -5 -952 
-757 -837 999 -279 -889 702 820 714 672 922 597 889 511 72 873 816 -520 383 -490 -144 -13 -430 -315 -190 -259 181 132 860 -126 -133 249 -273 -8 -328 -977 796 -842 333 507 451 -117 857 133 -69 -331 -498 115 379 -461 -390 248 237 978 746 249 868 874 -566 34 -999 -185 -739 952 506 854 629 -291 -873 -762 -70 -392 83 -29 721 -27 -39 789 -713 -354 -470 467 379 496 -140 841 898 -70 -393 472 -307 676 -201 -558 -15 117 768 -510 156 309 -644 
807 -715 458 -843 -20 -227 -856 888 -589 199 359 -228 -97 561 30 763 -542 634 -722 604 255 -797 518 -930 656 194 -498 -658 502 289 894 -940 878 270 -676 734 239 -656 563 -645 543 -696 -472 -775 -29 -994 -680 27 498 -232 -219 -965 554 624 -497 -521 737 -959 70 -426 -248 -795 -856 -722 317 428 602 -604 -855 -20 285 -466 -656 -300 261 -280 -597 -804 831 308 -442 436 852 115 867 872 652 -79 25 191 -384 486 671 -464 905 -848 -297 -573 112 966 
