-241 -992 -441 413 794 -739 92 -965 519 248 -647 730 -652 649 -248 253 -682 -810 89 -868 -672 19 782 -545 236 156 88 -43 -919 -587 445 255 -532 208 505 272 -167 -253 663 -805 -100 -639 737 -519 194 770 -403 -135 112 -646 -388 -684 25 969 769 -94 -91 -938 -224 191 -163 718 -819 720 19 -687 -685 770 -351 -548 -238 192 720 462 985 -587 -964 358 304 867 -548 838 -627 710 -871 -460 112 -481 52 398 -634 -694 -885 617 706 524 315 468 37 572 
-470 -437 -850 327 -427 433 -311 883 -26 -637 232 530 -814 -412 -300 -205 -712 -183 350 -756 473 -861 -809 -701 -656 -512 356 -348 856 393 -960 -107 -806 756 326 -504 689 376 676 720 -488 -172 874 970 -209 142 205 -70 -785 -876 103 459 -689 839 -182 203 -904 -384 -143 -848 187 781 871 620 -930 142 878 686 -741 484 -426 -21 -823 99 -162 977 236 -787 619 679 -792 466 305 624 738 461 -807 -373 233 -981 -259 783 466 949 -815 372 -375 60 -461 217 
-608 -921 195 745 -903 -886 -650 -458 645 64 -805 672 -896 783 611 0 413 430 524 -47 396 -499 -556 274 -601 612 -435 612 546 -330 -671 857 424 315 -676 -885 -750 561 -837 609 -156 989 -808 -879 82 492 306 276 -885 655 -545 500 -544 -830 815 672 -777 -602 -357 -38 671 232 771 444 311 -576 -728 -747 -26 -125 -187 106 452 425 267 -783 -596 0 498 284 598 517 256 382 794 636 -560 746 877 525 -208 342 -113 809 537 -324 -516 576 -431 620 
-139 781 548 848 657 692 381 81 170 -214 -459 806 -859 -80 658 477 -735 -521 -258 -373 -842 -759 -274 -539 -200 922 -567 -855 -333 166 -237 -725 297 735 1000 567 334 617 -295 522 39 -364 -853 -535 -203 701 926 -670 -259 -884 -120 669 516 -25 491 13 533 -686 -224 19 -924 -719 361 819 494 327 267 -276 759 -291 -670 -494 854 41 -838 223 -628 -138 131 -316 643 -687 990 101 972 823 255 -898 -966 -894 295 960 934 628 -598 39 -392 -798 -532 405 
-954 -916 941 553 -808 -413 -163 243 -81 -879 410 -302 130 -130 -402 -646 -287 -221 -444 601 92 -311 -965 847 -835 -646 -987 -727 -957 -831 696 -627 -454 926 750 -766 523 -916 16 -654 46 214 -548 -960 767 -16 720 -945 512 253 -609 890 -952 -283 366 789 -726 -886 -524 176 -444 -604 -706 -96 -106 568 449 466 500 -321 -684 -699 350 996 -5 -252 -597 909 -245 -492 707 51 549 -257 367 984 421 136 522 447 -222 704 -605 974 484 -214 -473 -934 -924 345 
-131 231 -606 460 -345 -967 -917 442 -394 427 -806 -201 -563 -562 728 -582 473 -832 -346 112 174 -293 347 978 681 -302 -465 -521 882 -667 200 614 -633 321 -952 -535 311 -699 -87 296 -143 712 -819 620 -806 -192 -433 465 497 -434 -295 498 -592 -607 -279 -59 -353 -588 -866 -160 -32 182 479 949 -705 455 738 -146 918 -282 379 580 -680 185 -782 495 -545 -182 756 8 -832 757 554 715 220 -679 -566 -813 -891 988 -866 959 482 -216 913 -545 -566 581 -748 -796 
652 184 438 -912 13 -716 -9 -73 -923 -305 307 -415 -634 212 319 -767 421 841 312 -467 256 -814 146 -953 -353 -168 -544 -557 -271 827 -616 942 -320 903 249 100 -877 -828 508 772 551 558 72 965 -812 689 -960 490 307 -930 -511 582 -843 -372 357 -932 426 -286 -364 806 -91 451 668 -583 554 776 -910 531 982 -616 -114 -538 -763 7 -545 -713 683 459 641 965 -405 22 -408 -850 859 777 947 324 -51 974 -885 503 894 -754 -516 768 310 999 -122 -750 
-554 707 613 -723 157 404 9 85 -671 -732 -930 479 359 -273 886 -767 -921 -765 -958 -833 473 351 351 219 763 249 -543 -253 -665 747 201 679 -216 390 200 831 259 -470 -25 27 -771 300 -607 -65 450 167 567 457 -815 -45 262 426 -441 223 -821 -903 -446 -201 -229 -128 -156 -248 -64 0 -225 584 660 496 756 -13 -23 569 983 988 344 -586 -85 805 -751 741 -172 -850 -134 -859 -319 159 732 683 754 -558 65 -219 -997 -918 -282 -314 300 -816 259 273 
227 -795 497 470 575 -271 -821 -536 511 -439 972 59 830 -607 -799 -536 -728 -864 661 -284 719 266 -403 516 -803 -519 112 -333 165 -972 -574 -392 694 568 495 53 253 778 765 549 -249 -109 350 -642 -625 686 755 -185 -957 566 100 437 -850 -254 -438 -910 -333 -3 771 517 -909 330 -228 -134 -844 -563 -865 453 -316 -908 -148 243 559 -868 -283 912 162 947 339 867 -807 -104 252 510 585 -604 -225 -473 -956 49 -480 -693 665 368 -774 918 -489 896 325 -502 
161 -918 761 -606 281 -229 230 557 -813 -62 -884 634 -985 38 747 -281 54 902 -631 694 -20 552 -458 -414 -876 118 852 -480 -229 584 484 -358 -85 -554 629 50 893 -622 683 34 737 988 135 -252 248 979 -470 309 -582 424 438 462 -858 -310 -888 118 -943 -623 -581 391 287 -199 -226 -636 -457 18 -798 590 -776 589 -831 -185 -254 -984 796 263 613 818 -822 -704 940 -808 192 73 -185 -240 119 938 -392 -21 233 -109 819 602 -802 990 -152 659 374 -60 
707 483 657 -475 682 -64 -317 -977 -56 372 174 891 237 -792 -677 -368 544 581 854 -609 -67 528 -283 935 -20 535 -414 1 334 494 125 -96 -665 -846 -326 -997 695 -251 -597 841 -513 -173 988 -792 14 46 254 468 -162 -622 17 27 -316 461 -878 -909 -116 497 -732 355 13 62 -691 -491 84 689 -876 -43 -735 962 -401 -754 479 -461 -573 709 599 -425 38 180 483 689 768 279 -267 -559 -981 -603 373 -429 -746 87 -87 -274 -93 -667 -930 868 103 89 
-918 734 -642 1 556 -191 480 -799 -797 -261 605 -823 -189 -704 250 951 -966 -383 -390 -701 720 14 791 567 -572 527 -902 -450 891 -564 530 -254 -11 80 193 -433 442 -771 63 -78 -589 799 378 814 618 235 -646 -611 970 -815 -669 -936 548 658 -496 974 -45 461 -388 -636 -561 -833 721 907 -682 -596 509 980 248 373 691 366 929 590 -958 571 -891 809 -277 78 -814 -196 405 -380 146 686 964 -214 -722 -131 -177 848 456 -823 75 -139 -638 132 778 -817 
736 -363 -555 687 657 107 -302 -433 74 -755 -274 -109 180 716 -23 109 339 668 623 92 -787 827 373 44 498 -463 -555 171 169 -86 -340 370 -188 -156 -458 853 -844 -51 -799 -859 -184 -497 313 -976 993 465 386 -495 985 743 -24 761 -298 -793 337 -783 158 513 586 -636 345 174 132 66 477 -901 736 -968 56 -693 -109 -505 228 34 948 -899 -402 535 650 -463 -274 -158 890 91 -272 472 95 628 59 689 -202 825 974 468 -169 -999 -768 245 -211 -223 
161 -224 -964 -550 -259 -393 777 -945 242 -413 856 -691 -17 -646 238 -319 408 209 477 724 826 981 452 -170 187 -871 -281 -749 859 275 524 353 -314 421 313 113 -104 -116 71 764 -836 -35 -46 -961 -485 -194 519 348 759 -192 842 -801 -477 290 770 130 505 -535 940 -824 362 680 -863 -651 -938 -698 857 473 175 -809 -844 943 1000 -119 669 869 -369 -259 -208 597 3 695 485 -211 846 -643 99 -78 650 -194 -326 712 -938 -611 -985 466 937 781 -123 226 
800 567 103 -491 24 914 693 298 221 -867 114 -41 506 394 193 611 192 -918 -304 -28 843 610 -403 425 -823 -836 2 -164 -911 512 740 -507 -25 626 921 264 387 -699 -171 -377 -511 -888 -916 -595 -898 -828 727 -437 -516 503 -782 527 989 733 278 -787 -763 857 -160 617 28 -763 775 221 591 219 256 371 4 -59 536 125 -914 -739 301 203 -211 -675 198 -954 -210 -319 207 374 366 -919 -260 24 645 -800 83 649 643 -15 598 -344 126 709 -722 -592 
-178 489 -27 -561 -44 920 -468 -716 603 -370 -857 -896 -96 363 -582 807 560 -714 268 -486 54 -790 -157 -559 -38 784 813 549 219 176 -224 541 -911 270 502 -807 -95 384 -92 696 -27 912 -21 -634 157 -625 722 -762 445 2 800 855 441 -122 -45 -236 891 218 -370 -622 -302 910 -194 -372 434 523 32 -25 253 959 287 -853 -265 -594 710 36 -640 151 -306 554 -379 -745 -536 955 432 -622 -345 -39 66 804 -938 -399 -660 -857 -60 -710 889 -525 -570 746 
-60 -582 446 -604 223 335 620 774 -700 16 -747 -863 570 892 601 -37 -273 521 -60 109 205 -494 4 -506 545 189 -518 -575 472 296 -721 792 837 -919 -883 395 -619 266 683 -397 619 630 784 -580 -689 287 893 781 -802 -962 -178 -700 -351 -314 -835 745 762 493 101 9 -816 186 -526 311 432 -140 454 -610 -962 317 -409 -929 -651 226 274 -981 893 118 -941 -525 95 -383 274 917 610 -251 392 -626 -957 -465 375 108 517 -252 831 942 -395 812 -386 -618 
-746 221 789 193 774 832 819 131 -348 -346 -71 602 914 -725 -687 -851 616 119 -961 -311 -53 -699 474 7 145 -636 193 75 -431 -274 -620 -263 57 -596 -418 -666 823 -358 -40 -415 132 -571 -20 805 -999 -952 94 -790 -93 -460 851 847 98 -446 -447 -263 323 -541 -865 -66 899 337 724 382 -331 -598 489 169 -165 506 623 909 59 624 -564 290 158 -524 -638 -892 -682 -130 397 607 689 -238 832 -391 -795 -357 -240 -578 274 -851 -800 408 27 -926 -980 -499 
965 -407 -631 472 -254 629 812 -991 -915 -163 -961 -526 -173 417 -889 -112 428 -298 -495 -396 541 580 -256 -734 464 -64 -70 -2 651 364 -872 -613 -408 -178 970 564 -789 -154 -451 -292 -941 31 689 -66 443 915 374 -822 75 -971 969 -855 52 661 -604 -765 -27 566 170 -579 -886 -747 -870 371 618 874 -282 220 -605 114 264 578 -883 246 756 684 50 799 -909 -127 -857 -161 -221 717 866 -871 -178 322 -219 -236 221 741 -849 -790 -349 828 -418 324 -735 762 
653 992 -61 472 811 -711 -792 -422 477 -462 -572 724 -505 873 -716 408 702 619 -998 -33 225 980 -822 -291 -53 27 921 -962 202 -318 484 -222 755 -130 287 -224 977 -160 70 -68 971 982 -651 293 194 -346 475 249 -813 780 96 -312 -397 -561 -181 -978 -946 -901 247 -419 49 -71 -702 -925 619 203 -35 678 -92 -195 302 -169 550 -742 769 589 -159 -988 -636 367 -451 474 746 816 282 -235 -806 487 -173 -489 -359 -654 -153 547 -388 401 627 -678 -764 212 
0 765 -520 789 289 -635 676 130 -359 -547 542 -870 745 -51 356 823 960 939 635 -313 284 -976 61 576 -523 -218 241 84 -749 285 45 -897 466 386 -190 -963 -261 241 471 -547 329 -986 960 116 190 -469 243 968 -198 60 -543 -781 -630 347 -828 -599 188 -456 -347 -407 494 955 919 -179 -288 -72 -760 494 -5 -690 369 205 114 371 45 -736 -186 102 446 524 616 -992 462 -461 884 964 -650 74 -920 467 -606 -247 607 406 265 -193 666 -555 828 728 
-103 639 -337 524 682 -366 125 614 423 -455 294 -416 423 -122 759 -669 -433 965 600 -766 -195 -542 354 -984 444 312 56 799 401 131 -788 266 122 -933 690 643 -905 -124 -63 -66 411 35 -470 -739 816 322 924 -468 149 -410 -960 620 -248 472 -285 411 -533 846 361 384 380 782 -68 622 814 -122 256 -968 -898 -457 -154 -309 -643 697 -868 -254 -918 -144 -204 811 -68 -595 558 -672 -288 -270 -115 727 634 -569 27 552 964 726 235 720 -153 604 950 886 
-945 949 243 -70 434 -571 -464 -26 592 -32 668 -722 66 -425 -917 -257 -970 -244 -529 -725 -30 342 431 896 -806 212 794 330 278 -939 848 90 -951 971 552 708 -398 -779 -230 460 -762 791 991 -742 281 517 -965 715 -77 -915 411 686 950 -637 574 -100 609 -326 141 373 303 -975 -786 -681 642 -997 879 -28 -1000 793 573 -849 -514 317 986 767 68 798 39 -374 840 -473 -9 441 -877 -823 697 -730 851 -402 -253 -896 -658 172 878 -472 844 -446 773 831 
633 -472 -793 -53 -411 165 -353 -169 763 -702 -700 -502 643 -522 299 848 -868 -153 935 467 -951 -267 -981 34 267 109 -615 21 61 -106 133 3 466 889 535 -389 -526 -936 -100 -285 183 -99 886 -323 -722 728 804 904 -908 -998 931 -259 446 -418 -887 -610 -467 128 272 219 -424 -894 -241 343 398 -58 188 123 773 214 456 699 821 473 983 630 993 -714 121 -464 890 225 -339 407 -455 -154 443 639 -198 462 738 833 818 -21 -785 -594 121 301 -842 -687 
634 122 -877 510 -822 171 -957 -137 -829 54 -658 273 951 563 -612 -555 514 -564 104 282 557 -861 542 734 385 -599 -531 -369 -868 520 163 604 -687 78 190 -736 68 105 824 868 286 -561 490 511 -1000 796 -209 -538 -700 -43 -295 -842 500 448 375 -435 -139 468 -280 -468 -262 294 388 107 736 -392 -213 639 -952 269 -770 -290 886 532 -452 -711 278 -989 -869 340 158 458 494 -91 157 661 -895 -74 204 -210 51 665 963 -669 593 -816 368 700 285 -156 
984 -339 -261 -821 934 720 434 -561 553 958 -782 -12 -626 871 -517 457 -546 67 256 580 902 -42 841 489 -774 801 -69 -526 -211 -729 280 -210 -659 -318 979 352 -557 879 331 -903 -144 1000 -687 580 558 -155 -180 683 -666 -464 212 39 -631 -286 -166 -978 922 925 943 660 -329 668 -614 -664 -367 -331 873 100 991 -373 928 -548 937 692 -720 -628 363 514 140 -33 -344 185 616 128 -147 -791 599 -92 448 950 720 702 -224 -170 875 568 -818 959 -161 383 
496 -382 -413 -467 99 903 -136 -207 -568 -885 -766 230 634 94 550 -440 -760 192 -931 -18 307 -390 296 226 -538 966 227 -164 25 -473 -90 198 723 -967 -978 -929 -361 -837 338 203 553 -931 -513 385 -39 698 150 771 -349 948 -566 920 479 647 375 244 -630 656 532 842 -899 646 116 296 259 -637 -923 355 -437 -327 -102 -664 56 -660 927 327 -211 19 562 -587 146 -628 -27 -621 503 714 940 312 789 790 46 -387 -583 -809 974 -971 229 981 -231 403 
258 -776 113 -706 48 780 -552 890 -790 934 -280 -660 -865 -364 243 773 668 -584 -223 -280 -35 -853 715 391 621 352 -784 736 -733 909 -347 -197 206 -471 521 -473 -491 233 -219 -108 899 780 448 -155 547 682 -175 752 -175 -127 984 -561 -337 -536 -834 -539 216 536 788 965 -201 -256 237 781 254 640 -636 837 -487 477 828 -733 -954 421 -588 146 859 57 -758 -654 -23 -648 -336 -35 709 173 69 -578 -813 -479 943 442 -470 -907 -495 -855 -947 -975 -113 417 
130 315 936 -823 89 863 545 297 -40 552 -703 -378 -858 152 718 526 864 -851 119 -775 -825 -548 -753 216 429 -692 324 -898 468 690 -763 -928 -455 -260 706 191 600 -619 916 575 937 -997 250 -98 -831 967 -938 -462 -200 568 496 949 758 -563 866 -332 63 -913 886 433 -687 210 588 641 127 766 242 -95 980 -546 689 632 -894 479 -823 86 626 -454 221 125 947 -906 117 -699 453 -568 -392 644 -823 204 989 977 -906 541 -554 401 -563 882 770 -661 
-746 -452 -643 436 763 441 211 -613 -439 791 -915 -149 301 -260 -81 -901 -176 -902 946 -420 -742 578 910 -800 -310 -41 894 772 499 -932 -949 964 -914 -991 920 449 582 664 322 567 555 447 -203 -403 -299 913 -687 -665 -900 -420 339 122 -971 -727 476 550 43 -381 -744 542 513 39 796 -4 -550 -580 431 837 -813 224 149 -609 -980 801 203 852 -113 -406 805 -949 -979 -259 -519 550 -169 -210 960 286 652 545 896 991 254 -912 -997 -193 227 913 619 -30 
661 -293 188 600 -670 737 265 -708 40 -816 753 -835 -772 -117 -668 -439 -267 775 -736 -803 -972 109 -239 -492 260 -252 854 -993 37 -257 -974 -852 268 597 399 -931 -669 591 -740 485 325 -720 -124 -58 -273 -424 326 -128 468 -322 386 481 -687 760 555 372 853 -624 417 -367 482 868 227 -445 142 706 -107 262 -181 -284 -58 -885 -27 -777 654 562 747 -542 789 -813 85 430 370 482 180 -718 -821 -279 498 -301 398 615 -646 494 -460 -594 380 692 544 -688 
-508 674 -799 -138 -324 -823 -604 -378 -804 670 410 -159 505 209 -955 154 -213 182 685 175 4 -728 875 252 394 68 -267 -25 863 333 -670 -132 191 -853 238 -599 61 450 -114 -149 508 103 -321 -657 -587 -215 170 853 -618 -45 -649 -887 -23 595 938 -948 423 279 -248 -155 180 -495 858 202 14 754 -882 -839 -728 694 974 -76 530 -956 -686 76 -573 215 937 -370 38 -789 784 -463 102 385 -170 172 -252 -419 -59 443 386 -996 280 965 406 -828 -997 976 
208 305 307 419 207 -813 -297 -808 -481 899 -861 -655 92 280 212 -602 551 585 949 930 321 105 -97 11 78 123 -863 986 821 -926 928 -451 -196 523 -947 -452 862 667 -578 -868 -381 -600 501 -462 -911 -227 389 -996 766 -628 -746 -642 -844 603 -871 -851 962 846 -654 807 632 507 -796 -351 -366 -101 -386 843 -699 -790 -695 283 -315 284 389 -902 -221 -993 -203 -128 148 983 -118 870 -48 -759 -551 -765 579 602 -262 692 -604 880 -937 -680 627 -996 117 975 
-560 730 705 -425 -106 -599 879 -4 708 -531 -391 -770 -239 -469 328 265 -214 284 -976 -471 -173 -671 -634 771 436 519 377 613 612 753 -940 746 -903 896 -913 118 -20 491 405 -635 884 -270 790 -35 799 412 -628 -736 875 822 661 68 -535 -238 -673 -521 -762 809 369 387 -408 89 4 339 538 189 -553 760 257 786 -493 407 -362 -618 291 95 907 951 -286 212 -907 -292 -30 814 379 139 789 -168 638 -119 -193 728 -61 -736 -880 -441 -577 -572 -78 44 
138 -80 -678 237 170 -774 -232 862 -532 463 -737 227 -164 240 346 -450 -38 -911 -933 0 -609 -225 -937 570 -127 784 -901 -173 -249 735 -937 -68 207 -639 -766 8 328 942 768 -391 908 -556 -85 344 -697 -851 525 897 530 -437 732 13 -182 816 402 784 639 -402 -373 700 240 -601 418 -846 -134 792 -722 741 -258 724 98 -104 809 321 689 -817 -833 -913 -285 391 3 -792 -156 53 843 -1000 -195 979 898 135 819 437 -428 526 -230 595 -537 359 727 951 
256 596 -686 719 -91 -585 -882 -504 355 -352 -436 -778 -664 952 -921 -476 782 -394 576 -824 949 676 397 692 669 572 83 -616 -502 313 459 -534 102 -361 -456 86 -876 362 669 -937 745 125 -74 -840 162 -983 386 526 -171 -466 343 905 299 -463 953 -127 -444 -698 230 -923 -607 -915 39 762 642 114 413 -560 132 743 -412 -359 508 284 -66 718 -174 -473 -318 805 -480 -40 996 -982 -862 -471 -952 -361 991 -131 -125 -706 -106 -302 -845 -846 -912 -488 -499 646 
30 -416 -465 687 788 -45 -114 -748 384 282 610 -934 -726 -667 680 -821 -350 -829 -64 552 -826 -770 808 -103 951 175 864 -303 -741 958 -348 840 341 -753 753 -262 128 597 679 -3 -772 306 804 -150 663 212 -411 378 -495 538 208 -31 829 215 -345 989 219 267 -863 -199 325 -282 -485 436 254 -256 21 51 -223 646 568 -496 941 85 -974 -199 401 -140 -246 581 705 428 -912 50 999 593 430 -721 499 469 874 813 29 -931 313 754 -458 429 58 487 
393 7 834 -296 168 -165 754 795 -971 -960 -853 -208 323 -675 -946 -106 -759 638 -211 -771 -637 962 -397 62 185 223 236 805 953 -178 361 358 21 978 -667 -326 522 -183 815 -545 -673 -693 368 27 -455 137 -540 292 -960 -359 637 -592 -622 902 -246 663 -779 -266 -899 378 -436 513 -495 988 -586 -459 357 891 -258 -74 949 752 -851 -917 -583 66 -664 -92 -760 -960 679 649 602 -368 207 458 534 953 574 386 546 536 540 -839 770 -260 -865 662 783 680 
-552 363 -288 969 665 230 755 -727 -461 -342 -710 -248 -208 554 219 -728 316 574 771 -587 -231 192 -954 -587 -874 -968 -85 947 117 335 525 423 374 -447 433 809 636 -377 316 536 378 429 -900 -444 488 479 811 -95 613 -676 -165 305 -799 -560 -811 -456 79 -83 -198 -122 -295 359 191 843 -31 920 -661 821 810 356 884 559 -408 -121 827 -118 668 106 162 788 -444 -427 942 -187 784 -84 -824 -947 -323 352 474 -309 536 -798 983 -710 -525 -844 -850 -926 
-483 -957 -758 -95 -194 545 623 478 -895 696 47 401 -513 -859 442 50 -829 728 184 851 755 -270 -119 -125 503 62 162 -647 767 333 -3 -818 514 -128 -180 -433 321 278 267 343 -809 30 -728 186 806 943 -907 -528 47 255 -878 730 -771 237 870 -380 654 -368 663 -717 814 -86 147 -245 379 292 835 344 -444 -313 -840 144 888 570 383 810 -121 157 89 461 521 -582 987 91 269 827 951 -977 -489 533 -952 596 -164 -407 166 -469 467 731 623 -91 
-890 -993 -343 -117 -748 -67 -639 586 -692 -252 939 889 -691 -468 -687 990 636 635 667 -886 -95 -732 876 -886 208 361 679 966 370 244 610 -103 -107 -250 477 -773 82 778 454 877 401 750 254 -320 343 606 93 398 809 -603 815 -120 -889 718 -856 238 428 412 417 -138 319 -816 -999 7 618 -131 290 -445 656 587 941 479 638 717 -845 -699 843 -73 720 302 317 -972 -844 -187 -944 818 -948 -808 -806 625 798 904 829 -779 -870 202 619 -124 286 492 
-831 -532 614 -672 301 -20 -302 940 799 182 320 -495 -237 84 -21 612 378 420 -84 935 932 397 -524 127 601 203 458 -87 657 335 876 22 -161 744 -60 -420 -73 332 -53 -556 976 219 135 425 -582 -8 827 -446 237 -313 468 -557 425 719 682 -508 -356 573 -487 212 65 707 -513 407 643 -414 844 674 36 273 -744 937 340 129 -13 567 881 625 194 -15 -461 -959 -284 886 -665 -183 -792 -59 -251 -876 683 297 870 -173 692 -403 27 183 -368 -609 
-808 -888 772 -630 -128 -511 -463 -502 -419 -608 -489 -289 202 103 -596 -720 -610 -150 -478 424 -409 737 -482 873 -220 -876 429 932 -637 90 442 36 -267 196 426 -308 421 -301 -210 643 -200 560 545 -696 -796 486 690 -939 -417 -792 -239 -700 -503 -838 -449 -554 -910 -61 -501 -822 -284 -425 -254 -145 -800 388 678 21 -170 467 891 -871 -606 -661 -652 -29 230 -940 -287 422 514 134 -638 -412 -77 743 645 -928 -756 -125 32 791 -310 731 880 -306 968 762 -733 561 
519 810 -519 -210 -113 77 785 622 404 946 411 908 785 539 26 -281 61 69 548 -433 908 -743 704 -858 -252 -190 -402 -461 532 -660 -888 -860 276 373 -942 -224 953 -464 -493 -246 693 438 -623 190 -693 -914 -264 670 -230 -768 -212 -732 -465 687 780 -170 -421 47 -490 327 -499 -250 311 -808 -647 580 -261 -959 328 -910 266 -751 -813 745 370 225 -476 -178 776 -214 573 -248 -701 704 975 -583 -678 69 251 -217 -602 145 -447 670 -372 19 701 64 337 -765 
670 -574 392 149 -983 634 -517 184 29 180 716 248 660 791 -546 158 -87 -430 785 -580 264 407 -31 85 -45 583 124 54 566 -932 -397 847 318 -25 -802 104 -817 70 -279 -825 -184 -698 6 132 54 89 241 33 -173 -413 758 -671 -942 415 -288 -226 -2 91 81 -686 -465 393 -886 316 800 -90 850 -318 894 -280 962 -106 449 594 682 690 252 -205 -344 125 -577 -21 -901 -822 900 809 -288 -211 -675 -382 497 797 795 180 291 -514 312 523 215 125 
383 46 360 318 158 -74 68 376 -233 -843 429 -771 -274 -107 -945 -80 -968 -8 584 598 916 -641 -528 -205 528 684 -442 -336 -9 -873 -336 -597 840 990 -780 511 446 394 -188 -898 906 -316 340 964 87 578 -668 587 -289 343 -777 -437 834 -296 -649 -19 266 265 -248 186 -521 407 -557 340 -35 425 419 -848 108 -728 -802 645 -925 -386 857 762 -28 129 -228 -891 -708 314 -955 -137 -20 799 952 859 -327 290 588 941 -329 -386 -100 -21 -347 76 -721 738 
-705 771 926 -109 -636 674 749 422 582 -275 -167 592 742 -25 -996 -952 700 632 -359 898 -30 -552 687 -827 479 467 -712 -621 -176 454 -161 -450 -561 -907 556 387 324 708 256 136 976 -872 352 32 848 348 847 -7 -179 -725 -131 300 120 969 283 -768 718 1000 -971 289 552 652 -432 781 -622 -223 -698 -689 -390 195 -913 -391 944 165 674 -28 -568 893 175 -564 -480 795 -691 -192 -341 686 -301 946 -295 591 -856 -701 -649 425 -626 -725 511 890 873 909 
-139 887 453 531 -680 -884 -313 585 -716 417 -302 311 273 221 86 533 989 -493 -585 -189 621 -741 116 717 -310 995 -834 -368 -651 476 800 286 -702 723 722 -866 711 812 841 -412 -919 -762 40 -150 147 231 105 988 -86 -499 137 580 -929 167 728 405 907 -850 -893 576 928 -381 -782 -679 276 256 -714 -137 953 333 450 -120 13 -666 -416 -176 -118 -8 693 701 739 -175 -927 -446 -831 616 -339 -486 -344 -409 900 -741 493 953 349 -134 390 -645 451 744 
-510 893 -62 -466 -563 126 -201 -347 842 319 -266 -501 -587 861 -755 -990 -735 -788 -141 -570 -46 -460 126 250 -52 637 441 512 429 -385 -932 731 185 992 -159 57 -717 -585 971 324 -471 -144 751 713 962 -608 -223 -324 -726 -506 -961 372 -167 -398 -361 860 -453 -582 740 -429 -271 515 -891 199 -107 -639 -924 -574 354 -618 -566 749 157 -900 305 -686 141 -718 97 767 -838 -689 -911 -36 910 619 57 -100 -91 415 -211 551 170 382 549 291 -761 -513 -872 680 
-939 -105 -476 -418 -729 -783 -623 950 -152 155 506 -777 -110 13 480 509 -388 -115 -337 -424 -198 484 119 129 -33 71 158 -285 -201 879 -515 -504 938 -335 686 591 -992 -486 392 779 -236 280 -480 342 -487 74 983 -143 529 -221 -270 68 -846 718 5 -456 492 198 -442 449 329 -468 235 552 -951 -753 -387 581 -691 930 860 -386 -782 31 -433 265 701 876 -305 -839 915 -891 919 291 199 -711 937 816 481 651 587 898 -628 317 -170 836 -676 12 -144 -402 
99 440 -881 -62 99 -725 192 -297 626 -436 -381 -557 393 -672 -563 -170 747 -841 934 -466 -996 933 543 697 -249 -665 871 -924 587 -764 440 -560 -628 -431 -103 416 -231 -90 -423 -560 78 509 65 603 81 -349 -271 -105 908 -491 -61 -51 -781 -838 795 783 -275 -514 110 -724 391 576 885 583 -411 583 -111 -225 -40 0 -119 263 683 781 489 317 948 285 -330 -150 -848 609 466 820 859 276 -726 -235 -782 -273 801 -984 525 272 -558 568 -723 -624 -87 -588 
-128 -42 -690 681 -246 -375 461 -920 -458 -426 935 -238 -786 173 689 -853 286 -465 -126 -597 -346 -328 572 -661 203 327 -186 161 128 -205 149 679 908 -103 -960 356 108 584 43 -972 60 66 363 981 -972 -931 842 861 692 -689 -139 -105 -437 415 862 -523 517 107 -244 -141 -579 -967 537 762 223 38 -529 570 -396 248 274 457 -721 840 672 -521 -525 884 615 -240 275 812 -845 985 740 339 -152 -328 895 583 -265 286 55 -238 -952 -490 203 -96 661 -799 
864 344 -442 -176 990 -91 560 918 -649 -693 543 934 -166 619 289 -979 307 84 -944 972 -178 763 -975 745 -619 529 -326 798 694 495 762 -897 -636 485 -116 -153 693 510 373 467 630 -709 466 386 997 -707 196 272 -854 9 -510 -115 636 969 -455 -974 -223 59 235 106 292 852 -310 -612 -934 853 -286 -428 11 -604 -633 -927 714 882 727 -156 -854 -315 865 182 -953 926 -72 275 -599 402 -789 793 126 223 -626 -219 -366 -436 -750 -357 -563 -987 711 -296 
-410 -942 620 25 -961 572 -509 -998 650 841 -967 -116 248 843 -954 102 770 794 -257 -478 572 25 -66 594 -789 749 144 851 869 -775 -232 306 -80 100 -673 -702 214 44 -699 708 -549 573 -941 162 -578 -982 -589 -50 -215 549 -939 932 928 167 473 -344 -54 -533 -762 950 -229 864 468 302 329 -802 -3 -166 988 -877 -687 -993 43 145 -48 -943 573 689 -895 274 -573 -838 -905 703 -890 -705 -234 363 -928 131 -68 396 252 -571 -295 -153 298 -555 31 -910 
-158 47 -949 878 304 961 -848 -351 807 238 -584 958 -310 -213 -901 -853 -266 -362 501 -928 -884 -809 319 -979 -686 -655 56 -702 775 524 -92 -568 -650 -589 811 266 -510 -985 -705 -291 -873 -139 -783 -341 -180 -229 408 -115 953 -765 99 -702 360 -95 512 -704 -639 354 735 56 -767 734 709 -303 -911 977 418 668 493 -933 961 909 183 -797 602 458 558 -78 804 -614 -87 765 717 409 916 918 565 39 37 586 -594 -551 -725 449 927 649 -486 -910 -110 943 
-501 911 -581 -339 -204 640 -423 -710 414 928 -30 95 724 199 246 301 686 -627 -485 -745 828 119 813 -969 -571 921 278 152 177 -155 -443 595 21 188 -590 -69 -238 461 446 864 185 697 551 -616 -434 -180 -198 790 192 148 -303 -217 627 292 -165 -229 123 -8 577 554 -9 -383 -946 811 409 616 -356 110 -543 -902 388 113 896 378 204 -470 -85 322 882 157 -697 -738 -15 -56 446 -385 -796 -644 -535 -367 -314 203 -907 770 -382 -197 337 114 -780 375 
-116 118 722 -893 175 -578 -17 950 -777 215 734 268 -808 -238 -308 -68 28 -27 -38 18 977 833 13 -386 482 494 461 -51 -883 -876 671 -606 -789 -506 -264 400 -859 -778 -98 -99 864 47 259 672 963 33 306 338 -100 790 -3 -141 -4 183 -88 -64 297 347 486 647 -100 -593 589 -278 -810 194 -880 856 935 946 -564 -562 486 806 -592 488 96 376 -822 133 -631 -327 -80 -587 -467 648 -893 611 -250 -787 641 -54 827 286 -469 206 147 -35 -674 -281 
167 -558 384 -620 -551 857 -541 640 -199 573 -587 -391 -337 -722 -17 843 286 486 -575 932 -351 435 880 165 209 431 -338 231 -343 -247 -635 296 737 109 293 -771 -365 382 175 658 -211 155 982 -196 -464 455 -643 600 72 361 -559 456 -501 134 934 -191 699 19 945 -766 -95 41 -800 -285 -192 -470 -195 -139 104 -785 -268 -984 512 677 507 834 -796 -8 -838 848 191 -109 60 -1 -149 -50 -963 -245 592 -312 -190 -660 -547 -815 656 -430 291 -28 955 565 
521 -276 772 -916 -780 -446 -331 -853 378 -741 -593 -310 -490 671 203 329 -266 760 553 -173 -817 704 280 -666 -838 507 623 208 -880 913 -890 521 529 180 293 -438 859 -823 -343 852 52 763 -67 -426 -247 -739 959 -750 837 -774 461 944 -481 626 -531 -757 -801 -65 -933 293 -95 978 -13 901 313 -205 176 288 -371 -128 717 -928 -23 -25 -839 617 -979 685 -440 -481 -588 -14 665 -493 -231 -580 -210 -394 -466 892 729 293 945 284 -170 18 -579 99 554 -477 
467 618 611 -487 -857 -534 -170 402 -334 921 -597 451 415 -700 -122 897 28 -466 -457 -349 776 536 288 -900 653 764 -216 -158 500 611 512 808 -40 737 27 -493 -591 251 -32 -65 -659 640 291 576 -493 -325 298 711 739 149 -485 -17 902 -233 -163 107 452 -875 -17 -14 -778 840 -623 -885 -782 90 185 -469 147 424 86 785 -221 -173 893 845 835 34 856 -884 721 -621 138 -981 715 -80 -753 687 786 -15 -638 -34 -390 787 -952 477 -749 311 -787 453 
444 78 -663 923 609 134 128 637 662 218 -70 873 729 -335 -114 -317 -250 -743 797 739 -558 780 996 -407 827 -967 -729 -259 6 148 -145 -223 463 234 770 -796 208 125 -216 331 -553 552 797 952 10 545 47 770 -887 749 101 400 -526 149 -152 -393 -969 -641 -934 -589 -415 989 -224 -865 613 582 -497 119 -140 288 -653 -796 646 953 -222 -215 392 383 973 -912 453 -130 -959 705 604 -394 142 737 780 -802 -939 937 568 710 926 -961 181 425 20 152 
477 -729 787 453 -68 -363 115 369 -336 143 840 258 716 362 -672 921 -178 -771 925 209 -93 245 996 31 -751 -513 178 -406 -461 -352 -136 -961 -960 -271 -265 -757 -498 -938 -852 710 433 175 -488 871 -896 539 333 -353 -467 942 -613 665 -149 -188 -468 -928 381 -300 -492 -646 197 -474 359 -53 -778 -772 54 498 -265 654 -211 293 -4 -850 -150 -842 175 -662 568 55 614 370 -700 299 -208 251 -390 128 397 766 456 -334 -963 -627 -580 -564 168 715 881 723 
23 400 396 -455 -951 -451 453 -50 611 -9 -403 589 -679 365 228 -411 -680 440 662 496 242 457 -542 -314 177 -399 -664 -541 957 107 -537 727 -310 270 706 879 538 -919 -582 683 -927 -89 -337 14 -230 -859 -516 -479 -97 -902 366 601 -442 -538 240 -227 213 -117 577 -81 478 823 857 751 -248 -659 52 -448 -403 -108 -642 -84 -632 944 -927 186 -38 -127 821 148 994 -443 845 -420 -520 650 -558 854 480 66 -105 686 -774 -36 -388 -200 467 -936 -753 -150 
-480 -833 -942 571 350 448 -741 -373 -625 -100 -474 4 -395 -998 -637 -442 974 221 152 -266 -88 -462 183 781 -80 336 783 -463 -913 -896 955 740 -252 195 -647 297 -886 13 -42 -943 515 459 350 307 833 -242 -816 478 -469 -887 -682 168 630 -908 160 -194 -846 -130 927 352 248 -1 -892 -663 845 327 -966 939 685 638 927 -773 898 -908 -450 770 -905 368 -634 -561 -472 886 415 -892 -734 -938 978 -560 -720 -772 212 99 -630 -904 212 -720 -372 772 46 528 
542 -207 75 -912 60 -735 536 450 -580 -967 -728 -505 314 -627 242 79 671 65 -192 309 -312 205 640 250 101 689 907 969 31 -764 -78 677 353 -380 -256 -381 -252 229 -288 -939 144 -556 586 708 677 -543 -19 710 -312 341 -644 497 -949 458 -324 -619 -534 755 -123 401 766 -919 464 -176 -814 -182 -874 376 -146 367 451 -398 -730 -213 -829 528 431 -899 425 -670 821 -499 -534 -645 490 -919 377 -658 -744 -287 692 687 673 -994 162 436 -254 211 -696 -293 
-799 -365 -538 -497 514 -627 -913 -340 186 -533 -441 -514 -64 803 77 -462 149 413 275 318 -277 73 101 697 950 66 -593 16 -24 -417 150 -848 -185 -746 -279 718 366 -511 -300 479 651 186 645 -733 291 312 938 -764 -30 -841 405 774 902 -600 181 629 865 118 -400 461 -920 -618 -292 570 374 938 687 -153 -806 432 -758 387 888 903 -454 -635 -207 882 290 76 -129 -329 405 119 -365 -954 -245 -27 -842 -931 911 -870 879 -175 330 789 -27 -31 536 160 
-203 -323 -604 455 -777 -113 -381 916 531 -283 135 -623 762 -366 637 436 453 -283 -611 264 964 306 -177 745 825 -118 -138 -611 386 8 -651 275 -972 285 -160 -173 251 -998 169 -491 -324 910 61 435 -845 797 -296 -902 197 865 464 559 567 -613 -674 43 422 -688 146 -871 637 370 225 -458 -772 -627 -226 -102 234 766 -104 -326 81 572 -585 521 -410 -826 -506 582 -427 850 949 -89 -454 209 -225 -83 -487 837 -45 606 -612 370 -655 -495 384 797 -441 -7 
-672 -313 103 150 146 873 774 -763 259 -208 -618 47 -944 796 886 209 -101 502 928 -489 -596 -456 512 594 370 169 819 327 -961 -179 -853 170 252 -135 -403 -172 780 37 847 583 560 937 -21 -377 -499 -844 71 -291 363 369 -152 607 384 259 -909 -378 773 -892 -231 -912 -809 -697 -659 573 62 764 560 101 531 975 61 132 -715 898 -730 824 -840 802 -859 -823 -119 57 -745 -946 31 641 -984 987 747 625 -405 -77 -589 -403 -401 -57 -32 894 28 -167 
-781 -926 -749 -784 -59 652 128 834 326 764 370 -46 434 -628 -101 -923 -43 982 -190 -174 547 -800 434 -969 266 770 349 -486 -796 867 432 -87 134 -296 538 694 -335 573 -154 -776 373 -931 580 -264 601 -642 576 -436 -18 492 -141 -465 1 -176 346 -318 -770 -685 -725 -708 -486 -219 112 478 -353 41 -844 192 -826 -478 787 -98 919 187 908 -428 483 -229 452 361 -499 -606 265 -319 -34 917 988 -305 444 -447 690 -914 408 14 971 823 129 -333 862 180 
460 -733 -301 337 -932 -668 -333 -48 45 -711 -697 -930 567 611 189 772 -986 -316 430 901 -988 -259 372 -407 674 -683 680 850 -296 357 987 632 -248 917 -891 973 707 305 -688 951 906 -167 -631 909 521 -870 -46 -562 927 372 60 146 -663 61 66 -635 733 -959 -604 700 962 160 -480 164 -672 -582 616 90 553 212 -25 -478 36 -463 816 -343 -828 -228 696 996 -515 933 -405 42 -767 37 774 971 -828 -814 -357 -767 -198 549 162 -808 -188 204 -711 -506 
125 942 781 -305 421 609 -698 273 -828 361 160 564 861 -241 792 321 -311 -737 -494 706 -119 -753 -77 -314 368 -678 -348 -226 -980 865 425 969 881 620 -916 -391 451 818 295 -427 609 31 110 -265 329 951 -661 370 -382 -419 13 -217 788 -197 249 -378 252 883 972 -534 823 -711 -43 -411 -988 -851 -989 317 -220 165 681 -271 441 -145 -678 -288 330 -278 752 -155 -893 -885 355 -522 -438 305 -835 527 430 -410 -550 -304 994 439 532 -188 308 875 -90 -829 
-773 -48 -955 923 423 -139 -783 -591 673 -549 -441 -994 -612 -974 -493 667 -693 -587 823 875 -633 785 -407 -321 238 620 -943 -489 -344 584 544 528 -58 800 217 790 -651 332 -953 836 203 401 124 855 -982 -59 854 -500 761 978 -269 -986 -850 29 865 43 517 -458 220 53 -510 642 -160 -900 588 660 477 508 667 -132 -121 12 76 -96 373 -729 -297 348 673 -946 -200 585 -329 -635 572 332 224 180 -984 -720 703 747 354 702 -756 -707 647 -254 324 224 
790 -142 -177 533 -464 922 101 621 278 646 567 -292 -186 30 -20 -761 -850 -546 38 972 -135 -944 471 -849 -838 748 -376 106 -109 512 -478 703 292 847 530 707 126 -759 -932 -351 -930 97 292 183 351 -945 313 -403 -61 982 -616 -157 -97 624 627 620 -333 -34 524 663 102 -193 128 -830 -456 -847 -411 610 709 794 643 -154 116 287 82 -644 173 -128 33 -134 -606 -262 -136 -67 465 -490 405 826 -887 -530 78 -273 -469 -391 -223 -36 883 148 -408 695 
-915 -757 -688 178 -182 -115 -561 -560 -603 -715 642 -917 -631 -691 -467 961 371 310 -66 -9 596 -66 616 534 92 -363 -225 168 424 -699 433 -320 277 654 723 -653 748 -490 443 759 182 42 -287 -915 443 -309 -246 382 562 -94 28 -733 842 -104 -380 -383 -735 442 -88 965 -534 270 -540 402 250 905 -111 499 935 -349 686 -234 748 890 -237 -291 -680 -786 737 408 -963 529 -616 700 251 4 -534 949 149 -212 993 -64 -494 105 -628 338 -964 628 -566 665 
-113 191 -427 -893 -572 351 -368 441 309 -120 -193 -698 756 -767 920 -339 -756 -218 -602 -734 -734 -841 318 -148 -453 -28 252 -238 349 597 335 -588 -962 -848 -20 -171 332 370 951 572 -26 -815 -423 897 -630 293 -974 14 -445 -685 -29 804 313 597 -911 467 880 428 -619 -693 982 515 135 546 -296 -987 614 -42 -354 -927 -651 175 -80 -970 -117 728 547 -702 -257 -254 776 364 -180 91 780 -813 -557 -661 -956 -221 -542 -278 658 137 557 350 548 -596 766 -902 
204 527 484 815 -988 63 412 -108 658 480 515 171 848 -169 334 512 467 4 -795 393 -852 -710 -422 378 48 522 18 -479 221 -562 711 587 688 -5 203 -593 831 4 -792 301 66 -570 294 596 563 -229 816 -368 -236 219 230 -887 190 587 -307 427 264 -73 -123 176 -299 576 579 519 584 -455 32 -871 -840 504 -698 -109 -927 -163 -926 -210 433 -964 646 -161 -657 776 -795 -26 925 -516 487 -652 628 -63 337 224 125 -949 -437 657 -2 239 127 769 
-364 -580 870 -530 -107 43 -436 -971 -547 -734 576 139 -556 -627 57 -859 -610 77 -877 -423 717 913 -101 199 -241 -902 -987 734 306 800 335 246 249 -945 -552 -677 268 663 -749 -881 -470 -618 -127 401 -418 39 -909 966 -866 -616 -245 -744 849 213 281 -799 -449 -94 359 410 132 892 -904 144 -52 590 593 -949 -530 958 772 701 -504 571 -577 -465 -68 -498 -765 -614 -544 -539 477 230 83 956 862 937 -416 -781 791 730 115 289 -846 721 -99 -21 -765 825 
-185 -242 155 101 -236 -953 488 -77 465 -925 -866 -43 751 -226 -849 575 441 221 701 276 -853 43 413 -25 602 311 -997 -554 -26 -718 564 -193 926 -664 -738 545 687 -813 534 -924 -795 -151 -305 -457 -706 587 -943 -756 -844 98 853 -190 755 -99 701 720 258 934 328 -403 -506 -802 279 -85 1 431 -91 819 -374 -336 87 14 -66 -697 -512 -454 -365 920 753 -690 886 789 220 -315 -370 16 532 573 -998 -942 758 -942 764 -704 780 -245 77 -695 481 -530 
265 -336 113 -38 844 262 824 657 754 -50 91 567 848 336 -414 225 -356 -165 -84 841 -982 623 -342 554 204 -685 -118 -479 -312 -892 133 614 126 333 -885 526 -570 676 980 -6 912 629 982 328 997 313 -499 867 -983 925 784 -701 781 112 -774 619 -353 983 -394 -685 900 994 -636 935 548 -998 -319 -119 -337 84 -629 608 788 200 -608 736 -600 219 158 30 947 251 -942 -403 223 -617 -415 -381 -63 -777 -348 146 -703 547 838 572 -44 -455 -731 301 
405 923 -11 80 334 -304 -903 110 293 -170 -802 359 525 -784 388 265 -484 591 -282 966 904 -10 871 565 -750 308 -952 212 755 752 -53 174 -869 685 -691 898 584 -516 252 783 262 434 457 -159 573 -998 -988 105 -189 990 -610 702 128 -386 601 46 -178 -799 -923 -79 -334 -167 -790 769 -800 -242 184 574 -841 457 456 -264 -587 -725 250 867 28 401 889 -390 -414 -320 -418 590 -555 -958 346 30 -134 -117 302 397 -586 -632 -39 25 265 -712 -564 -232 
397 553 619 -737 985 894 270 -244 -955 -334 -973 -540 834 755 156 -528 -331 -432 237 -658 668 -174 -602 869 -884 901 948 -205 -315 -697 -409 -22 521 311 -676 409 -516 -837 -288 -14 192 499 899 -47 -13 -512 -213 -374 -218 910 78 607 543 -865 -987 -828 -814 -433 -671 -803 -597 -431 -202 56 876 363 -233 174 934 321 -71 -277 616 986 922 536 714 -901 55 149 95 -216 -935 -573 -381 309 411 -645 907 -511 914 490 -113 -357 -658 480 76 54 -61 -108 
763 525 296 -888 -787 -363 -407 -979 345 478 -431 -750 -892 -112 469 -115 188 228 -562 212 -180 -685 55 677 497 -943 -520 -263 112 811 -133 207 277 -968 -828 -704 815 956 453 465 -920 527 570 -105 -182 -837 -171 -949 429 -327 195 -907 -657 215 993 149 -113 -463 -478 82 -265 -93 -510 948 -631 -78 -149 891 -626 -402 810 -769 -688 -293 870 852 278 594 129 203 -809 -161 -124 676 -880 -355 -675 830 -326 -839 -827 -829 -659 781 310 853 994 -388 25 402 
249 118 551 -626 933 -453 -998 -338 -365 344 -93 -108 794 739 -987 -207 688 501 -452 -75 451 -847 76 582 939 103 -854 -287 -543 -410 58 790 617 -280 -693 156 -571 -295 29 451 -387 -312 148 -205 -174 -826 -65 289 -788 -610 346 433 -980 566 658 -773 -318 -834 -409 415 112 -49 182 -309 918 823 -574 72 311 696 -771 71 767 291 565 988 -164 -868 -419 -766 67 504 722 -169 831 503 289 -856 393 -789 -275 -525 735 987 106 446 392 347 -459 187 
320 470 802 631 294 -31 326 -987 306 -232 911 579 -147 475 740 -165 379 22 -956 710 121 -770 -530 -27 641 149 562 850 -472 -432 -561 138 -41 -927 980 621 502 16 -339 -273 -612 -97 519 -961 61 -716 -445 -704 -306 820 -96 957 484 -873 648 -179 167 298 -183 -21 -663 -207 404 962 -739 419 -38 326 538 574 260 -246 941 -656 -400 545 -208 53 589 -933 -456 -257 -551 -703 203 225 -331 287 -669 -663 973 62 -234 -780 -413 -934 52 -835 -618 326 
-349 918 203 224 -52 654 -457 198 -41 336 -49 -542 175 -474 521 707 724 -898 -235 386 600 -234 -3 480 -348 -683 -822 -718 -239 -799 727 -338 455 752 -380 -720 736 -87 -532 859 605 393 -221 -430 -830 -303 10 270 765 596 787 -336 49 -924 898 335 -58 -716 -817 -550 512 257 613 -123 -382 -221 -650 500 -580 -22 606 -597 804 -601 110 -270 966 444 93 -154 714 -106 -542 -76 -696 -536 573 407 464 842 860 769 -842 -131 958 -262 808 346 -848 284 
392 -138 211 147 -431 428 852 934 649 235 496 89 345 276 -453 -3 642 640 213 -71 -976 577 -999 995 81 -246 10 930 -660 -14 750 846 -130 -521 -67 -82 -86 -617 211 974 -198 -967 314 210 85 -176 606 92 443 -25 338 -815 -390 173 -33 -599 -806 271 -814 470 -122 -725 886 855 95 -875 883 -114 -843 97 -725 -267 313 -191 -281 -715 -277 -530 595 88 405 -781 -529 992 -841 589 490 -152 -875 -495 -625 382 440 -94 -513 661 -523 816 288 382 
-923 588 100 -51 -438 269 -602 -205 -119 -107 249 -848 -386 33 186 -172 -95 506 -146 231 668 393 -80 256 -227 -174 898 325 -592 -886 546 887 536 -265 -398 732 -475 508 761 580 924 757 690 341 220 460 -628 351 -423 22 643 -466 110 116 -889 673 879 -115 648 771 398 -708 -115 -886 -567 -555 120 562 -210 -656 547 466 969 70 -735 124 -2 868 61 690 -287 -306 557 825 744 -92 45 -72 422 -60 797 -336 -236 -531 -229 -79 -16 598 684 8 
532 461 -364 -432 489 -613 47 -924 142 -992 -719 -332 907 -993 -818 601 72 -428 891 889 693 -863 -927 -463 -450 336 373 -338 -935 -203 511 -515 248 -358 219 -375 -868 -958 -831 -457 204 190 88 114 99 714 490 554 -713 86 -185 615 -487 -912 212 -128 458 587 -788 407 -765 -501 -492 -866 455 457 381 926 250 393 -248 -58 -239 794 -604 -518 -259 848 725 -659 303 893 -822 100 -521 202 -108 -798 -883 -874 -912 709 -242 746 -689 -799 -35 901 -403 -26 
-961 235 765 -780 704 -481 705 150 911 254 -296 776 -75 -951 -572 598 837 -29 -812 -313 -149 99 16 417 585 -388 478 175 194 -392 -955 -821 -579 901 -715 241 974 -25 -507 -354 -566 -127 -880 227 314 -452 -177 817 -359 942 323 554 -849 -64 372 545 63 -772 993 -732 -217 231 79 720 -412 -496 -904 912 -45 195 -630 906 -228 -803 -871 193 300 759 -787 750 694 820 795 -362 -676 959 479 311 -480 -377 -656 225 916 -26 778 627 -391 87 746 -384 
51 399 207 736 118 266 -156 -600 -877 59 -708 -315 -456 206 372 -985 -377 649 -809 137 686 -773 -66 -391 -877 106 851 -112 47 763 -939 -893 -32 -398 772 72 -955 309 922 -49 -645 422 269 715 -52 14 168 413 761 -313 -664 663 -691 -497 67 204 908 182 -365 394 -349 826 0 -422 -170 -732 -779 954 -212 276 438 733 -787 -563 512 507 682 510 -682 309 -943 619 44 916 -140 -753 -582 694 916 -694 973 -259 -961 578 21 -151 -771 947 122 -113 
228 -400 -49 -122 -594 456 -154 417 -534 364 -501 299 34 -934 -88 -4 784 -31 31 -992 -180 68 788 528 -730 770 815 684 -220 157 253 527 354 671 -831 -706 -870 765 565 974 -813 8 908 -636 350 -889 482 -843 -966 282 405 331 802 763 -576 702 176 -282 156 483 -811 -477 -123 960 813 743 504 422 584 746 -268 -292 835 -53 189 328 41 318 471 176 591 -972 651 -789 736 692 515 588 116 454 -994 969 -315 -192 506 189 746 -506 86 164 
-483 61 -66 -660 327 -883 -908 826 53 -257 -365 821 -147 329 -54 -516 -741 -662 -247 -306 195 403 -587 -98 965 355 768 -219 326 -949 -250 -160 -459 612 750 -540 814 683 -415 541 -458 790 -489 -815 -115 -64 314 -709 -140 -803 397 588 978 606 -204 131 -184 -26 -120 692 -343 -686 574 -435 -668 -822 -969 55 259 -602 324 -493 767 -771 -699 837 891 827 476 -5 -466 -881 21 790 11 259 -863 976 453 329 -868 887 -213 913 890 860 907 348 897 554 
65 672 -373 577 100 912 -592 33 -892 -507 -762 18 66 -911 668 -588 901 -813 -786 832 450 478 616 -922 -626 398 -326 -637 584 -207 -297 215 605 -891 -730 748 48 -355 161 -753 -662 981 -157 994 474 846 983 -28 35 -36 763 814 -372 70 175 -522 -394 554 855 -854 626 -740 -99 -603 -484 572 130 -147 -278 -977 173 433 -65 -463 -132 260 -930 -653 -954 255 -956 -318 73 -281 -86 546 -740 -85 911 883 122 444 -697 606 -361 -141 -807 612 -741 39 
582 -768 340 966 129 795 -189 -334 291 807 350 -174 -85 -18 616 -788 799 775 317 -837 321 553 -534 -904 -130 -307 397 -38 209 -789 349 -666 488 -633 -920 -622 -338 -597 -893 158 652 -480 -680 -91 -984 -636 -19 -752 -625 -827 249 101 100 150 -551 773 510 -137 346 393 -281 -31 134 548 467 262 4 950 -190 -425 139 -989 -340 -313 -219 332 -592 814 -363 -952 -321 -368 839 818 299 572 492 -798 121 117 481 -48 658 915 117 501 -540 472 -290 670 
-645 -53 954 247 546 208 938 -432 -479 264 210 -349 111 -144 -470 568 304 290 -646 454 -708 -355 26 389 -994 -635 234 -653 -228 811 419 -941 -424 -559 -672 812 -184 503 985 -263 498 -776 -675 -542 -296 531 911 -374 834 -215 -631 235 283 -784 816 110 379 -36 446 -707 -374 175 -141 -51 -426 -509 -474 919 648 844 266 347 -580 -312 482 -255 -164 767 -205 -100 800 -9 79 732 878 905 336 60 589 479 657 693 10 -218 236 520 750 689 688 -721 
835 283 -830 403 81 -629 -311 146 -94 -670 344 -545 620 -846 592 -559 -645 -728 578 -304 -666 145 610 -19 82 525 -207 660 465 433 788 620 -958 -27 50 -948 463 63 -234 -690 -290 -826 75 -329 928 -505 597 -192 343 -406 -324 399 461 337 -754 198 831 567 462 -560 -447 -879 -970 -877 344 -321 533 -627 255 801 552 265 -981 -296 246 820 -121 157 -775 -642 -426 -406 14 -515 -405 603 875 165 214 -569 -61 -59 -364 -39 534 -77 -627 612 -798 -744 
462 73 449 750 -28 937 755 -221 -22 -6 969 900 511 -319 155 288 55 233 796 391 -71 -771 -461 881 199 215 975 849 344 -548 -453 -544 -423 -932 -945 586 -843 573 -390 -880 -559 -681 395 341 223 -397 226 913 236 -288 886 -400 24 131 -722 -112 178 220 517 -306 -670 -491 -739 -22 -921 529 387 -582 319 -158 -519 -470 635 145 312 -791 736 370 -723 -428 -776 102 -504 566 227 173 -215 -967 -176 -892 -978 508 -628 -373 -615 -3 651 227 505 289 
-598 -174 190 -836 78 796 -917 731 -259 260 -179 651 56 -233 -606 -897 406 818 944 -788 -771 154 -658 549 365 -969 439 -230 212 809 -806 886 120 -522 -369 366 -679 818 -762 893 859 -889 -425 758 409 -717 628 -286 -15 -598 587 61 -144 -501 138 971 351 698 -828 203 548 94 -56 -922 -980 853 715 965 476 -313 -178 960 169 464 -680 497 -898 657 866 -422 169 -753 -328 -412 -759 -473 18 185 -972 463 -116 -729 -461 834 178 -825 357 334 -269 966 
545 -268 927 332 238 451 -935 -764 -584 -43 -491 220 -914 -904 -842 667 -467 257 -690 861 260 -665 834 543 -186 691 -840 80 -147 -455 604 -414 -855 874 -704 212 504 -759 -116 -720 -28 959 -6 -165 -551 235 456 125 -213 -816 963 -455 -483 -529 -865 942 -677 847 -339 505 260 -69 717 -771 -31 218 747 395 551 -402 805 191 935 330 -919 -666 772 271 -173 -94 508 -853 10 -864 689 -345 877 697 528 495 -576 971 -163 659 -254 -55 505 704 577 -372 
4 229 223 -714 311 -556 106 -288 -973 577 -69 390 622 -642 737 -743 -816 -199 -817 -106 -860 -880 872 -150 -443 -729 -628 -304 -101 -440 -141 95 461 -700 -118 -578 777 370 450 148 706 -797 414 -289 500 -472 755 967 -790 238 945 -829 -721 -768 -399 7 894 317 -24 -398 818 671 -985 -364 -911 -616 307 987 328 -929 190 -283 -462 -384 801 -255 -993 -227 611 -180 -152 -596 -100 746 -900 -531 -443 864 -48 436 -569 856 -194 -806 865 -673 -15 -989 652 668 
