-742 45 266 487 943 -10 216 787 -663 -728 986 -473 -371 -933 916 -762 -339 -555 974 -425 -921 -110 933 262 -193 -299 223 205 -969 896 -499 188 522 -828 -205 310 879 -567 804 359 -384 -500 -228 -258 909 -372 -489 85 1 -839 -78 379 751 109 739 352 38 -49 156 -757 -137 677 -836 724 759 940 -245 989 48 368 -192 -607 747 585 839 -164 -985 284 -401 -951 876 -60 338 737 74 -415 -410 618 -845 526 -701 -291 196 -964 -282 -404 876 918 -823 -994 
-915 998 -568 -814 -596 709 -320 -12 -427 -946 369 94 -378 939 -755 492 353 731 -12 458 328 717 10 -522 -327 -283 328 -462 908 -373 -844 168 -277 142 551 565 485 -854 -165 783 424 593 981 -514 -828 -836 541 902 761 378 946 -753 -176 -483 222 -575 1000 -310 -33 -493 -137 -499 -945 96 -411 100 -148 -238 -261 195 -470 408 -874 975 597 60 -693 109 960 -897 -551 823 921 763 -776 -4 213 -638 137 659 -55 454 -443 594 -382 101 509 171 714 235 
-785 583 -23 93 968 578 108 192 977 256 169 158 -534 -466 274 -138 -454 -217 -633 -671 914 757 40 -906 398 -934 -370 -147 -333 802 433 -844 -897 -163 -782 514 -460 756 -459 908 -18 545 897 353 -49 961 -448 252 -221 732 -342 712 -176 -597 965 -288 1000 -61 520 -909 -560 922 -344 -728 -807 289 -542 501 -318 389 494 -737 625 -319 -631 614 862 -72 -900 -524 995 146 -34 -577 -750 297 -90 -674 -294 -338 541 414 -934 -681 -669 123 248 544 863 -773 
-168 -877 116 831 -116 -906 -89 -39 -35 -82 -424 98 -781 -944 -967 610 699 -139 -874 190 15 871 -573 -166 471 -323 -96 437 193 -836 -123 -844 -524 -96 321 -818 -386 331 -713 649 -597 -847 230 -684 800 -417 -636 711 112 -310 -732 837 -238 -597 14 479 434 627 -61 881 608 -566 605 -681 546 703 -179 -866 -37 -738 25 -605 -620 319 399 827 927 422 -643 993 -21 -699 -890 522 -997 813 -446 -383 265 473 -269 670 -389 737 748 -935 423 -581 114 941 
-693 -877 193 -382 -636 197 406 653 98 -561 984 134 -69 922 -69 162 -899 -971 -933 -512 -485 -360 -317 -230 -372 515 -328 -27 -731 -836 -18 -248 -469 820 -254 -818 508 59 -428 -16 365 180 -664 -333 16 961 -587 162 -466 -417 -506 -743 556 -124 913 383 231 465 1 -780 -239 570 -520 933 718 540 419 252 189 -581 855 -477 -504 909 261 103 954 778 298 162 551 -220 -482 344 -414 934 -111 189 -49 88 -482 379 -750 -417 -496 310 106 799 568 -515 
206 825 167 60 749 -520 232 153 431 -120 -9 -412 -700 653 -109 639 95 288 -166 -544 -562 699 -721 398 192 623 379 921 -928 237 12 -84 993 -577 -623 -16 76 943 -638 502 -126 400 428 103 697 -417 246 -801 -784 400 -724 -743 382 -480 272 379 975 444 1 40 628 -762 -40 666 143 -273 -941 -222 -903 -460 -209 559 -25 -27 937 -283 -645 -419 352 -199 321 759 725 -299 -747 -381 -202 883 -994 -173 636 714 301 -804 -779 -163 492 -384 -46 -69 
-634 -730 -928 706 954 977 734 -904 -867 561 44 -764 -995 75 630 -687 242 -803 172 573 653 626 992 371 462 348 786 983 740 -753 198 582 -199 -682 29 -56 358 230 197 162 -904 205 517 96 451 144 -615 862 421 -763 229 531 -300 -605 -924 548 952 -439 -98 398 -140 -186 575 47 -432 371 -292 373 -781 -295 473 -182 878 -749 199 -699 280 316 140 -956 171 -389 -942 -762 752 -267 458 -99 463 127 956 -183 74 -127 616 -892 515 -773 563 640 
-342 -453 -760 -499 -670 685 758 -403 358 297 628 -261 -655 685 130 -202 -91 81 59 -957 777 -181 -591 905 -292 -983 988 32 -340 -682 427 -603 -71 688 -878 -590 236 -167 -396 623 908 943 564 -932 -721 -933 397 958 -140 -108 385 -410 -416 -263 161 844 679 312 267 259 764 699 -891 -720 -122 -617 -939 -680 224 872 -128 -905 485 -122 -851 515 -913 -824 -575 -996 29 555 457 244 200 922 699 -718 561 -506 642 372 -318 428 706 614 -274 -369 -585 -36 
-164 -113 470 -844 -891 -87 -438 -998 300 348 440 39 -655 -836 117 -129 926 982 730 -395 671 536 643 585 -801 88 -267 -720 4 -419 427 -769 -60 59 -878 771 -366 494 -550 -800 702 -186 -785 -984 -254 707 -323 -395 550 -383 -910 554 709 -882 -641 900 -671 876 -35 -641 -578 -30 -713 519 -160 -553 391 -729 931 336 769 -319 -332 -199 -104 623 999 217 -457 332 -997 -728 -376 618 -793 -158 -248 234 -381 962 260 -313 -151 -572 577 376 253 702 -827 -34 
775 731 274 433 532 -591 -809 -800 847 403 -699 887 -905 -859 892 760 805 517 -118 -37 590 120 -473 975 905 227 349 -392 470 129 -320 826 -388 472 -601 648 -189 380 526 451 260 -666 397 -585 -598 66 191 521 -755 -568 -295 861 -462 514 92 -605 -67 -54 797 -978 -22 -481 -939 -910 -272 -4 930 -592 -604 297 760 42 173 274 383 348 -476 263 479 661 616 76 64 -213 880 -779 800 488 -300 752 651 873 89 367 -103 -85 252 644 781 250 
-732 245 284 -18 -509 156 -863 -167 -313 -239 -145 434 -13 637 -753 512 152 -213 552 -181 -967 -273 188 67 769 808 -745 688 334 151 150 -335 -162 -168 616 88 -192 -765 480 -505 915 7 54 563 -200 -146 -792 -88 373 -339 -917 223 -462 217 -597 16 5 650 -592 -536 -209 217 -596 607 -370 -27 -389 59 735 -112 -344 916 -35 462 207 -983 -525 878 383 -890 -505 11 584 745 -979 -300 -554 513 734 -543 603 883 408 197 -199 446 625 -458 755 -347 
313 -398 579 12 374 294 260 368 -998 842 932 -735 -735 -665 -37 595 788 680 937 -596 430 560 -305 86 -200 706 -132 672 -87 527 578 -569 -533 -168 739 981 964 695 130 -700 9 -652 227 -689 38 -125 -450 -206 684 833 -699 -911 -519 780 -712 603 -505 -707 -144 761 76 -566 229 -428 -14 281 385 93 321 643 222 -509 780 874 859 808 -582 568 548 234 -314 236 -63 -446 -457 234 -836 423 734 832 163 763 -473 -325 238 -565 466 -85 976 -684 
813 680 -72 -320 204 617 -447 -564 737 -449 653 -464 629 671 109 -747 447 -305 247 -191 785 -158 264 -15 -46 -283 -581 -722 -691 57 -639 767 -956 835 -314 -204 14 42 179 579 -155 -786 -947 727 309 758 -695 -902 -234 -513 -323 -96 693 206 494 665 -295 -998 349 522 -383 -626 -521 898 396 -413 -632 -423 941 829 -16 -755 -968 218 -404 808 -112 343 900 -1 728 929 112 -30 171 117 837 -636 -647 47 62 -130 -300 -994 -979 -971 22 798 739 381 
827 594 -597 -639 -170 -98 879 -748 -516 -997 544 1 256 -12 492 -280 -310 -353 -350 952 969 -684 801 257 -893 -308 788 -849 579 302 45 767 -162 -933 728 427 -111 640 -73 -125 33 -513 -48 417 276 462 745 613 -48 831 -674 -392 -497 263 468 -171 789 632 -655 229 94 -413 363 -642 288 -16 359 301 -873 -963 61 847 815 488 685 -308 -499 -464 16 -972 531 -189 903 139 -626 -615 -671 -755 -958 831 391 -886 -50 777 479 420 -335 -784 -398 -458 
-314 192 -124 45 -991 -35 -481 530 870 -754 924 348 512 766 -768 -263 689 68 634 140 798 824 111 802 -293 -235 -92 -708 284 733 -560 11 -996 -933 -752 -991 223 -40 -79 553 712 -127 -323 990 763 -137 133 454 -360 273 522 -392 244 843 762 -121 411 -24 -313 277 -208 44 457 -156 -384 -119 -481 -970 -201 -602 788 202 -504 -657 -217 742 698 -379 578 198 531 975 -774 930 776 -248 -426 559 150 306 -819 -540 455 -125 690 -699 298 41 825 583 
-568 -523 -480 -891 -582 797 -245 253 -755 133 -971 -770 -131 -285 252 -535 652 300 -304 596 -706 -625 589 942 -297 710 321 -708 579 393 -578 -929 612 -509 -410 391 965 -931 863 -446 286 30 72 -109 -555 992 -239 -109 -104 14 -307 379 32 -439 995 75 943 -24 719 -269 -259 -463 451 -52 797 778 -141 -293 -786 481 -630 -730 489 -605 -734 -110 -911 381 -171 -758 -777 964 -469 276 -478 532 190 -661 669 -30 805 279 624 77 -993 -133 762 4 119 230 
412 927 -605 936 -32 367 -302 -117 16 524 -108 -821 286 288 -125 -891 732 -51 -243 58 -289 -778 -479 -336 591 321 321 -129 -72 157 375 891 332 -122 -410 26 -919 -79 -986 706 400 731 -285 912 44 -251 201 -358 -613 611 -476 -267 -720 -439 269 -947 476 -804 -320 -663 90 -414 -379 -532 -500 32 -799 -260 20 991 -555 872 938 -226 -544 811 426 999 -267 497 204 115 981 -428 509 232 206 -292 -86 147 -845 -844 126 -829 480 -832 230 248 -815 88 
79 280 -882 699 -428 349 -137 625 -875 -153 773 41 616 -202 -899 553 145 566 90 263 -110 -868 977 -39 56 -979 71 -902 -597 378 -891 178 661 667 -79 -940 535 75 -679 634 -214 931 318 -796 -147 263 965 -438 -756 -238 -629 -20 449 568 133 -166 -596 338 597 941 -60 -414 -358 74 -299 331 475 912 -11 296 535 71 -289 -297 280 767 -162 779 -947 245 771 965 -83 479 -69 486 799 635 -697 -561 628 -508 371 605 312 -430 -9 -176 49 732 
-283 772 526 -643 -405 -70 -491 -831 843 -9 -790 994 -274 422 554 572 961 -146 -634 967 971 630 -395 -886 -52 -229 45 -329 422 -301 0 202 998 667 204 -295 917 966 44 -744 173 458 682 -85 419 -161 -81 518 -105 629 808 -581 -392 -455 483 97 -116 884 -212 397 823 390 518 876 686 342 921 604 -720 197 678 -329 558 626 -421 -522 832 -30 -751 424 -635 535 311 343 337 275 -229 -509 437 730 -41 -151 408 -204 24 28 -898 281 -152 341 
-159 -476 -462 -821 -493 719 -239 561 -943 -364 -242 -785 -270 562 -230 950 160 11 426 -774 -934 -25 -957 -853 -530 469 -77 484 778 -301 -401 734 234 686 520 521 -369 -735 -97 -705 811 -302 -5 -374 87 530 -526 -716 -201 107 808 -41 -543 343 -905 -395 -636 -798 889 -127 80 -488 -162 -729 282 -796 583 586 633 22 -793 -980 234 3 68 213 -955 54 97 892 -246 -369 -680 -36 -930 306 660 -967 275 -608 -799 -737 493 -451 -86 343 -734 841 727 -560 
-934 -476 217 298 -870 597 628 390 555 317 563 -476 -334 -14 783 441 -15 310 256 10 995 931 -964 579 -243 957 998 484 -419 -435 -401 350 823 727 520 -911 464 -254 173 -85 493 884 826 -337 631 810 234 -226 468 -146 -585 57 807 723 55 -497 749 989 372 883 80 295 687 58 -491 740 -370 578 306 56 -447 669 264 -932 458 -400 -170 -649 -730 -538 -528 872 -978 940 -535 52 -944 620 -249 -492 -424 -223 -184 -233 273 830 -488 246 758 -458 
-293 -530 780 426 -211 372 764 11 -26 -763 989 653 -315 -53 862 -755 575 -554 132 -371 396 -251 -224 152 42 213 583 -902 -82 881 394 -122 968 573 771 -859 -455 -987 -166 -982 11 -566 975 0 -262 152 -498 -113 401 903 -308 435 -722 -464 -72 422 -148 0 -746 160 -798 335 496 392 696 588 -220 -931 501 -170 -981 970 -33 -345 661 -945 -717 675 261 -772 -843 -920 735 -791 -39 -217 -839 -229 -385 965 956 497 665 656 365 -232 -846 628 496 23 
-323 -218 206 -575 -27 708 -22 5 993 901 -708 -17 497 -102 -918 689 -132 994 -732 -682 -609 491 -673 -329 -822 -400 -708 122 -82 486 936 -518 -1 361 -21 -385 -598 -523 -420 616 -737 170 305 -267 712 -157 169 267 844 -889 -898 925 -849 606 -962 -901 954 63 708 160 -798 546 9 -203 -428 142 328 980 -280 643 -294 -471 925 -172 365 -550 -45 -384 -431 -397 -841 108 485 703 384 -371 -336 669 -203 -92 -908 581 -881 389 -956 639 17 -778 123 -655 
-674 -801 568 -288 -277 43 -209 -865 -42 -273 884 453 559 -470 925 829 -332 26 -292 824 930 573 794 -12 -47 -400 -708 -42 709 -570 936 327 158 332 -12 850 628 419 -785 52 -100 -570 879 -999 -1000 -162 219 -799 175 494 -545 -500 -329 -454 -629 -373 -916 708 19 -563 721 992 -424 -851 658 -121 -353 61 -896 829 -427 -917 191 -501 552 969 -630 -312 -373 253 551 566 -864 725 -522 -874 -509 939 -128 -185 170 488 506 -331 -262 688 -419 -448 112 -129 
-983 234 -455 578 -897 -218 94 -749 702 895 863 -377 421 -525 829 908 -644 809 19 720 35 892 234 136 -787 -945 -105 -271 -824 233 -952 -122 158 -364 -12 263 108 316 -433 450 344 997 -908 -231 725 -470 868 -483 -309 -494 709 45 484 381 -527 -90 -581 578 19 -563 -220 311 194 457 761 -868 361 -723 507 -602 -706 56 911 -896 227 -212 -679 -842 -90 -417 512 -582 -224 320 630 977 -836 -302 -722 512 109 94 -10 890 -123 -185 -716 -761 -79 -768 
227 -112 723 383 -524 431 -60 -698 206 604 -174 -375 851 339 635 706 -768 139 -127 -392 461 625 -469 -339 384 -917 -839 -564 -824 -619 -643 714 -972 108 -528 73 566 805 -453 977 -277 -987 -325 709 907 -384 170 798 856 82 811 998 -129 811 -873 -615 -430 -867 43 -450 -921 867 -483 -362 -133 -647 -995 -11 -839 991 -706 652 -691 -419 -66 -511 831 355 889 -897 774 459 -487 -922 -656 -781 -859 117 -690 -345 769 -989 186 543 -482 112 -810 652 727 -533 
706 538 606 -323 30 876 146 -848 -924 246 -507 678 380 454 -427 393 262 939 -977 -921 394 -400 -221 -790 -390 -550 -320 -490 -764 4 298 167 -972 23 241 -723 -73 -122 162 -35 815 479 391 -714 874 -112 -410 -31 230 -535 767 -910 484 -721 816 -338 866 -367 -412 206 879 121 521 -932 -126 201 -947 -104 -556 197 34 -535 -258 561 5 -157 -401 -686 577 -892 -548 -253 609 -971 166 -795 -665 311 811 609 911 -287 853 -24 -897 -912 -438 67 -918 -233 
-308 698 381 844 728 650 -220 459 -545 -417 285 -502 -415 -128 828 -258 -789 -661 767 -219 -548 70 938 -195 -474 162 -40 -490 217 739 352 -939 198 975 241 -941 28 505 9 98 19 976 -475 -985 -251 738 -493 247 -117 348 469 583 -902 -688 124 800 -891 217 -950 180 485 88 302 51 -785 713 -256 -412 578 22 470 -572 -295 944 -150 -304 -699 513 -541 -310 368 -791 -707 -946 169 495 -859 -23 -68 -936 53 927 9 650 959 516 -786 -771 -2 210 
-235 -911 1000 900 -71 -551 -921 901 -955 -772 -325 -792 500 -291 -902 446 195 782 24 -846 271 23 -188 165 -12 -212 998 149 663 222 426 979 709 -505 -252 604 -200 537 -811 243 717 312 824 899 71 417 653 769 585 -273 -70 351 -42 -88 146 -317 919 185 -950 -548 -845 950 -127 594 -686 620 -909 151 -386 406 -256 803 90 -945 126 -457 91 -135 -475 -61 -666 412 -663 364 -263 -655 637 687 -552 -673 -428 -45 208 -476 132 -848 707 -285 -295 -866 
-408 -699 999 16 -956 -805 415 901 -94 589 -900 150 537 -734 -931 -57 -691 968 -839 427 -138 363 -576 -236 -923 -511 104 -180 206 624 426 721 -893 238 -306 -773 459 213 73 171 214 719 511 -107 -298 -128 -382 351 507 -908 -522 -708 -564 564 -56 -283 298 542 876 975 266 -2 -198 -60 964 874 -599 311 -795 -609 -14 -497 962 -900 878 -431 371 -901 -448 95 230 966 450 585 -48 -905 -287 707 895 756 969 -373 -842 -774 12 455 -826 438 -935 211 
811 -162 739 -203 612 197 879 -542 -64 449 -349 79 950 -938 -934 226 591 96 431 -352 -45 -501 -565 908 329 -157 -730 50 843 14 140 -231 -50 274 551 214 -522 -242 -6 552 708 809 278 -734 682 -799 987 -41 -119 -453 213 -436 -42 999 880 577 440 -704 332 918 667 -509 -197 -152 -466 -880 -443 -963 495 -908 -868 687 -307 -188 111 869 -112 -911 4 -616 -858 131 407 -537 44 357 264 -409 256 690 125 -724 -929 -258 307 -789 -415 148 128 -251 
-229 -691 846 -674 661 -773 555 499 -621 -727 94 564 -588 386 -877 368 -697 -580 496 -850 -681 499 610 621 -586 -304 -453 261 878 -924 -575 16 -758 -615 -429 214 -253 770 325 466 241 -768 100 70 -900 -230 439 997 -837 574 213 -599 -271 739 880 -994 -660 -161 -551 -971 76 213 131 611 -805 133 -234 -151 -794 -21 627 -409 -819 -687 -607 -102 -268 -86 408 444 564 526 977 -561 628 520 -285 -523 -778 -855 -994 468 715 301 670 787 -477 -462 106 859 
957 998 -319 665 -890 551 266 205 -885 70 -931 -830 -667 178 -474 909 -514 303 660 760 372 807 -737 973 14 -457 -91 -883 -439 913 -457 -760 -832 -292 512 752 -791 580 134 308 136 -660 132 664 -57 -486 462 144 -773 396 -400 209 655 846 -123 -541 -615 -148 -805 -971 -601 -753 608 -862 -369 -601 -237 219 520 -16 -174 -372 -740 746 -482 -596 -793 590 327 312 118 -274 276 -120 -728 629 426 139 35 92 -791 753 125 903 -409 729 48 290 -109 -493 
-522 -818 -207 -492 968 321 -728 -862 -563 165 -64 -359 397 228 735 462 -982 -630 -346 -693 411 395 -119 220 -858 678 -113 627 568 272 -288 379 -181 -568 417 550 89 978 739 508 174 423 672 594 530 944 597 -288 428 682 -917 825 975 846 409 592 204 -100 -819 -877 -712 960 964 222 -172 15 -812 -786 629 844 517 -523 300 714 -499 -802 -56 -194 -723 -54 -823 515 -397 -448 -699 256 51 742 513 724 598 529 -185 -475 -123 248 -799 357 673 694 
-400 -717 -384 -947 -1 -183 508 981 459 882 702 602 -129 -385 977 401 642 698 70 641 369 -880 -998 -369 -73 -431 245 584 -455 -641 -134 -704 497 779 -365 954 966 -178 -381 926 -485 672 -715 -740 -957 -10 -755 -277 -100 -2 -550 998 -180 81 -377 -687 -170 -535 -21 565 236 820 -365 152 -989 704 -972 -710 256 484 881 139 -636 37 830 503 382 587 638 -391 -454 778 536 -821 118 -146 813 330 56 333 -626 994 -657 -689 33 652 -531 373 255 -130 
-550 -174 -842 82 158 -254 11 -274 -973 280 -734 330 662 -70 791 401 560 -691 -194 726 -595 569 -7 242 -861 -927 -752 302 343 943 383 17 974 -710 774 79 942 -506 -313 -668 155 443 337 148 -401 -720 -281 -25 -546 596 162 -730 261 -388 737 -475 -991 634 -21 -385 929 705 408 -327 802 -520 226 -50 939 -415 -921 -992 137 701 298 683 -416 24 -234 -363 545 -15 -867 403 932 -743 -880 796 -348 734 -741 359 -271 693 -390 -757 -432 -891 671 268 
-212 -34 355 97 -972 29 236 -221 -435 -127 97 565 962 -120 609 -850 -75 773 378 -96 -879 204 554 -568 166 869 -648 612 -464 -712 780 -805 892 -95 880 -296 244 -77 -547 787 -844 504 613 703 -616 403 -281 -180 -55 807 969 692 -883 425 -995 -185 511 37 551 848 582 -304 843 -965 284 -113 259 -947 -395 -580 768 -278 627 -227 132 412 -462 -85 15 -417 949 -537 -70 166 -65 -831 -524 410 -916 958 -573 132 -529 745 -634 -267 430 -920 601 743 
-511 -630 -143 97 709 -997 929 744 718 -84 -963 115 256 -740 -657 -43 -329 -818 432 928 581 439 157 970 -490 -861 -817 452 606 -280 437 -973 892 911 368 158 -459 871 -800 250 -311 -245 -599 -614 -115 728 -736 47 -361 -181 -212 -453 686 425 220 -185 144 621 -348 848 332 -230 669 885 551 -694 -906 -550 -244 -861 609 -235 -313 731 992 -91 -462 861 -606 338 363 48 -160 842 924 286 -14 231 -875 -66 -639 727 597 -921 652 -385 284 248 -828 682 
-157 -306 820 -730 -832 739 332 446 213 -92 887 -861 556 -669 -438 623 920 793 -968 768 -813 -721 152 -548 -577 490 680 -754 -379 494 548 -441 -549 812 55 158 966 -840 -9 510 -484 450 -108 98 -647 -385 -350 701 393 -467 824 -91 217 -813 -418 -448 -566 895 500 848 964 99 648 825 47 524 584 -762 151 -726 242 -323 948 730 -739 473 -519 841 -179 -798 -757 -57 -927 -268 413 -8 550 -450 -237 -601 -339 -426 -607 -421 -807 722 -602 -448 592 133 
703 -679 -542 422 245 -752 115 426 -421 -544 219 -726 -44 108 -509 524 -328 -487 -747 -426 -442 665 811 995 -310 -596 -149 735 381 -859 -323 -140 365 556 -666 258 966 -832 110 889 -883 297 -245 -820 643 -698 637 -735 -152 285 703 -113 302 675 788 4 -841 -94 276 -344 115 -854 -390 878 856 358 -72 109 -116 -811 -101 410 703 411 76 621 693 -691 -34 0 87 74 -185 197 -599 637 767 634 -515 -306 787 611 642 192 -518 -756 -38 -554 443 -379 
-457 -401 640 -373 974 -752 223 -748 435 347 -114 -472 958 -427 -230 -549 717 42 656 -881 679 39 406 739 -439 -493 -985 784 811 762 844 500 365 -508 230 -89 942 923 -541 606 634 -820 -107 366 -963 -238 -628 -987 -284 -333 678 -697 612 -207 -698 408 -841 142 -249 476 -976 -479 589 408 316 -153 -367 -32 -147 847 438 -573 161 353 360 59 -27 -253 -110 63 881 958 -313 133 109 -929 -470 445 393 -444 86 43 496 -878 -416 551 691 -889 -687 -464 
-457 -969 -156 -90 -538 531 572 -792 109 -345 -222 925 -973 -808 -77 -159 123 316 333 500 -747 -71 -287 -314 -421 -816 862 784 995 269 900 -956 431 676 -803 -401 -837 79 -362 -71 47 268 851 -911 481 -816 727 -667 161 -989 -457 -809 468 675 -86 327 -428 -397 -874 771 -875 210 -73 939 213 909 -350 -320 813 -374 -959 870 -843 718 -155 567 921 0 635 -864 -295 797 737 -694 773 -315 949 -164 189 -749 -546 -638 567 -792 266 -975 -272 467 -515 -359 
220 -288 316 -338 365 531 -619 193 575 677 -50 -185 19 938 601 975 815 483 236 145 713 451 -760 956 248 -802 927 817 -898 649 16 38 -397 -384 -908 406 131 440 33 932 47 654 753 459 296 -920 669 -909 863 -676 220 483 136 18 785 -720 -861 -339 29 74 223 -19 137 -735 563 912 -129 400 -235 822 -942 258 -889 127 478 -260 983 -4 320 -867 287 694 -516 358 988 79 748 949 936 -144 950 -128 186 191 383 196 139 -126 139 607 
490 -545 24 800 -772 -79 917 39 -339 143 367 -999 401 452 591 -751 -835 786 -929 -24 601 -101 612 389 998 503 -15 -152 -721 483 -853 -821 253 -476 35 -14 -261 358 162 -891 827 -310 -108 525 22 438 630 271 726 -914 -92 469 991 831 845 -723 221 -946 -997 74 -557 605 503 -112 -10 569 -979 -813 -88 -234 381 -460 -382 131 -778 -290 -392 802 -781 -367 -362 -399 -502 -153 -790 559 15 -901 -566 -678 478 -536 -230 -907 -261 858 236 -592 3 -329 
-493 529 -77 -283 -397 -21 464 -442 -894 -880 -415 -132 -453 -654 664 194 -696 761 -291 -801 243 -504 418 808 -819 683 -745 -571 406 -905 210 -821 253 709 -556 247 515 -201 -781 798 -147 -771 182 -818 56 108 -498 -107 916 451 -102 -936 -445 -312 -357 -913 -811 -755 -588 981 572 -383 -986 -678 -993 133 -375 853 26 904 -169 949 -180 -344 278 -784 672 493 780 542 825 -848 950 912 634 -52 -128 -290 758 -421 665 562 -150 214 982 985 -680 455 -456 189 
503 5 12 577 -586 -12 -920 90 -805 312 -358 -813 -989 309 -534 -169 -332 -760 92 14 -690 673 747 65 -608 625 280 -673 -688 55 665 434 980 -828 989 232 414 540 698 154 -536 986 -248 826 705 -263 -764 -655 -974 -862 -493 1 767 -506 -207 -268 -493 -577 616 -991 917 178 44 -753 -394 15 498 -679 454 770 -958 -800 -180 -137 -686 -184 807 237 188 -118 -978 -345 -955 -364 295 851 115 569 -530 -28 -938 905 -389 435 -944 -570 -738 -632 -132 150 
776 -268 861 -994 -897 725 108 137 106 -409 462 853 835 248 294 -922 116 914 -989 117 270 108 -989 -662 289 412 -704 -5 -75 -72 -494 434 980 109 -175 263 -906 -42 293 -315 209 -369 282 -999 309 -294 -364 597 752 -377 -816 680 -5 -842 599 -639 -870 -682 -314 391 464 -904 -97 -487 913 -520 179 -824 128 105 -753 34 325 -37 -939 769 -849 129 241 -801 761 -792 -658 317 -260 -820 -734 734 -783 -941 -434 569 787 67 -213 988 67 773 -17 -742 
412 751 -811 -541 -892 -306 -582 134 65 809 514 981 -982 -500 776 -662 874 -617 137 -711 -891 -726 -995 -347 -724 466 999 529 -88 935 -947 975 580 593 369 587 778 917 -92 304 -365 -585 -116 -985 735 -427 472 287 725 -994 -802 879 381 918 -301 805 -971 688 278 26 603 70 -92 -136 -908 358 861 -430 -504 213 -915 781 585 302 -731 907 484 57 -935 -100 277 -336 843 -763 -907 -889 -938 590 -50 703 -149 623 564 753 933 -483 322 929 -88 68 
764 -176 7 889 -398 -429 459 -498 -747 653 -497 892 906 412 833 158 187 776 928 509 -940 968 612 -575 783 669 -476 -406 -898 -390 82 -582 377 593 369 -437 488 -686 390 920 -795 -762 354 -887 -395 149 -57 793 -530 -858 503 168 -444 355 -301 15 -211 -438 728 26 -920 -738 820 -559 257 909 -370 510 309 -497 -277 -916 0 869 -968 17 -271 733 -84 982 -881 -959 898 -946 884 -515 -545 971 -824 583 -246 980 -231 -807 892 730 896 -670 193 4 
810 382 0 -475 782 512 -522 582 -947 658 687 144 -170 -158 -641 861 -185 900 -7 674 -184 -775 907 266 159 473 825 -406 406 -962 -166 -940 860 -779 118 -681 -930 893 303 610 -421 -383 -303 -616 16 254 -89 -560 698 296 683 192 -783 561 -164 -606 -27 472 -752 -788 -997 -88 168 181 -582 912 -147 323 -833 594 -260 576 647 928 -252 680 -760 157 -603 634 29 -458 -614 901 744 -240 -412 771 -108 -735 -51 403 -650 -183 200 487 -732 -739 -332 -602 
621 -300 59 -448 -381 774 911 -542 -819 -723 -364 -510 -572 609 -52 -306 -422 -965 803 -31 770 -871 -720 520 0 473 734 -444 -75 -873 -730 952 266 -779 581 -681 -988 399 89 -819 6 -362 -984 295 682 -880 -95 780 -94 209 776 -693 87 561 417 944 -951 -649 531 -295 -801 -57 -413 589 -92 569 462 413 818 -332 -908 34 -495 -894 498 -603 50 26 -229 37 67 730 -26 515 569 795 -154 954 -998 927 637 -127 517 -253 -141 -839 912 402 883 -149 
59 -277 -4 -179 95 997 966 605 -11 -215 -434 22 -42 -493 -93 999 -679 301 957 -757 793 24 -333 49 -932 -880 -218 544 811 816 261 -783 -507 -676 -33 -725 45 -577 -230 582 -963 -845 -182 -998 844 -727 687 -604 834 711 412 -523 -171 -143 -194 -179 -277 -814 -777 521 566 322 -62 -509 -165 585 -870 22 -40 223 217 844 461 650 307 -12 -883 -435 -780 -444 160 -604 759 604 -366 282 -342 -353 400 -457 585 -574 40 797 -276 636 -641 -672 -325 -669 
-12 205 802 327 -439 55 176 -540 -168 -90 -929 47 -542 -941 -136 -902 981 554 586 -221 178 -163 -38 -286 956 621 -525 533 564 145 -483 -407 500 166 -823 363 -595 287 -749 393 826 -342 300 926 -676 -598 -364 180 -913 -108 -91 458 -990 513 555 -326 -3 -509 -79 -911 -582 -79 -995 846 -235 -152 -123 47 -101 -379 929 165 851 -684 244 166 709 -570 891 -94 180 558 -597 -419 -250 397 -70 -918 -755 -508 -663 140 -720 -43 -708 574 482 377 -717 366 
-290 -519 -836 638 -800 -803 131 769 -378 -215 -487 -733 501 793 -17 -867 -141 428 -88 -228 -785 584 -204 -978 888 -505 -801 -606 345 146 -431 -671 -274 197 -454 836 -595 895 380 986 -618 -624 -419 -453 57 -654 -409 207 -561 -882 810 -334 759 -135 -834 -34 247 -122 204 540 924 75 9 663 534 -398 -973 -637 -52 -111 425 221 54 82 288 630 612 -619 734 129 246 966 206 246 -325 1000 -81 -566 984 718 -367 -270 33 309 869 -652 -972 414 528 -61 
-753 -27 237 -913 -54 573 131 287 -595 450 -912 454 463 -847 -440 -550 101 -531 516 443 -291 -309 -799 277 -153 59 -582 -171 999 976 -373 -67 712 -520 949 758 -933 -842 -848 -432 -293 -658 -137 149 21 -395 -523 697 712 -996 810 219 -507 -542 -834 -616 -469 113 771 -734 156 -25 -203 -105 -262 -884 -681 945 834 529 -854 821 50 -483 -764 -71 468 -498 -560 -755 280 -732 -924 -240 -900 -129 -340 162 727 -292 780 -669 -512 -628 354 -38 -503 -873 309 790 
-784 244 -419 -234 -707 -908 172 788 -6 535 -315 575 885 947 40 61 113 810 706 488 731 79 -244 807 484 -260 505 489 779 -754 797 564 413 -568 -913 -438 -909 -179 459 297 -221 -981 -396 -545 -389 -375 -950 49 -169 312 473 954 922 -863 687 469 728 113 771 -178 -119 733 420 941 46 251 665 7 -404 496 179 -706 885 745 885 -824 -754 965 -518 -682 565 148 -545 -684 -293 -338 -154 46 -859 21 193 75 -139 467 893 -620 -508 -390 175 -843 
809 32 824 805 -363 -175 414 -461 257 -737 -216 710 696 -295 937 -612 184 -874 -681 523 -408 -373 -254 -27 -16 -753 790 -990 779 -123 -90 564 -915 886 85 -809 266 -651 -456 -308 847 -668 -925 -795 -141 641 -44 -472 918 126 621 -203 -637 -542 487 2 -71 667 -21 -178 -119 -813 330 -311 -688 -120 91 528 946 806 -429 -68 -910 -710 630 -882 784 913 327 472 514 -681 -538 589 -675 343 -294 -432 -848 375 -895 -232 223 677 -144 165 -455 -391 -149 -138 
769 -392 151 -990 338 118 -640 875 329 391 -188 726 53 -277 -182 -558 791 216 678 500 -49 -833 988 -156 346 809 -112 -31 -30 -123 -10 564 -310 -788 85 402 958 295 -631 -153 540 -121 -319 -700 -863 360 -634 411 59 -20 -309 772 -857 -911 13 635 -533 -153 -246 263 911 777 -467 -427 361 845 -327 15 -439 -264 217 -132 -882 -216 251 -17 911 -641 -122 -404 -385 -557 -440 -690 -198 556 -808 507 670 -576 -216 67 148 407 44 -983 -719 259 858 -200 
765 672 617 -179 989 581 -15 -371 152 703 68 120 491 -908 634 -222 -223 -942 142 -474 272 77 -723 -711 120 12 807 -31 9 409 382 5 -760 977 -177 -512 316 -362 668 -31 -273 391 -277 295 -248 -762 410 -431 728 830 59 -913 -74 -86 -409 635 -956 -331 -528 -599 -791 -428 612 -427 -292 -899 753 37 -266 -248 390 336 -941 -872 -972 699 -761 -381 -939 -933 -590 871 -384 767 458 286 149 538 915 -435 -590 -770 693 639 -866 785 -568 285 -270 -328 
907 -722 -710 -864 693 -823 -988 206 928 100 -986 339 -438 -922 579 192 -608 95 -466 -494 241 -722 256 -664 978 318 -31 619 54 556 889 -505 -61 -284 307 -863 797 -159 987 27 725 -316 458 495 -510 912 -847 928 -476 745 -260 578 838 947 88 376 705 573 -528 352 412 -520 134 977 541 -113 525 644 500 -754 557 583 -677 -551 318 106 529 943 -412 -122 981 -714 761 815 219 -186 -818 139 240 -569 544 851 -149 651 678 554 801 -867 -929 340 
168 -708 302 -34 -864 949 -968 -310 879 -948 -191 -660 192 151 -606 121 866 942 -293 744 888 -954 -49 -644 -896 769 762 -925 425 737 -799 46 627 819 949 -289 694 466 649 54 -694 -370 -227 473 -127 -520 808 -141 -431 612 -204 999 -98 590 -814 234 -60 -899 -713 604 966 3 831 276 311 843 -368 311 -240 -754 -376 -480 762 -545 979 -642 381 -712 -231 686 -991 45 -664 -873 -605 800 585 800 527 243 -281 465 -97 12 -184 -942 -653 699 -831 -780 
330 -129 -734 469 578 -913 74 335 -755 -25 419 383 -790 -310 -972 -756 -508 262 -792 499 443 -884 467 -131 824 -459 -499 922 -649 -997 -283 -295 -616 -719 -101 888 368 -331 -862 231 -365 575 548 730 -147 -985 965 -877 -144 -687 759 -948 87 -194 -529 -901 -956 332 -713 352 176 311 262 39 -909 482 179 -468 489 -957 -153 373 -444 -53 600 235 441 -859 595 573 -748 645 -563 -831 -64 795 221 926 -987 -399 585 664 -375 575 -360 307 -607 85 -691 442 
-603 484 -739 -110 755 545 833 737 -914 658 531 -14 -295 914 -139 -517 261 -722 -996 607 -197 592 896 486 616 -292 538 277 -207 -445 577 -214 444 645 363 -612 -399 696 -184 -814 53 -591 -314 819 210 625 -365 948 113 -788 759 -530 -833 24 329 -577 705 -364 327 -128 942 -618 647 437 -853 86 -302 375 -191 -398 -855 80 336 740 476 235 -25 269 234 -364 -295 -301 -952 -257 -963 -912 248 291 667 771 176 863 -691 566 -150 -247 -230 -597 -501 -364 
-137 122 378 475 -847 307 958 613 361 -890 -228 668 784 950 -445 -569 800 -694 96 -244 959 -104 153 636 -887 17 698 278 18 81 -994 -214 -439 -591 515 -97 -399 -919 -184 831 107 -470 -85 629 127 -493 381 -368 40 -249 837 -218 -524 24 93 -577 -996 -713 -843 -773 -837 -321 -608 251 783 943 730 -273 -842 138 886 53 8 391 970 659 -171 483 -805 23 521 620 -451 30 176 -469 -500 -193 -784 -326 -221 796 929 161 -79 939 246 509 543 -688 
494 -271 -301 475 -148 363 94 776 -568 -942 -675 -665 632 1 -631 192 428 716 365 -547 444 176 668 186 -311 -448 -911 518 675 -902 -541 813 -800 156 -757 879 -499 -836 -694 -538 -310 987 -985 939 -673 -137 949 161 -902 371 769 -801 -588 713 -711 780 612 23 217 183 131 -962 -800 637 -781 -195 -395 984 -11 425 -669 -410 -734 99 -66 -476 489 -72 76 -154 663 131 -435 -251 -320 -989 517 -966 159 -20 -752 -3 548 -786 105 -407 787 -617 967 291 
-252 -760 881 -781 921 -757 677 -361 980 -416 -689 -771 690 -898 809 -307 -709 543 -966 -316 426 341 365 -688 288 -603 426 -98 18 -86 889 411 -800 632 -930 -481 -60 359 -121 661 598 -47 382 -189 555 -153 -999 -226 911 -987 42 -582 702 -994 -919 188 661 975 512 183 244 -242 -181 -327 480 786 630 -924 -235 837 -620 -457 -5 -842 -470 269 -990 -962 662 975 -859 -830 188 -577 -633 289 595 -694 -789 582 -642 759 326 376 664 -633 698 792 624 -446 
-510 573 486 -577 -535 -308 -499 244 -923 566 -279 -258 643 489 543 -655 -101 -650 264 -742 -418 -665 -164 -485 837 956 -968 -719 748 -156 592 943 876 318 -909 824 570 -400 695 -384 880 430 -963 26 782 609 -740 -628 -325 -786 243 505 -794 -77 252 -935 -890 -856 512 216 526 -608 -200 -51 -120 878 617 -660 646 -426 -638 875 -185 -694 670 -577 619 -873 500 -856 -385 851 210 -209 189 835 -508 -121 -561 149 -948 -942 776 112 836 647 589 916 -768 767 
630 -180 -570 -577 37 87 -499 793 -529 -316 -407 -826 -170 -249 106 -760 565 -254 -20 -299 -82 -352 -550 -909 672 868 832 -74 499 785 -475 390 -54 751 -52 929 -566 511 113 273 -233 -65 107 -750 213 -905 517 89 -520 -742 17 -671 -378 12 60 -935 -593 238 -358 -43 -459 934 -287 -419 -586 407 672 476 -552 -426 15 521 -85 -654 275 986 922 976 38 238 263 55 -769 439 202 -200 625 -656 -363 -308 -917 -434 -366 497 -1000 -344 -176 -921 -517 854 
-672 50 -619 168 37 -52 922 82 101 -294 986 505 452 141 -733 -790 613 772 -176 692 623 282 -260 554 519 -12 -351 838 864 845 724 -596 -707 617 8 929 513 537 830 751 256 236 107 -650 -24 687 313 -564 -320 -429 168 -112 -846 841 -484 -844 968 -159 774 -320 172 540 -260 -385 -520 -439 -732 -54 742 338 821 934 -354 740 526 -406 541 -754 1000 -159 -221 -234 303 -570 -550 -499 764 728 -380 108 370 935 -449 659 631 -818 582 662 -391 -112 
-882 686 739 -844 621 40 -60 555 344 -224 742 694 294 218 -704 -869 921 -548 145 331 -785 253 -670 -259 -547 -252 -955 -719 -513 -988 724 480 650 265 8 -302 -138 -825 -173 347 -793 186 -320 202 -466 642 34 72 -597 -589 -469 -31 -846 -957 706 -84 -1 -568 997 -137 -274 979 -534 378 438 815 248 -262 59 190 -198 456 613 553 -737 -589 278 -123 434 -95 -221 -170 255 623 785 -304 -941 -750 836 -406 -57 24 -700 -511 -545 651 171 722 -947 28 
396 302 965 -84 895 259 513 -442 21 -353 664 -742 -356 887 -518 -849 714 -899 418 -649 270 483 915 399 -35 -510 -71 -648 -842 -357 404 -116 56 63 40 -188 502 -945 565 786 -565 982 -50 -601 -973 -915 -792 821 597 -668 680 188 -999 7 -499 210 158 779 880 108 -261 871 59 847 412 447 -744 30 563 555 -192 -492 -192 565 300 831 518 409 975 -95 352 616 575 603 -44 -572 793 -186 253 -564 -984 104 749 724 -676 -330 -159 -490 -851 -797 
-17 612 14 -603 -828 -362 -138 196 438 -242 48 149 844 -198 -938 422 20 503 243 358 -492 941 -950 623 75 621 -818 -242 918 -207 -448 -636 606 267 287 997 857 432 597 -973 823 675 542 -460 -904 -260 -607 412 736 -197 -603 -499 -999 483 -499 -603 -750 196 -548 258 176 171 565 388 736 -113 -74 299 -167 799 682 279 198 -498 286 -743 -98 737 931 911 -773 -254 292 -881 -358 -837 279 -54 829 -417 742 69 137 816 -196 993 235 -497 -63 850 
-174 468 -924 -916 129 -696 -701 397 204 -256 973 522 -676 480 278 302 57 -49 -682 -924 -189 -392 544 -998 599 -325 -121 -918 355 599 -179 749 -391 -35 367 417 604 -39 -950 -199 707 -761 879 -685 -111 217 -231 301 917 -767 956 538 609 -253 -844 -916 198 -95 55 258 -837 -654 809 -433 -458 80 -665 401 806 -834 487 -242 465 -251 -279 -666 838 103 -67 556 752 -161 -654 719 514 461 -922 -168 417 666 865 -576 -685 -942 933 968 -386 297 442 504 
699 136 -641 767 -755 -536 -30 9 737 -442 966 -624 65 418 438 -45 903 15 -290 -859 78 164 -439 -255 166 -672 -717 -378 -686 -758 436 757 -417 797 -362 -137 -481 568 157 265 -742 -844 -306 -985 259 347 165 825 380 -886 -137 698 -100 0 744 -335 -324 -95 -282 57 131 792 881 -27 -815 203 984 177 -232 -63 749 -25 -509 744 845 -410 -648 81 5 -384 550 544 890 809 -845 -328 -295 793 992 357 -758 -984 291 535 -910 630 -2 215 -349 -958 
-83 911 943 891 820 -192 -481 -788 -129 114 472 -94 -899 961 -427 247 642 -206 871 -153 10 -355 -69 -268 715 205 -174 -118 513 -758 436 954 -873 328 825 -837 217 -2 591 435 -50 -603 996 -84 -379 -243 737 -820 -351 607 494 -847 766 59 744 -229 -50 911 230 -89 526 836 720 -423 998 -666 669 -874 -424 -698 637 -618 743 -254 -256 861 -833 -86 46 109 -320 259 323 -762 803 192 642 792 -203 860 -441 980 198 478 -466 772 -838 -222 -591 -137 
235 -761 -712 202 688 -881 217 -600 -434 -370 -92 -754 290 637 -259 440 -69 887 628 245 874 583 554 -439 687 -824 -45 -137 820 -834 327 -916 338 -1000 -641 -54 -333 -261 -386 524 -396 -562 219 -716 -149 340 -975 638 508 -220 726 -911 -319 -233 -123 123 -758 -237 -858 406 172 665 -345 -262 -323 990 -281 305 -856 -40 339 271 883 275 280 223 -588 785 -524 -906 158 -117 315 -934 -886 185 -260 762 583 982 -492 206 982 -670 566 610 502 -35 967 174 
550 -5 -614 734 -438 -269 -566 -80 498 -812 397 -420 225 584 948 -823 -542 449 -918 348 -881 456 23 -218 90 -882 -34 -95 -863 417 -720 -957 -822 -723 -696 -29 -164 -902 28 507 -358 645 682 -705 -911 218 -811 -879 -962 -290 382 532 263 -108 198 891 -832 812 -908 518 176 716 390 -978 530 -263 279 575 661 -944 63 133 -166 65 994 328 -918 -988 789 166 -89 -292 -747 423 47 -202 -908 682 282 -358 -942 -419 -362 -451 -648 -438 420 -135 695 235 
-703 381 762 -560 472 29 -626 -931 -387 457 450 126 519 980 736 671 651 560 -180 195 -782 652 -417 708 887 396 -999 -819 -135 329 27 -358 -798 349 -978 628 695 512 577 595 -702 -835 -909 129 -772 -154 -396 -527 -747 449 -299 -19 -500 802 427 202 972 -237 35 -786 176 -419 153 -502 -588 -751 986 -106 -788 -839 624 -516 -426 -394 964 -911 -137 599 943 197 406 -429 781 666 -733 491 347 96 -474 -437 784 772 -602 661 -169 971 459 -764 -68 -653 
687 441 269 -831 -168 160 -413 -638 -958 152 -229 -4 -127 555 -26 -235 514 -71 198 584 258 658 -860 -358 -83 396 831 -338 -542 -194 638 -891 812 -655 761 764 695 473 -490 435 265 196 -10 -846 587 -142 959 -105 -684 669 630 460 464 493 12 734 497 556 575 232 -837 454 -322 584 957 -535 -471 5 754 -643 -775 799 -535 -515 419 -328 -441 -164 476 -520 247 -886 -819 472 -683 -124 120 546 -827 -847 -510 -831 212 482 545 -146 -944 287 31 -435 
936 533 -905 437 -814 160 178 -650 -762 545 -650 912 452 -476 -843 861 -626 347 -174 824 -998 475 403 972 -529 -17 831 -338 640 -170 462 532 63 703 522 -140 -65 445 -972 702 -685 -723 -510 -995 -248 -282 -428 889 804 -378 -672 -743 -793 92 -180 -560 424 676 -175 655 244 312 -9 -131 -958 48 336 -772 -516 -108 -248 -95 245 660 716 -392 -819 417 -636 -233 232 -487 522 463 575 793 779 -111 -503 532 502 -884 721 -797 -541 -694 300 838 14 115 
986 -171 -72 -681 -509 -563 -463 -4 443 679 -388 -989 744 -269 -32 -170 595 -901 417 -203 945 503 431 217 -87 -174 -401 -92 -156 -834 -913 -509 -864 -313 336 197 -463 668 408 899 698 17 22 306 -340 217 -68 747 67 962 -71 -691 152 92 -180 -300 424 -10 -761 -160 244 -677 -862 -826 246 357 424 -483 -581 701 388 252 73 994 -40 379 -338 -170 757 705 -681 -878 -168 -245 381 -758 -429 750 637 -575 -660 910 -164 196 990 813 836 -47 -301 157 
-326 -990 -962 -412 -122 206 350 -544 -126 -502 148 662 148 743 674 -844 -293 16 -642 235 168 -660 553 -475 -736 699 91 -100 -86 726 -268 -713 -867 719 629 -22 350 -302 226 950 -449 -465 -637 -725 224 390 336 965 30 -917 -824 -170 152 237 -320 350 974 -10 118 734 -459 -420 -230 923 -1000 347 230 547 -453 -836 -44 675 -714 141 751 349 -92 726 954 -719 363 -602 -595 -925 953 548 950 764 -58 -281 -333 -69 729 -854 -889 503 799 132 -947 -836 
850 -31 -527 16 667 180 -567 -397 332 -431 489 934 859 -697 -634 -863 10 208 515 556 870 623 706 149 644 933 603 609 -424 726 -234 -658 755 -320 277 -209 -567 -69 719 783 -341 -469 290 496 907 -437 -98 0 804 981 331 355 -712 -833 150 -518 -549 -828 -761 722 -274 -599 209 -253 387 396 -139 -292 -324 654 -897 -534 -809 -170 453 -581 675 687 -670 -591 758 -724 339 952 -774 784 353 -237 -864 -349 -56 -261 -78 648 682 17 545 -201 715 224 
-589 619 816 -781 -731 -548 -419 426 -102 -459 -268 657 -24 -638 -657 -990 571 475 -505 -295 669 -169 -292 120 -581 235 -239 675 590 687 -639 204 -367 597 -881 616 573 -353 105 129 138 -606 -495 -41 -89 692 -212 -22 -127 275 331 -717 -712 -419 578 -831 -538 -476 118 363 -261 313 447 913 900 -483 836 839 396 46 618 726 -690 945 571 435 -246 505 532 156 -809 77 -566 -737 146 27 692 933 419 498 -109 501 790 -594 686 851 -364 390 -14 -990 
137 922 146 379 573 246 -104 605 804 865 -292 922 142 -383 -51 -985 759 310 -309 -320 418 85 766 -731 -888 235 91 591 484 487 15 -637 217 -212 -269 -263 601 -23 -554 -211 133 -363 -916 -513 -452 -578 -982 482 30 -544 396 -45 266 824 -639 437 365 709 581 836 414 506 -848 927 211 677 -489 103 543 -995 313 125 -442 146 915 71 -319 88 298 -352 -512 310 -419 -292 606 643 -355 991 635 -98 -366 927 -110 179 349 -604 -879 27 908 332 
831 278 -754 595 332 747 -111 213 396 293 -986 659 141 -118 -112 -447 863 614 -486 -561 -814 506 857 464 588 550 529 -170 587 88 -990 -181 542 372 -663 683 -129 717 869 -687 -9 439 524 -140 837 485 -702 -638 293 633 -174 -97 -568 151 -560 714 -397 578 581 758 -906 -577 459 -663 349 601 -863 -434 -982 231 -697 903 609 -417 -338 -500 263 -814 -558 1 -289 194 -535 100 383 -170 489 -343 -745 833 -135 -891 -75 -674 519 476 -575 176 901 282 
399 -98 880 17 -364 565 311 815 -254 -949 -879 -158 -446 279 623 -517 -278 -57 310 -393 -942 -26 -243 -97 112 -703 -494 -500 24 -814 -606 -991 -847 19 620 94 -104 164 -37 292 -601 -926 964 635 -671 -921 -622 623 -75 878 -762 -34 852 527 -560 -570 339 -906 -33 -438 -800 -14 -456 -334 306 623 997 -664 711 -516 440 862 -289 -41 -801 -910 243 -529 204 891 53 -431 289 930 -43 -8 -249 -719 -310 439 354 892 825 -463 31 -451 502 -978 926 13 
-666 -648 -123 -805 -154 -818 867 -765 276 -52 208 -597 259 965 293 169 -738 183 -218 -408 -892 229 -559 -455 -951 687 32 243 -358 631 -179 511 -118 19 67 -259 609 -358 -497 -86 -113 405 801 -472 -373 -673 374 -35 945 477 -883 -306 -23 57 375 -939 339 -676 -823 -455 404 672 68 -253 804 47 767 -675 -170 740 -759 -918 322 -893 -994 351 -818 329 -181 267 -793 -327 879 -25 668 -980 -43 718 -969 91 121 -358 -528 -327 -765 -601 280 343 -275 -263 
329 -242 409 -973 -856 771 -986 -110 -756 214 321 77 458 -970 -227 554 770 -645 -411 -63 -42 907 504 -666 -333 -577 21 -818 531 329 -34 907 -143 19 160 90 311 -773 -162 311 524 293 -801 -410 1 89 -457 666 -381 -573 -642 -679 -474 -710 -891 979 -586 887 949 -479 -15 599 895 100 692 70 -210 -875 -861 -18 -86 925 -858 103 -583 -708 152 -661 -991 -35 -820 -971 -755 -878 204 -85 449 -155 440 -643 -11 733 78 905 -124 385 -797 611 967 -864 
554 702 103 76 -505 981 -679 593 299 776 -709 122 -362 368 -32 939 491 400 -915 -894 187 -551 -791 -479 710 -406 -994 -793 12 730 -171 -32 -17 43 698 972 48 -624 776 -367 358 651 -873 121 396 744 905 -961 572 362 -83 831 -969 302 0 -231 -586 166 -913 -512 -537 -464 -130 -565 225 -881 154 -475 856 -502 -423 -395 -521 335 511 -877 -712 -382 511 797 -245 -452 -404 -890 990 917 -895 -954 -722 484 850 534 -572 -738 443 -681 -656 982 932 -610 
223 -794 734 -956 238 -991 -679 598 343 509 -178 117 -772 821 418 -419 260 903 -634 -360 -442 -523 125 934 -802 -326 -994 -856 12 -424 -729 -841 885 -412 698 823 241 -698 389 -502 909 595 -44 527 -970 -553 401 -112 -220 -837 659 833 -988 -739 -905 668 -897 -520 762 -613 48 93 -252 555 -707 -409 688 15 927 -486 -991 958 941 594 -691 -40 -568 60 -582 328 -986 926 -38 -259 -771 -676 -198 457 192 683 -357 952 -137 -470 599 -104 947 -797 -1 -279 
328 -118 81 434 -568 391 -166 740 943 315 -379 445 800 -532 288 -684 -497 -346 -952 741 -11 -640 152 -754 -847 -589 751 -856 861 827 -110 -501 -148 304 -450 80 -937 918 -895 449 569 -436 622 367 -933 714 496 674 193 616 -476 -128 116 26 -905 379 -897 -568 545 260 -968 -847 432 292 291 809 -368 619 -427 862 189 83 806 911 572 998 852 -499 -32 349 -731 350 -438 468 305 -676 199 465 554 -652 902 330 985 -260 228 811 -117 -366 796 386 
-328 -846 -86 975 779 521 -92 -661 -913 -281 336 224 -554 439 173 804 -59 -870 696 -216 251 -939 -285 743 320 137 -793 -856 841 -854 2 -530 -562 431 571 309 16 263 -443 -383 -352 961 973 802 -7 -771 -785 -545 -806 -192 269 -471 193 26 394 -692 224 886 762 53 -57 1000 -862 -887 -994 676 -440 126 -734 316 871 189 468 131 590 104 578 744 -841 -70 -188 -878 -568 -465 -826 65 600 334 -153 -86 964 -33 725 -416 671 -397 -420 173 946 225 
379 -338 785 952 -710 -859 281 -972 -90 -31 -914 -248 138 803 86 804 307 827 908 786 807 215 26 -735 -344 -753 -248 -712 -957 831 475 -204 -900 -950 206 146 -696 -110 181 852 439 709 744 -724 -229 -198 -88 -234 419 -353 936 -288 720 -301 960 841 27 -237 545 922 -933 -331 -274 -956 538 -811 -741 741 286 653 911 503 844 -895 -887 692 554 -123 -428 -313 417 407 -543 583 926 703 51 -725 502 501 172 -503 -35 733 -306 -712 242 -416 650 197 
786 675 -207 931 911 -385 -463 -71 847 313 370 -191 289 -859 -266 -127 354 373 -216 -210 352 377 -860 -405 -268 45 -248 266 483 156 320 -656 982 876 -548 -699 954 -976 -746 132 -195 -481 846 -1 336 689 -709 -45 755 487 -71 98 167 196 -900 234 -279 455 307 -949 -660 696 -184 655 -206 -919 795 621 -668 971 -851 -673 844 608 616 -113 -969 12 262 -212 -491 -135 -187 -294 -409 437 637 -578 942 386 629 296 901 418 246 682 29 -202 -451 260 
-267 -319 599 -67 911 -221 -424 -216 540 992 229 301 -671 765 -722 82 267 157 -27 -962 84 459 -18 478 274 399 -820 -568 -691 252 17 -493 634 650 687 721 577 438 -309 826 -434 -238 -723 844 205 667 -752 399 -386 520 287 371 -286 881 -480 -805 860 -27 949 64 958 -469 556 209 980 529 -965 527 575 917 368 -902 636 -626 462 731 908 -320 864 -212 628 413 872 -259 -18 -102 584 461 617 827 -74 -269 128 27 215 303 938 2 897 496 
349 -500 -758 5 420 -221 694 -628 -92 -437 203 794 289 442 -523 -483 -619 214 -801 406 -811 -733 691 -985 355 -666 145 331 323 60 -781 -870 634 332 256 -921 109 -502 506 85 939 549 -811 -862 -944 -362 -25 635 -648 132 -180 -494 -384 486 -643 -441 266 705 -101 -245 -672 966 -164 -222 -152 -538 261 -555 -158 180 -272 765 359 263 450 -416 -333 150 -811 708 -209 886 101 -470 710 822 980 -155 -686 322 18 -518 936 336 -700 420 756 554 566 343 
-952 464 417 -505 -508 -941 9 292 403 -708 -785 872 -218 639 -187 67 -798 487 -119 582 -90 34 1000 -443 -741 329 730 852 -253 -484 -901 -214 -166 995 918 -921 713 853 615 626 80 389 -806 -465 -631 637 548 -845 807 613 -154 16 470 -570 476 -924 618 -719 391 -986 797 797 -108 -356 504 914 -456 917 391 -313 353 -792 52 490 -559 -398 720 45 -493 19 616 988 17 -242 522 452 599 591 -200 -26 -835 -723 -362 327 22 413 103 -953 670 -724 
-581 -793 -170 -295 676 -773 930 45 320 -522 -117 -809 -69 -292 -830 30 915 115 -38 -506 765 -794 -492 -955 70 -839 -416 -23 0 706 -577 -211 -444 -773 -971 -357 327 -405 -765 918 -976 -966 -874 105 -336 -127 271 -737 -937 -905 477 31 274 -619 -732 -253 -398 645 363 -188 694 -400 390 -78 897 126 -527 220 -202 441 -997 -157 696 242 -781 680 -928 375 -870 -218 94 -29 828 740 -94 744 -269 265 415 322 -786 -672 560 78 -274 541 117 -40 -435 -118 
71 -856 -834 813 806 183 -289 864 786 973 488 -273 -580 -519 589 -31 -989 -613 -151 740 -993 -850 -75 651 593 861 -277 -404 59 -734 -82 -27 895 -773 -597 604 -304 10 110 -173 300 825 -106 556 617 472 842 -692 539 -733 -624 -268 579 -619 352 500 413 645 961 417 94 511 -542 -134 181 463 -201 -897 -220 -546 29 -283 680 648 440 594 470 0 -211 -950 90 -936 -157 791 563 859 397 157 -416 800 -771 304 839 969 -595 -10 -592 -916 -539 604 
