196 -127 180 -319 305 632 -888 -352 -275 684 -875 -485 -764 139 -994 -812 897 -794 588 462 -448 461 -224 793 -329 -316 167 383 144 501 175 -483 -883 -389 -531 -889 194 269 -840 -356 -976 898 844 440 -674 -877 396 -622 -3 -72 346 -421 676 175 -415 -236 -742 923 -368 -541 -372 -691 442 -265 -836 245 -827 -622 -476 -189 -51 575 -658 -705 -592 346 295 676 654 -243 -669 311 -699 -815 613 671 529 -779 935 567 677 -672 213 281 -73 633 607 -775 -219 -711 
-991 -722 -953 -319 814 546 134 -615 47 -56 487 958 685 916 579 779 -342 85 145 -182 -448 -424 534 -902 -779 683 167 -334 153 865 -809 113 -494 922 -692 -281 -54 -412 -263 501 -530 -889 -475 623 -59 -246 -476 -376 -155 -826 0 -563 -822 29 -822 -225 -116 412 -822 -668 581 846 -323 665 411 442 374 -527 357 339 531 -487 847 505 612 -656 -558 676 -734 546 -19 -819 390 -617 -538 -961 -597 -372 -444 -440 -305 -344 100 -751 -340 -19 -475 753 -762 940 
-128 -742 82 437 814 108 797 -216 648 254 -152 682 842 -123 227 465 581 -776 -767 498 -396 -887 -169 -429 -679 -656 804 -649 -393 259 52 -698 211 -732 465 -505 816 79 332 188 -577 -993 -703 971 767 23 -483 -530 -727 -841 460 -120 94 -591 -757 -446 -259 412 803 481 756 673 -102 338 -853 -151 -688 -245 632 817 -430 396 708 -706 -820 0 837 -822 500 -125 -215 697 969 -883 691 194 -597 36 -687 -514 623 -285 360 -744 -39 892 -808 336 -434 -463 
399 -722 577 -903 17 -8 956 -113 -168 449 -367 682 -36 -231 630 844 286 220 162 218 741 -375 640 -616 36 0 -765 30 758 -316 856 772 -249 -314 454 771 -527 -651 -171 426 -489 -934 263 -52 -373 360 -257 603 878 -913 -254 622 329 654 421 99 -413 262 -195 123 -810 -589 266 742 167 -206 975 918 -71 79 -663 56 684 -303 -906 -254 136 -892 -167 -242 820 -457 493 -629 601 64 -970 233 703 112 735 -552 604 531 -605 542 728 607 -11 -12 
-967 216 120 914 -71 -702 -703 17 -942 50 950 -39 -581 -925 -892 -212 507 824 -161 660 -496 73 -534 -653 -616 460 447 -828 22 -316 758 453 4 710 454 -819 797 -651 462 -380 -248 -774 655 160 -791 -896 25 771 802 928 -636 989 -10 672 965 890 -239 933 806 783 -259 -81 20 -508 -204 -646 -854 933 51 79 732 309 635 -318 507 902 72 -916 -912 945 -759 -344 921 -98 -785 -571 -95 158 -883 -251 103 115 379 621 226 922 872 -584 -818 955 
-497 -776 569 22 -780 -66 -703 -174 499 50 490 895 891 969 -999 -230 181 677 -692 -324 519 125 -984 -705 190 814 -127 534 987 8 -744 -44 616 792 283 697 -592 -964 -985 604 953 -233 260 -952 73 -281 -696 314 -972 -287 -109 -9 793 -234 -812 -425 55 736 -932 525 -148 823 -106 -221 292 -366 67 933 -553 194 783 236 979 87 422 -780 -421 -421 69 -64 470 -103 -322 810 358 -481 -628 124 326 672 973 -949 914 17 -230 -842 -275 622 843 -665 
193 -774 180 896 -780 549 -333 327 -123 397 246 968 12 -440 253 426 658 -296 362 66 796 -262 775 -277 -56 902 -822 183 266 450 -275 -442 848 786 -554 -457 -877 -600 -504 797 525 -96 799 934 565 478 -308 578 343 826 -426 -246 -962 -684 -333 208 -610 -127 829 416 -363 46 247 -221 219 329 645 -709 464 784 8 -334 265 134 99 -179 -563 -654 -753 -22 201 995 833 -14 396 47 -665 -56 -637 -862 -410 -326 131 507 426 -35 897 747 747 874 
983 -739 -250 967 -534 441 -340 -461 -409 617 362 -457 885 717 -60 772 -591 916 790 -550 796 321 278 -693 312 -780 478 104 288 495 248 -682 -727 130 -554 -637 550 -566 660 639 -997 -942 -63 -571 262 180 677 -612 -138 -55 -179 180 -654 -417 -46 -426 676 174 122 710 490 -913 26 447 40 325 294 100 -18 -385 -377 126 170 685 -730 -481 484 942 -713 -615 293 143 -491 -295 -964 47 15 312 341 849 -360 -629 547 -896 700 198 -915 322 157 -261 
790 542 817 -2 -996 441 390 546 199 238 118 -14 -208 -655 479 218 -701 631 -635 473 -314 145 981 703 918 -780 -751 -368 861 -415 -281 -435 -727 333 269 -637 -695 -23 313 63 290 -254 418 721 -617 -798 -124 626 -880 -9 -46 529 -757 -167 198 410 -860 -531 958 -147 -487 -443 374 -296 -220 194 -747 -275 -784 -740 499 424 -623 -285 -585 -910 622 589 252 218 492 -650 259 -281 -639 414 400 422 962 295 107 -319 313 -388 -478 -662 298 -184 53 -529 
-333 -556 -628 -809 -892 -551 520 -716 -84 990 834 452 -685 -599 47 -687 -6 -224 473 -108 643 782 -614 -178 298 91 955 -985 461 495 -281 -803 684 -259 -375 -605 47 -521 439 241 588 748 -215 -591 663 -189 958 -92 593 154 -910 838 942 69 -615 -830 -362 -374 529 637 -74 781 541 -762 341 -713 -365 270 524 -980 -870 -335 -21 -936 993 -278 -36 477 255 -550 -367 -212 843 374 441 868 15 442 -797 340 418 -312 515 -696 -501 -753 839 -937 -832 -522 
69 957 -850 -657 -892 -551 855 961 -65 32 -374 -565 -363 754 -593 -936 552 -82 -588 -108 614 644 -921 -716 442 -179 -954 -201 -423 209 500 -803 76 -259 -130 -605 -414 -521 683 676 843 -917 -954 -447 -269 918 441 459 -123 -581 -191 180 374 -713 -216 461 -669 12 461 966 -625 649 912 -406 -225 -618 976 645 -576 733 -380 438 -843 -783 203 -191 -9 -398 383 -79 -900 -868 -321 498 -618 438 284 343 -651 740 818 874 152 575 617 -648 -720 -705 -909 -477 
-944 -324 -674 -90 -646 958 -732 -731 470 856 -374 968 -735 -655 -549 702 -427 -931 211 -865 -103 970 -391 503 -841 -113 -896 -201 451 -467 500 671 -883 122 -529 -124 -414 -142 730 -165 -561 -872 281 -513 414 110 -981 -127 -235 591 20 -250 418 -713 17 -556 -929 -815 -900 966 407 612 36 -60 974 930 -924 299 476 -609 834 -681 -444 -185 -24 20 653 161 -491 785 790 166 -135 -686 -588 456 -856 -913 -521 -915 915 -888 -558 499 -994 695 915 643 -461 293 
-989 83 420 -620 -646 -970 -400 673 250 926 929 -733 -27 770 397 334 723 571 809 -946 915 -161 -219 -63 -265 -646 731 -772 122 779 -684 423 828 291 539 -161 -221 506 355 -98 814 397 28 699 773 -680 854 -107 -116 -355 -69 382 -423 252 -174 962 -19 449 -860 860 -285 369 215 708 -418 -12 -197 -154 541 -1000 390 524 564 -389 -534 -69 180 -815 371 970 -384 91 -37 -957 983 -585 -567 928 -434 -223 865 256 193 -891 -49 667 570 -929 46 764 
805 -370 -185 338 -507 -580 -400 -379 252 -624 266 942 -961 584 286 -954 947 -891 -116 -609 337 -825 -864 109 83 -101 731 275 550 506 -417 -107 589 -413 -668 -161 -416 -684 47 -994 461 -879 157 592 708 -705 -897 -647 179 -955 257 420 -245 303 -78 26 820 -906 390 849 -470 369 -129 -554 -801 -426 695 -752 -101 256 622 -377 683 -737 -784 -132 82 224 -838 746 -203 285 724 -372 402 -64 476 -287 -348 388 -583 503 584 390 253 798 -747 886 874 -470 
509 453 -986 -409 -632 401 -71 -64 15 170 -838 -447 -823 -807 958 -427 15 -458 -679 -915 -845 -441 -474 786 -287 -481 439 -475 -334 506 -156 377 -219 107 -686 -931 897 594 230 847 -615 838 -698 682 672 344 -637 965 -316 -251 662 -986 -245 255 -262 -587 470 -281 493 603 789 98 -390 -686 468 -559 -793 -310 -90 -987 -199 -524 642 309 -732 257 529 794 -780 -424 -815 127 898 -49 666 145 815 826 19 -231 -276 648 578 -958 -939 -593 547 -155 479 -797 
-656 167 -632 -376 984 -603 -827 -270 -461 -907 249 -447 -475 -744 -872 710 120 195 824 468 808 841 -526 -816 203 -910 -204 287 513 70 69 153 384 -14 612 -662 573 845 -10 385 388 -88 -684 -585 95 -25 140 138 -685 197 667 -649 224 383 546 -629 293 -274 921 603 -211 -702 -162 -766 196 -625 -812 493 -88 -748 849 -898 -444 15 -942 397 120 305 815 -193 380 125 675 -725 -456 -822 -353 -606 -994 -664 170 340 590 -118 594 382 965 -808 80 -725 
0 -765 328 278 -564 65 -736 -134 642 -155 -268 -712 -119 -168 346 -698 806 200 -57 -691 644 -10 -949 944 -55 -191 663 -685 -104 180 955 -310 -415 -621 -686 444 573 139 -35 123 20 203 153 424 252 -763 432 -784 -685 197 475 30 -615 -326 -125 206 -69 -97 -894 -870 -315 515 597 -813 989 -194 13 690 -275 420 227 465 -940 685 -261 662 180 532 709 -724 254 898 452 -987 -698 -767 -66 -9 -145 548 30 822 -389 3 -736 -946 167 -842 -499 445 
106 474 30 882 -42 -96 55 -144 39 438 -246 991 -119 929 -817 84 -762 -817 473 -475 -191 -451 -46 -3 -893 -578 -920 819 -836 904 -713 978 316 906 104 -868 634 971 282 490 -757 297 710 -273 -29 710 152 509 149 -593 -227 742 -190 -491 945 -193 432 -344 -322 -378 293 -973 615 -328 -926 -258 117 799 -977 -681 792 214 -285 -317 -470 475 -300 814 -90 -631 617 88 581 600 720 -161 -173 -893 -812 -622 -826 -253 251 -434 44 -123 729 666 -229 470 
-254 447 -828 -919 826 -29 -268 -615 -40 172 -431 -920 -217 -488 752 130 -251 -206 574 -380 -185 328 -219 312 591 -172 879 224 -546 438 -713 -425 -145 -610 -17 -416 -427 289 -12 879 988 683 672 -822 -552 582 410 439 -909 673 -260 104 814 -980 -270 -885 492 -605 -842 -754 836 -74 832 -374 800 265 365 -647 -146 -302 -108 591 -330 -397 591 -260 -829 17 354 -932 926 209 579 806 641 -183 -124 422 -165 -652 -997 953 -328 -254 -631 106 42 -4 -875 826 
-636 779 473 -62 -957 -231 160 218 418 899 679 -482 863 -506 27 -557 -966 -981 -978 -589 170 654 -408 -155 -355 -141 493 -413 -963 556 372 22 909 -610 294 -24 904 -925 986 -120 937 796 886 604 -892 349 410 404 530 -732 -172 -368 -71 371 -270 -631 734 143 -521 -26 788 236 -113 -754 -187 -444 262 -274 790 -609 897 -759 -275 383 366 -172 779 -72 555 -115 -624 -264 32 -757 315 362 34 -355 -203 760 -694 -285 -854 250 718 228 614 970 -584 -1 
-109 -822 -198 987 2 -604 246 -550 649 762 -632 156 -822 -796 -697 886 -440 -270 -398 -906 557 -803 -804 258 52 129 -801 -79 460 637 372 38 195 846 623 -179 -253 -925 559 175 -757 -795 -273 611 104 -896 590 -537 -961 915 809 -327 -534 -838 -134 -932 -384 -650 833 637 119 -633 911 634 434 44 155 793 873 -303 -116 413 226 -16 294 809 910 721 692 -27 170 -25 -874 -782 94 -635 733 -355 -87 -495 -417 266 -535 -784 541 521 -609 691 264 745 
-109 478 -368 -113 132 197 202 889 -652 933 849 325 803 863 612 816 -618 332 -584 -641 -323 451 -74 258 880 -529 25 -422 -303 377 252 -429 -305 -951 822 91 889 -622 452 -354 -102 -423 -614 193 203 -843 458 932 435 476 -688 -201 -646 -780 -615 -115 -815 -931 -211 487 776 -660 699 812 382 -697 -784 -902 340 755 524 -333 -233 -896 -583 -110 420 -534 16 623 -907 340 -746 -610 -724 -505 -394 52 -565 -2 403 -513 682 -32 266 352 144 -325 493 384 
-426 260 -961 266 612 -338 854 547 676 -448 965 700 151 525 -233 154 -949 101 -186 -753 686 -741 831 584 -593 397 -823 148 -576 -804 303 -606 466 814 255 91 125 717 -58 349 -845 697 -313 -161 760 40 711 461 774 378 393 -772 -507 -890 218 613 -202 -868 -509 6 -932 -797 699 501 423 -306 -803 -756 199 3 442 494 -825 398 8 -331 -185 -996 -795 337 -652 -39 236 -781 -901 195 84 -251 503 -786 -137 -204 584 -874 -928 689 -763 709 -220 25 
-426 -697 -279 288 -939 -327 -498 -79 701 -807 130 425 478 172 78 -448 -399 -295 6 70 -788 -774 199 878 -937 707 -608 -539 970 -804 255 16 916 -860 752 285 511 85 930 629 -707 556 0 -183 -281 -191 -346 334 838 595 593 -772 -632 815 889 337 -984 879 249 727 -974 -761 -148 -588 -238 -446 -583 -616 -52 -67 -518 971 334 -260 317 518 -649 644 996 -684 899 895 488 -253 16 211 -198 197 695 271 -166 -573 -360 227 155 823 818 130 -159 172 
91 -683 -327 861 -553 757 63 -881 -484 -475 -20 128 -195 -523 -577 940 824 -321 372 74 -164 -568 985 782 629 -284 -662 -173 277 664 383 837 -238 -362 902 127 564 770 -29 909 362 861 745 -421 62 960 -958 -375 -750 -20 -331 275 680 -218 -79 -172 -56 166 -37 727 -804 115 213 590 827 492 -773 -705 -420 -495 -827 190 -875 -667 863 903 -828 -507 211 243 762 -457 -989 211 -17 837 -878 673 -893 -435 -561 63 -789 814 555 135 -762 -335 -958 -354 
-46 -683 -201 149 526 757 -158 785 -484 707 -733 -644 806 -989 3 -219 -578 971 861 -913 357 -20 527 343 371 662 -608 934 -140 292 -326 -975 552 -669 -187 125 312 85 995 -811 -903 -634 28 790 -864 658 953 125 -738 835 903 -475 2 709 752 976 -467 -108 724 509 -165 418 168 -602 341 -192 537 17 118 904 632 177 568 -872 45 -853 -368 -925 -484 84 933 -14 79 -104 969 -566 -367 -732 -903 -991 464 -66 -585 -459 933 -95 -371 -568 -377 -388 
-646 -209 -772 461 -470 -126 44 357 -586 976 923 542 906 -302 -296 722 271 874 653 -443 931 -688 101 -651 378 849 -643 -301 811 905 -491 8 719 393 641 482 685 754 282 554 697 -296 -842 -505 218 -407 707 321 -719 719 908 287 612 -962 -270 -684 50 127 675 -926 131 -521 -764 673 -296 -364 862 -693 -3 -645 135 15 -640 -432 209 459 -327 -957 198 -236 -475 452 -725 -620 -744 824 -881 -225 520 -452 -410 -367 -398 967 400 88 184 340 -103 -212 
-481 731 -772 451 -470 -556 -340 894 317 -853 412 153 -932 -897 606 -225 -738 -5 -634 -452 -253 -61 -307 -141 764 -431 -662 -533 421 -528 371 -873 -753 -929 20 898 262 -807 -29 -302 79 -287 349 14 -174 221 122 -603 -994 -172 -853 -446 -553 -823 196 -714 238 482 452 -213 945 -433 -190 720 504 -377 104 375 -779 569 -483 875 -921 897 648 -61 -772 2 -842 784 707 452 655 134 -841 350 -474 378 -459 738 -381 867 -888 -181 -737 -105 577 -740 116 -660 
-910 338 275 897 251 239 544 890 317 36 597 288 906 282 495 879 -299 -790 -153 612 694 -96 -447 -138 966 752 705 151 869 924 -838 -873 709 -19 216 898 -36 -744 922 932 936 -65 67 -524 785 454 -836 782 909 -623 283 -413 -655 354 -84 243 926 103 -452 -820 103 -429 752 -348 23 991 949 -63 -779 -254 394 -629 67 -153 -836 -391 -475 132 -879 439 -122 -610 260 -607 -740 -57 184 621 536 770 820 42 -159 350 -560 773 18 149 -616 -870 
-278 -309 -475 908 -599 466 -555 -655 -94 -227 -481 -512 708 697 958 680 -76 -14 64 403 26 -508 566 593 -977 -227 859 145 -849 679 671 -806 481 392 -935 -372 -581 -168 -409 729 -193 54 774 907 447 -140 250 644 165 654 -61 669 53 -248 904 609 170 209 -97 452 932 -855 -596 726 -618 724 8 822 452 854 552 -362 778 706 -10 -2 -17 -939 183 -108 680 968 302 -427 -749 473 601 -977 -700 678 793 -16 565 896 927 580 238 -726 -98 -781 
-191 -743 -366 -430 53 326 -243 207 -518 -988 515 -710 708 265 411 570 -250 969 -567 98 452 858 33 -123 719 172 839 264 -849 183 467 -899 481 -215 640 88 891 661 -852 607 341 435 700 -498 739 -412 941 995 -196 -844 -357 -844 -635 938 -843 -108 -155 -927 32 959 169 -210 -596 -5 -564 782 -614 786 -372 -615 675 163 686 565 -385 -510 -968 -470 544 211 -169 -733 -63 723 -590 574 601 -497 -754 602 965 302 584 486 358 541 954 303 -626 344 
-578 659 -453 911 -635 875 919 357 -668 578 -724 -684 73 462 107 -453 -964 -399 645 425 452 -296 395 875 -623 809 876 264 636 -961 -780 -472 -971 -55 430 209 12 -506 -968 -840 825 -213 298 -116 -715 172 306 -487 595 -454 -766 446 -5 692 -880 -494 -216 -25 354 783 314 173 -940 -462 519 917 -921 -758 233 -519 -471 -989 67 -548 952 -510 -464 251 -793 4 37 -834 334 -642 -432 -508 169 258 -905 709 446 -979 -656 421 644 -238 893 791 -569 -850 
820 -863 -968 -778 321 875 -589 815 -668 37 933 -956 958 -533 380 -719 504 785 -442 603 -813 -887 768 179 258 -688 -226 -908 682 44 -890 -110 -808 -189 -861 -401 -940 -29 -274 329 -462 -196 572 -679 -995 847 371 919 -775 471 -347 934 865 16 -973 -249 933 895 875 999 -346 398 -14 -581 -288 -908 -490 944 659 721 -401 91 -138 -35 889 226 -413 -599 -888 -20 892 414 -556 477 865 101 227 -623 71 155 312 -843 -32 379 -135 -166 91 868 -394 458 
-404 493 -446 1 -5 41 458 769 -527 892 736 361 958 645 57 188 101 -299 -181 299 752 326 686 -631 -77 -403 527 -473 -908 -264 815 -725 -659 201 -520 -927 -168 863 -572 363 -354 -791 98 824 -206 -674 457 841 -426 479 -862 151 205 452 -557 8 -807 452 -536 795 -595 -816 -14 -120 891 -626 -219 -146 190 837 -59 -79 281 670 465 -932 669 -17 826 -727 979 -383 858 953 24 -985 169 654 -743 743 -292 629 -781 119 53 -693 -468 -966 -284 -561 
-69 -801 -413 221 501 369 548 -631 -74 811 795 912 -65 844 -834 298 267 -141 -138 255 215 886 627 -366 -19 -493 124 -473 345 727 -218 201 101 -69 -598 -25 -685 525 447 -737 555 -330 -9 473 -745 463 251 -10 922 701 226 145 -316 211 239 -678 -475 -462 -746 -732 -558 -430 -927 524 -531 -787 -495 -3 -56 -207 -425 -723 -271 293 856 -523 -29 -635 -703 -251 175 -482 -682 -385 -452 266 995 -19 339 -53 -954 227 -536 -708 -301 537 -822 565 825 109 
-132 -823 -422 460 259 -538 -243 -932 718 -386 939 242 529 -289 -538 -477 626 135 630 427 990 774 627 -316 479 518 -211 -447 345 203 709 625 101 88 21 340 997 -523 -721 271 678 -32 -501 -30 155 572 660 -451 604 -194 951 -640 8 -129 168 -430 976 -733 -97 31 389 -430 -876 569 -849 205 -495 449 -721 48 -180 -350 -269 -223 335 735 446 -5 -333 -820 -490 325 710 993 622 -548 227 471 531 -175 95 -975 496 -162 -235 124 797 -978 -459 -99 
257 -218 -29 941 205 -599 994 -40 -990 650 -127 -277 68 -587 -395 0 184 -138 -556 -718 -129 -342 -76 -685 -66 594 131 -447 -971 441 -962 851 -279 -594 21 -39 41 -837 -666 611 -315 -744 750 574 -596 -860 524 -949 460 -66 388 -473 450 -484 -600 -546 680 942 -31 -550 479 -356 -916 -659 289 -691 886 449 -422 856 210 -666 700 412 790 -119 934 501 -340 -667 35 700 705 -619 423 279 -525 479 -359 758 318 585 -664 459 -661 472 -34 382 963 -61 
-609 -643 216 789 678 -233 994 -115 -106 -490 -224 537 360 -253 861 -22 452 -4 -218 236 -390 -148 -582 149 -984 594 624 214 803 529 315 842 168 -115 -554 968 -961 -897 93 118 -800 -331 -706 -978 688 -648 -396 654 -615 -984 735 -560 495 198 -983 -444 -988 -834 -651 567 -508 -594 -452 134 961 186 295 -422 918 471 -919 -339 -856 644 852 -612 145 -316 520 -415 -286 -272 19 322 -209 -768 -626 465 -839 -615 876 -884 248 268 -766 602 -659 815 -279 -280 
988 -218 858 970 -352 -309 259 -461 -106 35 -531 -779 461 609 -758 -603 -123 -813 750 81 706 924 -965 -151 -601 903 343 -903 803 -776 427 -658 -676 -367 706 968 -889 282 -639 -370 495 -296 -69 -398 -188 504 -396 -803 -672 -601 735 554 681 -879 343 -820 284 -529 -964 -59 -300 658 -364 -582 983 85 -266 878 298 90 -721 175 859 894 -637 -259 -908 -316 801 -145 467 425 710 -618 69 653 87 -281 -443 -208 -439 -316 413 -532 470 669 858 -132 409 -770 
662 -643 934 -940 506 -951 552 613 516 -490 470 -680 -367 -182 595 -661 956 -246 68 148 -865 900 -491 530 -559 -194 -890 554 803 -406 354 -658 325 -900 -623 -457 -823 353 762 -295 -809 134 -227 -303 104 -744 -731 451 183 -216 505 -493 -748 544 662 -667 578 991 -455 57 727 -763 361 236 38 -895 922 331 121 169 840 -315 -407 -911 50 884 -473 -352 -732 195 469 313 -902 -125 -59 -619 -447 -601 -358 81 -564 -89 -111 249 121 247 -810 -305 685 -509 
752 -662 -301 136 450 175 -836 976 205 370 394 -996 -285 276 -814 -1000 781 -626 485 -761 649 -392 16 435 936 908 -890 -493 -269 358 394 -910 545 878 733 -14 -475 794 -929 114 565 38 -644 -985 695 708 -496 871 960 936 -119 -78 -941 -793 323 384 979 -383 -566 328 -877 345 676 -984 801 541 -379 343 442 -784 958 -454 201 799 -272 880 -356 -415 584 552 730 -644 672 -104 720 -634 -386 -216 -957 221 -305 607 -942 -89 -744 -469 808 550 880 -476 
-227 705 151 869 495 -809 -575 337 86 -286 401 -649 -900 -339 -385 312 756 -519 485 115 -113 -948 -785 126 -859 -853 716 939 981 821 938 372 -868 418 185 452 111 846 -758 124 -880 138 6 -578 977 462 519 -741 131 98 121 479 70 -328 436 -415 175 -482 -23 -791 218 283 214 339 674 959 -1 563 657 752 -951 -164 -672 220 552 600 214 209 -827 796 -879 542 106 -441 -279 179 -527 -351 576 753 -544 956 436 558 458 -761 -745 306 783 -296 
-172 859 140 -521 -467 29 651 -872 86 467 -63 7 194 390 -432 -40 947 -369 237 471 -232 -545 980 774 922 283 820 -142 449 -839 642 324 -154 790 -875 -462 111 49 -833 915 39 370 -1000 279 -739 -229 519 -774 -48 -859 -630 -447 904 -703 -279 -145 650 700 -142 864 615 396 6 -44 -143 -218 735 946 -72 -682 -539 -820 383 -166 -606 670 752 681 -918 570 653 288 802 -66 -429 -167 991 953 152 238 -295 -837 -580 456 18 -658 -887 675 -630 925 
809 -534 145 -521 681 474 371 976 279 469 863 -317 119 327 604 -838 -331 -797 761 -521 -148 -105 -970 838 953 459 86 -510 528 -123 692 -685 -154 -384 -146 -733 -368 -547 -903 -637 441 320 312 -910 602 -330 796 -265 -59 -116 751 138 438 -908 -742 494 -490 425 506 148 360 -476 234 -573 -177 586 -72 -138 -826 -490 999 249 532 -409 930 -119 832 70 867 481 973 361 890 301 -195 -217 918 -116 172 142 295 673 204 -29 873 811 -376 433 -971 -132 
683 876 -640 -646 779 -44 -483 -339 482 517 -146 -532 390 -972 -350 126 701 775 -34 -433 -730 -623 242 -750 922 -61 -728 479 969 -69 16 -380 -534 -369 -799 -733 -368 307 -58 234 -240 -601 -164 454 -305 218 429 -265 250 953 -533 925 556 390 -298 -305 370 313 -684 928 -978 -476 -383 -747 574 208 101 -880 -841 -172 -889 -579 -366 740 357 -131 -567 180 -268 -971 874 -277 579 -332 -5 -297 524 953 873 433 746 -459 -598 954 574 -8 -886 973 517 606 
-363 876 -908 -820 -748 -591 -121 -379 219 730 -822 2 -167 -31 941 -30 543 531 725 -210 -195 -450 -158 -738 -786 -206 -838 -567 516 -559 -795 -822 -534 -202 129 -876 -822 373 -234 -251 604 999 -55 -176 934 660 -103 -96 -401 922 -521 852 902 520 131 -238 -286 490 -291 663 687 -483 -398 536 -818 -824 -884 593 -913 989 -192 -89 115 917 -446 476 -975 438 -393 253 798 -680 245 896 -275 645 524 -116 -686 802 556 -478 819 -104 -924 -978 -990 435 -200 229 
-110 -808 618 -434 -748 -275 -674 -339 623 -343 266 217 969 740 -937 489 -901 687 -599 -855 168 634 114 -719 -819 -365 165 925 428 -775 -969 -651 40 -984 653 942 884 0 375 414 977 870 734 411 -29 -324 915 -508 508 261 943 931 -953 855 -563 552 469 288 845 405 -383 25 -882 893 -747 26 -746 -123 -265 -766 469 107 -8 152 -858 979 436 556 246 -279 169 -683 326 736 -79 -442 -709 261 218 -237 683 663 942 -228 -308 -604 781 -974 41 -124 
-110 527 618 439 -941 -591 -428 -714 -899 -308 778 -328 877 381 -350 831 109 -836 745 -598 -764 -684 -26 -994 981 -766 -267 93 676 -585 23 191 708 817 801 -834 -793 -448 -476 -815 -420 -563 -20 -153 -271 66 258 858 93 -819 979 -367 798 801 652 -753 -159 -684 139 668 382 -251 -514 -974 -703 -359 400 -235 928 -361 530 -985 94 584 445 930 564 902 -779 -676 283 -368 387 -250 880 833 250 -595 -716 -567 -533 -546 -485 -29 -160 731 617 -806 914 -451 
593 113 -473 -971 -941 -275 -997 243 597 -879 -557 42 493 -628 -47 -456 -266 -255 -915 -598 -364 -733 -628 769 -456 -2 434 852 -932 -775 211 977 -37 254 801 231 -195 696 -824 218 -339 -561 -958 -153 812 -932 808 -970 50 -282 989 783 292 -400 -719 796 730 361 -118 494 903 -696 841 672 440 -51 -537 376 -287 -57 836 915 -629 -539 281 802 -675 664 -779 325 -930 -996 879 24 82 630 -622 -819 531 265 683 -836 281 -721 -360 -474 194 -893 255 337 
-973 -912 -560 803 70 654 -44 422 -389 653 -85 972 620 248 953 411 -571 227 -915 -601 752 221 -89 284 -794 -2 218 564 -132 -773 -129 -967 -385 449 246 231 806 -490 905 202 616 745 831 883 -895 231 423 -158 674 636 789 -316 -528 -827 -45 481 -879 526 916 970 528 -308 710 220 84 -814 -248 -321 826 360 -511 335 436 897 220 -348 -132 -528 854 -409 269 -649 700 855 -127 -362 -181 981 -430 404 367 -489 -107 -998 -720 623 252 -504 369 607 
-97 624 214 605 673 -734 810 613 922 653 -980 973 921 290 -965 -62 -85 264 -556 147 -596 913 109 -196 641 -347 -566 931 -822 104 10 368 -194 -467 -873 -510 829 -767 -244 609 871 -610 -5 -297 343 92 753 -628 558 589 -348 -258 552 -918 222 -845 229 -277 -123 -572 701 770 70 821 -612 962 -585 179 334 119 -926 527 361 88 397 28 -971 552 -498 -140 247 7 298 -955 -608 -614 270 -456 -697 142 -89 404 330 -991 -786 387 257 -598 319 531 
518 343 -564 -269 40 672 880 609 -732 -507 -523 338 -894 -735 -301 323 -250 -277 83 -586 -295 -907 -379 595 -625 -862 915 824 -191 -607 -484 522 -275 50 118 -335 906 245 -281 -239 -606 -768 135 604 755 -108 -773 -89 401 -389 56 -946 -264 -500 -253 255 653 -680 -231 773 234 145 -162 -531 -236 -809 -950 -316 -55 261 -519 -722 832 -389 -690 -326 -946 466 -158 67 539 867 572 -705 813 -218 -242 -794 653 -635 -969 -861 -808 54 -5 -384 -399 -617 526 722 
903 716 -493 -721 40 672 -442 609 694 887 -819 338 -322 -634 -385 -499 990 255 481 250 -927 -736 -665 -336 565 -510 498 -379 665 -972 198 -812 -789 397 850 -335 829 747 157 -970 135 777 817 343 332 -865 557 284 -503 -213 -326 -493 727 55 108 253 -506 -996 805 708 918 958 -622 109 -942 189 -371 -316 354 -552 -290 448 369 -705 237 -127 -493 -264 930 40 -668 -532 565 224 -496 68 299 641 -995 -977 -470 844 -466 -197 186 -921 790 -914 -652 834 
903 716 -493 969 904 489 -682 483 -314 347 470 -391 1000 204 -785 -538 274 -470 -862 79 974 975 -856 634 771 226 533 783 772 636 -879 -201 648 -548 -794 -383 480 -191 -135 852 488 -625 -259 -431 1000 -946 442 -803 -463 -794 -127 69 203 -268 909 101 347 -649 -89 15 411 441 -376 -170 -939 713 686 -685 154 160 274 -372 -633 -854 483 -722 -38 710 -340 476 -422 -549 496 -169 757 77 -546 302 8 -523 681 547 -533 963 -927 -818 519 670 913 -477 
908 -671 752 -302 435 -417 -811 439 75 -664 394 -88 -521 558 -590 901 -207 -715 710 844 -52 807 -803 922 -299 -875 533 -316 -916 -952 -721 -46 -166 -640 166 931 122 -824 -79 785 -160 270 -246 833 943 -915 442 476 -409 603 216 23 529 -393 -225 -279 -664 -649 -440 771 -680 461 -721 311 -989 -555 702 149 637 -130 295 -997 309 -954 -477 -776 182 203 -248 -194 -224 -328 -501 -465 61 485 -752 -189 279 934 -929 475 923 366 -63 695 -913 -844 -157 -636 
283 820 939 827 595 -417 -198 439 792 -531 -63 -24 833 -925 777 -892 863 296 -147 658 -452 167 476 604 540 -875 128 -209 -421 139 544 198 618 549 929 -482 958 402 -944 -73 -60 -463 181 630 557 942 -328 -353 -914 302 -776 182 -776 202 721 168 597 7 717 95 -705 -585 603 179 675 338 -675 -764 591 -230 -687 342 30 87 -999 -739 197 529 -589 648 -426 269 942 336 554 -315 657 771 -264 52 -477 -943 686 944 -524 -347 -243 -794 -248 665 
459 -246 -78 428 108 516 727 -108 -257 874 863 -860 913 -550 270 262 169 -195 637 -763 634 -708 -353 -279 -734 838 667 -946 -421 -412 -557 918 499 549 -991 325 529 453 -806 -522 290 491 -279 775 688 942 266 -173 -55 -189 -739 -212 358 854 993 325 169 -1000 -599 196 551 854 771 49 611 499 -582 -693 -355 -1000 -915 -44 543 156 -970 -368 223 -776 994 -942 -354 972 411 734 328 761 12 339 -897 523 -856 411 935 365 493 445 -742 -790 475 -558 
-61 -728 691 -874 206 -503 -617 -494 130 798 -822 93 -491 -197 586 -751 641 600 433 970 634 726 -173 -559 908 509 -721 -594 103 -770 -793 -109 499 -624 658 249 614 279 -593 70 -735 292 -79 -564 933 -691 -607 -124 -476 771 -368 402 286 -158 -271 -140 454 2 -807 818 344 276 791 163 -528 -959 163 -961 -955 -730 -454 -137 889 -59 -448 900 670 821 994 -409 902 -437 -69 692 481 -109 183 717 15 -879 -92 109 419 -64 147 181 269 -162 953 426 
-206 165 861 676 902 -932 327 -249 -354 -692 778 -768 259 -641 -831 133 -77 -302 860 -85 716 460 -66 12 829 735 75 912 -962 -842 -340 491 -123 -624 -659 -817 68 941 714 -199 342 523 -294 750 -111 -475 -106 365 357 339 957 235 -123 -702 -501 67 283 -525 -744 -746 506 276 314 -884 238 267 478 -945 -251 -399 696 324 35 -897 640 167 703 564 552 607 -187 338 528 177 -369 -202 182 194 -836 742 -649 -530 608 -168 -662 411 514 397 992 511 
148 429 832 -132 -953 -753 -421 206 -116 169 -557 29 843 -458 -47 -658 -256 -984 849 722 696 -909 -124 626 251 735 714 44 -654 991 -888 -360 199 -303 -579 425 461 464 -428 -851 459 226 531 68 868 -475 -880 993 632 817 83 703 -69 44 287 84 -930 42 -168 515 -969 -838 447 -649 -567 -304 617 435 197 -308 -664 -481 -645 295 440 447 219 -123 259 448 641 -24 -661 895 775 725 -22 -734 -94 -575 -550 227 -151 390 957 303 8 -989 38 825 
552 -594 832 -932 386 806 -903 4 -259 283 -980 794 -321 870 -904 -525 -51 -935 -917 396 354 557 -124 846 -609 505 -878 23 -757 -445 818 -360 419 -155 193 128 -760 44 -22 631 741 393 687 77 -530 -205 26 -198 -71 717 -880 -256 -564 -248 746 40 235 -437 -506 203 335 -935 -917 -645 -103 -578 16 774 -593 -123 -218 -261 -136 517 -675 -822 219 266 -575 -833 20 -768 -862 769 531 135 777 -734 547 -487 -775 -843 595 -776 463 -63 -670 814 451 985 
-766 -338 138 898 -528 806 -926 359 122 283 -819 794 -135 0 38 -341 -769 -256 762 -476 234 -581 218 182 860 -830 16 228 892 61 328 -615 607 -652 -585 313 -900 213 486 -548 523 951 -444 -199 -933 -589 374 -878 -999 540 705 -185 -559 -243 -176 708 247 338 -796 760 -742 -247 626 -754 291 -670 934 838 629 -624 -846 310 13 -188 -777 260 938 -775 -483 39 216 -768 -40 -431 -603 -599 -401 -740 882 396 -318 -705 913 462 439 -417 -267 -713 588 558 
-203 825 -567 -822 924 252 978 -678 -413 -930 943 765 -135 -470 -822 296 583 -308 -504 -465 -222 -120 427 250 256 314 -92 182 589 632 826 740 -278 -340 881 -644 194 -137 448 -124 -197 -717 -885 761 625 -320 541 -367 -389 784 453 -251 -775 -589 -833 374 539 -391 863 253 710 -731 -273 -804 -830 946 934 -750 -732 -544 556 -149 723 292 -634 -697 -251 325 -121 -863 640 -926 -838 949 805 745 -499 -603 620 395 847 -285 203 401 -739 420 -415 569 282 442 
-510 -791 93 -146 913 -831 209 -430 -239 235 -470 -986 436 -708 951 747 438 412 542 -365 405 524 34 -319 405 674 383 -363 374 719 -703 562 470 -216 -246 490 -699 -345 -344 -420 -106 -770 227 176 -259 -81 -293 -881 480 -385 447 -544 681 174 170 -275 -668 -24 172 492 349 -122 552 -77 264 418 -418 -719 915 -637 -495 278 -573 696 -429 -683 -78 -779 -997 -652 -520 765 126 93 -674 -915 -412 -609 -870 442 -266 797 693 278 -53 441 912 -977 -718 176 
-510 -24 -975 -191 183 255 -425 -546 107 -375 611 -543 -37 839 671 185 983 -320 223 -696 -404 569 427 508 -681 121 383 -212 418 329 -908 562 448 834 -431 542 -351 -209 975 -852 -458 352 -1 -109 588 -641 215 852 -105 678 -822 -181 -607 552 404 47 -422 655 -523 423 -896 -122 110 -89 70 366 -970 389 -225 341 -2 -381 60 574 -958 338 -544 -607 825 305 -580 -543 734 400 278 540 -412 663 319 -661 424 -303 282 -50 -65 -330 -26 -648 -947 272 
226 915 436 94 466 255 22 -251 -239 247 -374 636 734 -293 -366 -605 -361 -250 637 -308 -514 -974 -198 -412 -589 529 334 253 477 907 -908 524 -815 -781 -161 288 -167 -870 -18 -233 0 717 264 -202 334 70 990 184 -784 251 -117 437 -972 259 -693 648 -686 93 -989 -885 -843 -451 -127 -91 156 601 242 -580 378 491 -786 656 -237 666 754 663 -907 660 -44 103 840 -54 938 -266 857 -556 50 544 724 -88 486 119 -184 520 843 413 -300 -53 939 -169 
-932 103 564 -332 -264 383 -429 664 -172 -96 12 -440 450 281 -770 -770 304 237 -265 84 584 87 -367 -873 -589 575 -386 -285 -768 -8 -340 -174 15 -781 -632 -474 -167 -851 -687 839 -470 -784 255 -600 850 46 -390 -112 524 733 -954 -903 -119 -836 143 618 -422 -768 -30 218 786 -451 -107 -881 399 -976 -280 -196 -330 494 254 -550 472 -124 -213 -743 444 636 -55 317 -623 816 -946 342 766 481 -110 405 -555 424 -622 -328 895 521 -839 -650 -899 951 -578 665 
838 527 -675 -892 710 -180 -580 959 186 539 12 965 724 853 -576 323 -255 -419 6 -29 243 988 -881 -110 -169 575 -193 235 -245 513 -186 -78 -871 933 77 -956 969 72 748 972 -483 -848 -438 -599 -743 -913 -981 169 803 -609 -896 896 139 -575 -819 -942 -923 -926 279 -174 -85 590 19 -765 -502 -654 -455 -417 -137 -791 -728 709 -414 -888 -269 -863 -181 136 -592 -74 304 -527 831 142 255 450 558 420 860 -335 -739 -308 920 -75 268 648 -767 -26 -162 -600 
-523 -385 611 -107 637 -491 837 -667 55 -668 -1 -110 -105 914 517 760 986 -376 65 958 -226 -921 852 558 -495 -316 -69 703 -245 -74 520 -262 39 -475 -756 361 493 794 408 525 699 -268 723 188 -487 -443 -455 995 -576 663 731 91 476 70 316 -123 -814 -986 -150 -698 -853 299 -646 885 -205 -537 -628 595 258 -86 104 139 -162 389 -724 493 468 -309 -108 -311 -875 797 751 -919 -438 -862 401 -302 -777 441 -350 134 574 -479 828 -635 637 -172 -244 -784 
65 -887 -367 665 203 -491 -580 -219 55 -686 752 -110 898 -921 167 -559 -592 236 509 441 611 -984 995 340 -525 751 493 340 161 -147 -876 -243 -40 -833 130 912 -28 -171 711 -942 -384 -561 615 535 -625 -645 881 -525 385 -987 -204 -90 -842 -483 -861 199 -426 -543 163 -319 -191 711 -646 900 119 581 969 -658 333 958 417 -822 -856 968 -119 -801 -903 -842 727 -990 -223 -877 411 417 -715 416 340 -609 442 -681 -548 -114 -302 -579 -865 819 -435 559 785 292 
505 667 955 329 99 -980 837 384 -610 -923 449 -55 675 301 773 -233 -91 584 -65 -981 710 -887 169 -463 569 -25 837 -80 -815 -530 -732 546 418 976 -263 526 921 -788 846 -335 -407 -251 93 -915 -948 612 -96 93 541 -748 -309 -620 -445 -121 715 -84 255 -440 176 892 -761 597 138 29 711 -137 -89 135 797 19 -235 -954 -255 -460 -784 -823 914 991 423 -106 539 -943 979 498 -955 831 -409 315 815 -105 -843 -322 -850 823 -334 -923 157 331 -907 156 
-119 -721 -971 422 -776 882 8 777 553 -17 -889 -415 -30 220 218 789 -330 -56 344 -25 70 -468 995 -409 779 -533 -635 219 224 -66 584 -125 -570 680 566 -277 -894 23 380 -384 -473 305 567 -668 -352 403 846 93 -90 420 -743 676 61 113 -314 -65 -354 -54 411 122 -413 953 509 861 -469 29 109 657 -769 606 -76 306 -526 584 -914 -608 91 -972 -903 441 490 -695 -66 -207 -195 637 -914 -169 186 803 -739 -696 -982 -579 323 -722 467 -447 -114 125 
314 75 -946 772 -369 371 -240 777 118 -814 -767 -654 -452 428 -672 -703 -717 300 -398 -25 -162 -899 -525 829 -615 880 88 -192 -354 -610 -852 967 649 671 566 -938 -322 -421 -369 -361 220 -866 600 481 397 98 -113 -230 -88 -681 -606 -409 632 -428 -382 470 -187 816 -153 -871 -762 -803 439 4 -223 978 -379 -279 -844 -245 290 661 221 -499 -977 -662 -809 719 209 205 246 761 -499 -556 567 -784 -39 -67 220 -524 -718 418 -623 -150 -255 439 -76 -28 132 -346 
-959 714 -606 -916 -406 882 -240 -406 814 853 -767 -184 389 326 -720 482 -541 739 -314 244 -622 -102 391 -39 -75 670 573 -670 -190 -3 -500 -242 737 230 923 -680 -760 978 -656 683 1000 -905 -302 123 66 -930 -236 -626 -153 -302 493 -62 719 -997 844 448 641 -527 625 433 221 707 404 -792 -509 -288 -856 460 -652 -812 602 -439 -565 708 814 859 -90 108 38 528 -173 -221 -538 -705 -302 -622 -39 -301 -519 -803 564 287 -677 513 -994 494 -503 -671 -846 -539 
-612 -885 -493 -132 -525 882 -806 -62 -931 874 452 758 195 648 -795 -646 -626 -738 710 979 -376 604 -626 843 352 670 72 -185 305 -551 -736 115 676 -169 597 -368 781 -641 254 -321 -979 487 -676 525 -869 -74 -232 39 624 -609 -801 -113 108 78 290 15 950 -211 253 675 557 -45 -820 -857 -973 -191 720 12 -917 58 -167 20 44 494 -433 839 -620 -8 -606 482 -794 573 313 415 -676 777 533 -645 -792 -92 -761 915 509 -459 420 -25 -578 -484 180 194 
-630 -281 69 676 821 671 -472 -145 -398 108 -505 835 32 -379 929 325 969 856 582 -929 -530 -388 87 -938 -408 -119 989 272 532 958 -268 512 305 37 262 -649 781 508 -203 860 734 708 -125 416 -315 427 -148 -527 -182 397 -823 288 513 -44 -401 -833 640 -877 677 155 50 749 -820 453 333 -171 476 626 19 -203 709 -278 -764 -518 -139 876 676 513 -975 219 -991 634 391 -659 626 357 -476 779 938 -511 642 -576 973 -94 181 371 -530 -767 -15 -194 
-155 490 622 -932 564 -221 -110 494 -669 255 -274 835 -874 -281 -74 -138 -201 867 196 556 -581 510 236 357 528 943 -563 -755 814 -458 658 -270 103 -373 117 -996 868 -474 -597 859 -281 -503 925 710 -239 -718 -148 918 -977 79 -643 861 -147 810 75 39 430 -943 92 -903 -980 941 14 837 -373 -113 885 -806 479 -87 -526 522 473 -841 -669 527 -116 -147 837 -899 -581 889 -848 -988 -256 439 632 -656 974 954 138 140 -640 -692 866 -741 -489 527 -222 -41 
-904 580 23 -822 286 625 -463 195 393 752 -97 -823 875 281 -872 -469 382 955 -544 -437 -953 672 675 -999 -38 -251 414 -453 17 -798 202 -270 21 811 795 -649 913 -495 -932 317 -133 -401 -595 320 836 -672 168 -999 277 3 705 461 -530 880 -13 418 -520 -695 92 25 847 -199 -177 664 499 -624 -148 183 -194 830 227 -581 585 75 -914 -671 758 -66 847 597 193 125 -244 -575 412 -379 -999 -77 552 591 -274 604 -143 239 -919 73 111 202 809 421 
751 -239 739 -332 -925 625 201 -305 -929 -187 697 385 -832 -597 -120 988 706 990 -351 152 -953 223 -612 -426 -61 476 -120 -544 -72 401 202 -144 21 175 939 704 -211 204 850 -996 10 -743 244 637 553 -797 734 -709 125 -67 839 -423 671 -55 -391 649 21 47 343 688 -464 371 932 450 750 -814 -148 335 -891 41 -897 808 914 496 128 -804 834 -667 8 -595 89 511 -658 -903 244 -379 424 -75 -377 -262 461 799 -991 -314 830 751 310 792 -886 -939 
884 -69 197 -107 266 -890 625 763 392 641 -349 762 -97 141 -55 650 843 -406 -694 410 771 220 -527 -591 90 989 449 -907 -583 -96 -135 -615 -518 -112 -127 7 950 -278 239 -34 717 551 -250 966 872 6 734 250 873 -495 527 451 -610 -442 165 -652 -554 -414 -431 -188 -659 -646 461 -52 310 -917 -124 131 -281 -754 -436 -793 -846 265 896 624 266 -610 -806 694 -431 -423 -226 -705 -320 -914 480 352 675 -333 -664 -994 45 -176 -186 -921 -318 227 100 -228 
-533 295 -212 422 -585 815 870 -238 -215 641 -457 761 -97 238 -345 568 109 -273 -191 -451 314 538 991 -18 -384 930 -191 -70 693 -144 -316 -637 317 370 -535 867 -509 456 939 -466 801 219 515 860 776 -761 -364 -275 -911 936 -211 897 -3 -198 23 305 304 -221 710 104 463 -246 839 160 -348 215 365 -48 122 -266 -968 132 -929 -384 325 716 -423 -3 -110 -314 -161 -764 450 -412 515 -219 -105 -207 -377 94 -330 44 -44 373 893 -152 542 -729 -72 28 
600 837 389 -916 -559 -218 913 719 353 280 -103 156 837 801 -600 427 -646 677 520 590 578 109 918 -784 -849 802 -36 -907 -996 946 -316 248 -94 -112 174 -842 249 430 -94 737 347 -225 434 849 -766 -952 752 -181 -52 -645 624 -312 -551 423 -51 273 -223 -416 389 695 -860 937 -506 459 -968 -274 372 167 -984 62 -208 746 32 153 421 820 897 -722 625 -368 -632 262 4 103 434 -422 -784 -753 -843 968 -114 2 739 150 661 455 105 -907 -39 -962 
670 720 402 -10 -775 -962 55 -821 -829 464 -103 -221 488 179 219 231 -119 -805 498 458 -705 -170 833 524 752 730 -304 701 644 -756 -498 889 -94 -490 -531 -670 436 743 -8 318 -538 999 -132 -917 -171 -521 -295 299 -738 -254 -890 -430 -722 -617 651 21 941 573 -362 977 -61 -432 -375 -82 -94 -65 218 871 -601 -906 -442 -489 956 -911 -280 -246 513 401 913 792 849 891 -683 85 -455 676 -577 -61 758 686 -233 -968 437 71 -23 -420 -148 742 666 -121 
-521 258 670 793 -670 -823 -910 -753 -590 20 995 897 583 -634 -375 -179 613 779 835 506 6 547 833 442 898 798 -304 444 644 772 -869 547 -527 35 401 2 436 -337 -606 -205 -755 -598 -245 423 -718 -429 -927 930 -420 -656 -671 513 401 377 -977 -518 490 634 -8 605 504 524 -267 -688 -543 152 372 -354 -11 264 753 -213 -837 -111 -460 -838 513 -941 55 -257 27 12 562 -882 -376 861 -577 471 -59 813 -578 -556 768 -659 149 -176 -15 41 189 -363 
709 573 235 793 498 -918 372 570 201 950 -605 -416 729 409 799 653 -538 -923 -50 711 626 -427 890 -881 989 56 500 468 -507 197 100 -697 -74 663 863 -328 -156 851 536 688 -693 452 206 -378 707 -210 -876 -546 118 -615 86 -778 65 -903 421 -527 -873 904 -750 602 -744 -396 125 114 -866 924 733 928 -216 703 -405 683 325 -387 -196 -267 -778 -847 372 130 130 12 -90 -379 412 -986 -576 169 610 -937 -825 -792 257 715 -732 77 -182 -844 56 -162 
-119 -129 76 103 -746 354 -685 481 293 -935 -793 573 250 -700 -287 268 -690 843 221 -180 -273 276 890 -881 -698 -758 653 394 984 -862 930 752 -436 467 266 269 724 894 905 -404 -156 403 584 223 244 -210 -289 800 441 -421 -728 1 319 978 -426 -311 118 889 -564 415 708 -351 321 534 -890 6 683 508 936 -297 589 585 348 -533 597 218 -963 197 -685 -742 -20 301 -611 -453 -537 548 -881 -849 914 448 -10 -132 -368 384 427 -792 -549 173 -140 27 
-131 -421 -256 -962 -44 938 -380 947 -4 430 -863 -32 79 950 967 223 716 671 -613 -958 -853 -498 -275 -101 895 -326 316 -143 984 757 44 136 -941 608 -85 -437 898 568 -498 -767 652 187 -832 -628 -165 173 -52 -647 -19 837 -267 460 197 209 -999 -407 -173 542 505 -250 -229 -496 -603 75 -855 -221 266 102 -859 -700 -153 517 -131 163 -226 915 221 757 -415 -259 -733 -685 -463 -93 -832 74 541 595 -385 130 966 -633 -48 669 481 -843 -482 275 -670 488 
-515 -766 -935 -757 -779 642 -822 253 432 430 -212 634 449 -975 626 354 578 270 116 155 -127 -884 -90 -90 206 -127 -142 -611 -925 100 -508 799 -407 -159 -523 338 898 872 -297 -149 -657 -959 -56 487 358 620 -364 793 -53 -207 825 970 -545 -429 799 -407 -374 859 -576 -192 218 519 782 857 789 621 -367 50 953 -989 929 683 -142 231 369 103 -303 100 -822 -259 -481 -560 -919 247 -95 191 -90 898 -982 -721 284 -732 -403 271 -27 764 -961 490 821 -981 
-511 -733 -185 942 -607 692 635 -279 492 666 -174 -427 -366 374 -602 -484 774 768 592 -255 114 -940 -90 -153 -52 -722 82 -52 217 -126 -248 837 -407 376 -613 553 452 -158 466 -677 0 523 -95 6 -200 147 361 -902 -122 -38 -178 -149 -862 -580 910 -106 929 527 77 218 -306 796 -794 -267 -257 417 -881 -873 922 -576 -75 420 494 -601 631 527 789 -10 977 529 262 -823 -127 -758 739 527 -88 -172 239 -622 -921 623 -459 336 -986 -68 -931 -202 -887 -640 
-511 379 938 589 660 16 421 15 -754 -814 859 -44 937 747 754 -521 198 64 -357 -255 -647 393 976 -611 688 -782 529 -52 785 -10 656 781 -106 730 -462 -24 21 -632 780 759 621 -728 739 65 64 -586 -371 -443 -372 -296 498 136 757 -975 -375 112 -991 -423 79 391 484 -888 -655 182 108 64 184 674 261 594 289 -766 -100 -448 558 -385 970 -321 -585 -413 117 863 5 -168 67 191 -153 -698 199 702 310 -62 965 -677 273 525 258 276 618 -474 
-824 438 -251 374 -972 -795 660 -141 734 -520 166 904 937 811 233 975 207 -388 842 -836 -847 143 299 -182 151 -774 440 914 -957 -164 -589 -684 193 895 444 410 679 -675 740 -214 -886 -875 511 65 974 -430 -905 -653 36 856 128 -521 100 -240 776 205 -659 685 -100 -689 484 614 -487 701 -343 501 -400 558 -786 339 -216 -415 205 643 -618 -385 -149 326 -292 107 795 803 -134 197 -149 -746 176 82 908 -967 778 -410 -63 -174 23 -311 -730 -171 554 605 
-824 -120 -755 418 -119 -795 570 325 734 -436 -108 -614 -566 -907 618 -892 221 721 -926 250 138 -365 930 -992 360 -774 -597 22 2 239 458 -714 441 -879 -990 -715 -922 -385 -963 745 645 435 388 509 314 -356 234 -693 233 471 857 -820 -126 -806 722 482 -581 685 576 132 -324 -103 841 839 226 -778 -400 401 -849 -476 404 -440 -861 283 -15 667 136 41 -333 -239 -127 884 -703 310 53 471 -977 -741 -539 801 381 814 445 -256 -192 -441 -137 199 -523 -307 
697 981 -78 -768 139 211 -812 545 558 -436 30 -45 -23 31 -97 498 -765 47 463 749 -784 344 -546 -992 -689 -739 27 896 612 -321 476 -714 205 229 -990 -768 -221 137 -87 914 88 -274 -693 -286 -545 -544 957 -677 -7 90 490 -908 -10 -472 -257 219 -838 -36 176 185 907 915 -451 95 442 -623 -112 -503 679 675 778 925 -941 923 -965 75 869 369 277 334 -224 -195 482 851 955 411 -992 206 999 -765 393 -733 -260 -278 417 817 111 -100 -241 500 
802 -36 -544 -398 414 198 -292 -409 878 21 127 542 -142 392 -610 488 350 351 572 941 439 -269 -752 799 533 542 27 91 -553 326 174 -379 528 229 12 -768 598 -437 -629 -401 -184 617 389 -484 -985 -594 603 -178 190 -384 334 439 -556 776 482 -899 721 -581 -34 -885 231 337 -949 -742 -592 -272 995 -409 -300 -839 388 -477 408 -608 651 857 966 -599 -192 906 -531 -777 631 -385 269 912 -268 261 138 138 -581 117 990 -295 382 211 200 648 414 883 
-425 989 -70 -245 -309 -879 -333 -140 790 48 125 -529 702 50 -491 -957 136 414 819 371 404 -788 632 873 -941 -368 -300 -316 -655 392 994 -874 -483 783 -815 -926 -426 517 965 -712 83 -25 990 452 977 844 -514 -716 -56 -784 -239 -971 239 201 110 -655 -246 12 -34 1000 92 258 -112 -354 -874 -7 995 -914 -914 280 542 -786 -80 -583 -228 -161 345 175 -352 55 -990 829 -166 309 -406 242 377 224 114 -193 -271 -439 209 886 543 133 -873 -192 -445 -3 
136 989 -890 -952 926 -721 277 67 -384 48 394 859 -35 -308 -686 234 896 -916 -986 892 -820 -141 840 377 935 -324 -300 -809 251 208 259 422 482 -506 -165 -602 32 -11 -20 -853 924 -256 -406 783 389 658 481 -63 364 -784 -558 -269 -321 851 -47 922 -431 -208 725 -417 -865 808 451 362 388 18 195 -304 844 168 397 -961 -687 84 421 383 -971 52 -360 -610 -1 122 -816 521 -273 686 750 160 618 -498 38 398 931 957 48 -473 -994 -52 -796 -316 
56 -993 -907 -815 522 350 -192 222 861 -287 -104 444 506 -411 180 -653 -793 438 -986 251 -537 995 -304 -323 612 719 -939 -325 -17 369 -836 84 623 983 449 765 -536 474 941 -210 646 392 -273 795 479 -763 -226 91 298 752 258 969 326 913 -22 -595 -632 997 -600 -288 -609 -698 871 -709 -845 655 -170 829 -213 -44 837 873 563 -511 -534 103 803 172 -615 846 752 958 -934 -315 677 702 -738 360 711 -699 -871 -340 -286 452 -679 443 -446 527 339 290 
28 -9 -890 794 991 183 918 203 429 -623 -967 482 -684 923 790 -488 666 871 -926 660 -537 -591 940 -52 142 900 764 -90 -635 250 -575 -427 500 -870 -906 -986 236 977 237 -742 369 -378 420 -732 -508 341 611 758 -871 898 573 516 73 718 764 -314 77 -27 135 688 -41 -333 -741 -147 930 -736 -170 -39 -794 -871 126 915 109 -576 904 334 -487 -744 562 676 449 614 650 -807 -797 163 118 -331 370 219 859 -243 -686 -896 -612 -174 -152 655 347 -312 
-758 316 14 -615 -972 544 76 476 -604 304 209 -423 -291 -948 790 -62 -723 -585 -744 267 -662 604 800 -420 703 705 910 -620 463 -309 70 784 -899 -664 -767 636 236 172 941 -13 -747 -364 370 31 -300 -295 70 -737 442 -172 72 827 41 -910 -306 710 -20 -475 -235 -123 -212 961 -568 -582 595 -597 -626 -55 603 -902 831 -943 441 -335 -998 -386 969 -275 -174 814 -906 461 568 673 440 -215 -329 533 83 200 100 -223 330 -712 -782 567 167 -777 230 -347 
-127 -979 394 -190 -481 -793 147 -194 -746 940 848 -772 845 -613 739 600 933 715 708 -50 932 -608 783 118 913 278 420 676 -5 347 -353 439 -655 -664 -370 -440 -667 -782 -760 -603 415 -122 913 100 407 722 -162 944 -600 989 -129 428 -599 -685 -303 786 -733 863 535 329 -212 557 -568 817 -352 -186 87 779 302 -113 -879 620 896 -768 -991 -193 428 -275 327 -860 -889 -900 350 365 458 -444 -329 -941 -125 905 201 -947 921 -614 -557 999 613 -442 -149 -616 
