49 828 -86 -720 -604 557 432 606 -815 753 790 -830 -454 -882 341 186 -158 343 -177 66 384 -369 373 567 670 -964 501 248 978 497 -439 579 -794 -104 818 -413 807 -425 -761 -740 50 -962 358 -577 821 -402 -894 228 914 -478 -538 67 900 389 -14 -172 -901 531 -910 30 585 173 767 807 -104 615 77 -670 855 -278 142 452 767 381 502 -302 -460 -287 506 763 -977 327 244 -771 -872 -290 157 -184 526 543 -995 -694 54 -286 529 -65 664 103 -860 -656 
486 -616 -868 511 508 -902 423 38 -752 -656 -948 -944 -796 78 936 -752 -533 -442 -817 172 140 940 -264 602 435 226 727 113 -727 -694 875 564 -549 426 309 -741 -856 -411 -279 -594 -696 -609 163 -900 -521 -403 -12 -592 240 786 519 -860 -27 628 525 -89 -89 -365 64 978 160 18 -569 491 -76 -736 -868 -575 -580 -676 -287 -480 -810 610 -714 279 153 49 680 850 -474 -351 -869 456 470 545 -670 374 -532 234 898 901 832 283 -28 -952 99 853 617 -210 
927 -291 -843 -730 11 -975 896 -332 -648 -790 -336 -738 619 881 -291 758 -953 -80 93 154 -429 -747 -20 198 -373 187 -503 -370 786 -632 224 -904 -893 -160 -901 -201 838 954 -247 948 -685 658 -581 -165 256 -305 400 174 500 -928 579 801 -991 342 -98 -281 -236 -178 63 244 -140 -665 948 -158 370 -603 -452 -147 -313 -937 760 808 326 -968 -496 -403 710 81 720 145 -912 -112 -962 -866 -315 273 -864 412 -524 -912 -637 -438 731 -854 139 -678 -66 808 -50 694 
678 833 -66 -486 -563 -779 -118 -614 -39 -1 -563 -779 -614 -39 -1 -983 11 346 704 -685 210 -533 -362 -796 781 -563 -614 -1 457 -584 704 233 -362 32 -46 -600 361 -688 21 -711 503 -556 -904 571 -214 690 77 734 734 653 -906 407 -187 409 541 464 -547 558 593 -108 566 -108 936 -281 83 933 -594 988 53 -84 -948 155 492 -372 453 611 -40 382 683 -460 -27 -549 -476 843 -887 17 -576 598 -394 -22 -945 187 688 -669 500 22 82 477 -936 -736 
-256 -835 389 -278 632 268 -224 -83 -315 636 -978 471 360 -867 147 -774 -945 510 -210 494 673 965 -100 342 983 989 308 438 218 553 811 592 -845 231 676 110 422 464 148 -653 626 696 -472 -379 -467 600 545 -133 25 685 -939 -31 782 -946 44 -348 719 117 381 257 -420 -591 640 678 46 -676 -258 -882 864 874 149 -242 -544 -187 -371 -651 214 633 -667 -630 404 759 -302 -887 -897 -6 38 -651 167 994 634 -688 -392 529 254 -813 -613 -864 -97 -249 
209 -664 911 946 535 649 250 -888 -46 -343 -974 961 -294 -582 171 -85 227 -725 -979 -374 -360 988 969 -74 -323 271 48 510 -72 741 -375 9 348 743 -289 -207 -955 726 38 865 -99 950 396 507 830 616 -31 -329 719 661 245 -84 348 157 -452 612 96 712 -979 -610 -506 495 -501 232 -476 616 -240 -573 -100 953 489 -674 -572 -602 -715 -13 468 -947 -779 320 -839 -537 -585 835 35 -861 -52 -31 -799 -944 -864 -748 -681 -595 -138 -192 -343 -623 -103 866 
999 -528 -628 78 49 -113 -541 341 -86 -720 602 432 -373 385 730 -830 -454 -882 757 186 343 -177 384 -421 373 -175 -964 501 978 -403 579 -104 -808 807 50 358 -577 -17 169 148 -707 -538 67 900 389 -172 531 -720 890 82 -722 -245 -670 305 276 452 381 296 -302 792 506 763 -977 -4 -853 574 899 -100 -184 -526 807 -995 -694 -347 54 772 -59 -969 664 103 -860 -656 866 394 -868 508 846 -902 38 -656 -207 -786 20 -796 -537 936 -444 -817 140 122 
-963 -421 615 727 494 113 -727 875 -911 233 -928 -975 -856 935 -451 -496 488 878 -258 694 -403 -592 240 964 786 -687 -963 -921 628 -365 978 -782 -708 102 491 339 -736 -868 -260 -852 -580 -676 -287 -810 862 49 247 -351 -869 545 -670 -973 513 -205 851 -593 283 -220 -666 -952 -263 -931 -291 -730 -81 -332 -56 -738 69 881 164 758 -953 93 598 -747 901 -969 906 -133 728 -530 631 -632 576 224 -160 -201 -1000 -491 -836 -685 658 149 256 -429 -851 -928 579 -991 
-65 -281 -520 -954 -197 -365 -740 123 -158 -603 -980 596 760 870 -460 -496 81 605 467 542 -69 -315 546 -841 -524 -438 731 -854 321 -626 -626 -678 808 -310 678 -376 833 -126 -486 -563 -118 -39 -334 -983 11 346 -890 -685 210 -563 -563 -118 -1 11 346 -685 233 -533 -362 32 -695 244 88 308 503 -556 39 -956 -351 746 -296 734 -600 653 -357 -906 447 447 600 541 -481 -486 265 593 -108 231 981 -108 -714 -281 108 -177 -594 986 92 618 -84 775 -948 492 
-372 453 611 -40 382 683 111 -460 -449 -476 501 -86 -887 17 -576 -22 -823 -669 500 500 575 22 808 -561 -485 -936 896 -835 -837 -278 -782 606 394 -83 533 692 -143 313 -978 207 -867 -83 -774 510 -210 494 965 -44 -828 -195 308 237 376 218 -439 781 592 -685 231 -625 812 422 -501 -21 -761 749 -472 638 -437 600 -371 822 842 25 685 -389 300 -712 774 774 30 761 -4 -420 154 640 -147 898 -882 874 689 841 -825 -287 -698 214 -173 633 -121 759 
-43 -202 -449 -723 38 -651 -785 -688 804 -936 -864 951 911 -168 649 -46 543 171 -979 988 -669 -926 741 -964 348 38 345 156 -31 129 245 348 157 -155 -295 -979 -501 232 -145 -240 -100 -674 -455 -631 380 372 35 -391 670 -129 -944 -248 -681 -138 459 288 995 -1000 999 -816 340 693 -591 341 117 -604 432 -815 -830 341 916 66 -369 670 -932 248 -439 -104 -425 834 -469 169 228 914 389 531 30 890 173 82 -245 -670 142 381 -292 792 930 244 574 574 
-872 884 -241 543 -995 -694 157 772 -286 817 -969 859 103 -656 -616 17 -752 -961 -207 -944 720 -537 936 -533 -164 602 -534 615 -146 504 113 -727 -881 -694 -911 833 564 -549 119 -411 -451 -852 -677 878 163 694 -592 -687 -963 -860 -921 525 -365 978 160 -240 -240 18 833 -736 -575 -852 -810 -287 -810 -613 49 247 -869 470 545 864 -973 513 851 832 853 -28 -952 617 -263 219 -652 -843 11 -81 923 -332 -648 6 69 881 758 -953 -80 -308 154 901 -969 -133 
-370 631 -618 178 -969 358 154 954 -247 210 -581 256 174 -851 510 396 -991 -355 342 -98 -520 -197 244 948 356 -147 -561 870 326 -460 710 605 -833 38 542 138 -315 546 412 966 -438 750 321 -626 45 -50 185 -722 81 -66 389 81 -901 328 -941 767 -725 785 -205 305 -278 -305 502 -748 296 -292 527 -460 792 506 763 327 -4 -853 574 -100 -290 884 -241 147 546 157 772 -59 247 -462 382 -860 -55 866 -71 846 423 -656 -207 -786 20 720 106 -444 
-533 -442 172 940 122 -963 -421 615 -224 504 -144 -727 -881 -758 833 -549 -928 -856 -411 -279 -594 -496 488 878 -258 694 -403 -592 658 519 302 -921 628 525 -365 -782 -240 -569 339 -470 -868 -260 260 -810 -867 -480 -810 610 -613 153 49 850 247 -869 470 545 816 864 -146 457 -205 -593 -984 -220 -28 209 99 617 -263 219 -652 -748 -730 -975 923 -970 -790 -336 6 69 -437 164 690 932 -308 -429 -20 -373 906 -563 615 -530 156 -618 178 -969 -901 -201 154 735 
-491 210 -581 256 -305 174 395 -851 510 396 729 -355 -65 -236 -954 -365 123 -665 948 -158 370 -452 -980 -561 760 870 35 -496 81 55 605 -833 -912 542 624 273 -244 -841 -438 750 321 45 -310 -550 185 -722 820 -486 -118 -1 457 346 -168 210 -362 781 -486 -118 -39 11 -890 -685 -796 32 244 361 308 503 -904 571 746 -296 249 653 709 -803 407 221 600 541 464 -481 265 593 -108 566 981 -400 803 -177 950 933 -594 986 92 319 -84 775 -680 835 
-267 -40 -25 111 980 -549 -476 -86 760 -576 -394 -22 -593 -823 -669 575 82 -936 419 -70 896 389 -86 -278 632 606 -83 692 -978 -844 -867 -83 -774 -945 918 -226 494 965 -100 -52 559 -926 308 438 376 -994 553 781 592 -709 -685 -625 812 980 422 491 -471 148 278 779 696 -472 -467 600 545 -752 -911 -543 -389 782 -946 -389 774 30 761 -4 -982 678 -676 898 -882 773 689 841 -544 -825 -698 -796 -667 -121 -680 -43 -202 -449 -897 -723 38 142 -785 634 
189 191 422 -613 -97 -249 951 -664 -168 -668 338 -46 -343 -974 -294 -16 171 -85 -725 -777 -374 988 969 -560 -323 271 -926 -72 -751 -964 743 541 -955 726 38 865 -975 374 507 156 289 -791 129 298 348 157 -452 121 96 -505 -610 -506 -421 49 -928 535 467 -674 -635 -455 -246 -947 349 380 -664 204 108 670 236 412 -44 -248 546 -186 870 65 -107 -623 -103 866 -396 -528 -224 872 693 -374 -113 69 828 -165 -720 432 606 730 659 -830 -922 -661 341 -158 
66 -421 373 567 670 -964 501 978 497 -439 579 -794 -413 50 -833 -577 -17 132 -707 400 -172 389 -901 72 328 173 82 -722 -205 305 -278 276 -748 296 -302 -287 506 763 327 -771 574 -872 884 526 -397 546 -694 -982 -59 247 859 995 486 -616 -540 -583 -902 38 -961 -207 -786 -508 720 684 -442 172 -164 -264 626 -534 -146 -144 -694 875 -785 -549 -741 -279 -594 -852 -496 488 -258 482 -12 964 519 -27 -89 -782 -708 18 -569 -76 -736 529 -852 -580 -810 -676 
-287 -810 -714 862 247 470 474 -973 234 898 901 113 -984 -220 -28 99 219 -748 -843 -975 -81 655 -970 -648 -336 69 -437 881 164 758 690 811 598 -429 -20 198 -969 906 -563 -370 786 -632 576 -969 358 -1000 954 -247 948 210 658 -165 400 500 717 510 729 342 -236 -954 63 -740 123 -665 370 -980 -937 326 -460 -496 710 605 145 -112 -866 624 546 966 624 -854 321 -66 -50 694 678 -722 833 820 -486 -563 -118 -39 -584 704 233 -362 -46 -600 361 503 
-904 571 -956 -214 -296 -998 -600 653 -357 447 -187 171 -392 -373 -547 558 25 231 -108 936 -281 108 -177 273 988 53 -289 -948 -680 -940 386 -623 -116 163 980 -592 -505 294 843 -599 -887 17 -576 598 -406 -945 -823 688 -669 6 575 808 82 919 -485 -936 -736 -256 -256 -835 11 -837 -86 -782 268 -224 394 394 -83 472 -315 -445 -143 253 471 360 147 -774 -945 510 -210 -226 673 171 342 607 989 308 438 237 376 -980 -788 903 781 831 -685 -625 245 812 
980 422 491 148 -761 626 749 296 -726 486 394 -583 -902 -752 -961 -207 -786 20 78 936 -444 -817 940 -963 -421 435 226 727 494 -276 -694 875 -911 833 564 -549 426 -741 -856 -279 -852 -496 488 -609 878 163 482 240 519 302 -963 -921 628 525 -89 64 -708 -240 18 382 -623 111 -27 -592 -505 501 -599 -68 450 -406 -945 676 -471 1000 -501 -21 626 -707 -472 296 171 -379 -437 984 600 67 3 -371 822 842 -911 -543 -939 -389 782 -946 44 44 -389 -348 
719 117 30 381 -466 761 -4 -4 790 -591 640 35 46 46 -147 -676 898 864 874 149 841 282 -745 -825 -825 -546 -287 -698 -651 214 907 633 -630 404 -520 759 149 -43 -302 -202 -543 328 -6 38 -644 -651 142 857 -785 634 -95 -688 952 804 254 422 -813 -870 -870 760 951 -664 946 535 -609 250 -888 -888 -974 543 460 -63 -725 -979 -360 988 -669 -323 271 271 48 510 -72 741 -751 -721 -375 380 348 541 -289 -740 -955 38 865 -975 950 345 -102 -731 
289 -990 -791 -791 -329 129 661 298 -84 157 -504 -452 -155 121 612 634 634 189 -688 952 529 254 422 -813 -870 760 -360 209 -664 946 -168 -609 -609 265 250 338 338 -888 -46 -974 -294 -294 543 460 -120 227 -360 -374 988 -560 271 -494 -72 -751 -375 9 348 348 743 -289 -207 726 38 -99 950 950 396 -102 -731 289 616 -791 -329 129 245 298 348 -504 -155 -155 121 344 612 96 712 -610 -506 -501 -501 -421 548 -476 49 -240 -928 616 -240 -928 688 535 
-383 953 -886 -674 -635 83 -455 -715 -13 468 -947 -779 349 600 -839 -537 -585 204 835 310 423 108 -861 -391 670 -129 847 412 -44 -748 -248 546 -186 -595 -138 65 -192 -107 -707 459 -343 -312 -312 -312 -623 288 663 -935 -250 -646 403 195 -196 410 447 -522 54 -287 766 -615 -427 -756 228 -920 -72 188 -299 -557 -66 -371 254 755 -100 -74 313 313 -737 -134 819 -679 741 975 -4 686 340 836 -611 -497 402 134 898 407 -640 979 -845 -356 893 -983 -830 -143 
175 606 229 65 673 856 -344 -17 714 309 367 -204 73 -621 879 -564 -712 -972 432 129 -995 14 584 392 556 -187 296 -713 -378 910 835 697 51 -807 -708 273 -250 715 239 -496 586 -988 228 395 -463 184 88 -24 711 -343 -632 171 109 844 844 -100 -220 -973 -167 877 -412 560 -651 -316 130 399 499 -935 -36 43 -256 276 -528 263 -223 5 -660 114 621 751 965 -142 -322 386 -677 -315 656 693 110 347 347 214 -709 19 -406 -619 343 267 -880 974 
-166 995 441 866 -1000 -744 -396 999 -707 -528 -816 -207 -628 -224 -309 340 -207 872 78 693 -162 -374 371 49 -113 757 -541 -946 69 341 828 117 -139 879 557 602 937 606 385 36 730 659 660 -922 -661 757 -804 -158 916 -177 -605 -421 -716 567 670 -175 -932 248 978 321 -403 -108 -556 -854 -62 -808 807 -761 -740 50 -833 834 -469 -402 -17 169 132 148 -707 179 400 -796 -172 900 -14 -172 -901 -910 -720 890 767 82 -722 -245 -670 305 -305 276 767 247 
502 527 -460 506 930 -4 -771 899 -100 -290 -241 807 147 546 -347 -982 418 817 247 859 995 -656 -726 866 -71 511 -583 423 -752 -961 -786 -508 720 -537 684 -533 -442 -817 140 -164 -963 -534 -146 504 -143 -276 -758 -785 -549 -928 -975 -856 935 -451 -852 -677 941 482 -403 -592 240 -687 -963 -27 213 138 -89 64 -782 -240 102 491 -736 529 -852 -810 -810 -714 862 49 247 -351 470 474 864 -973 457 513 -205 113 -984 -411 -666 99 853 838 219 -931 -748 387 
11 -81 923 -56 6 -311 164 -517 811 -140 598 -747 -20 -373 187 -133 728 786 88 576 -904 -901 838 -1000 573 -836 658 -581 -305 400 395 717 579 801 -991 -472 -281 -236 -197 -740 948 356 -603 -147 596 870 -460 -403 55 -630 467 542 -69 273 546 966 -637 624 377 -626 808 -310 -50 -376 81 -486 -39 457 -504 -890 233 -533 781 -779 -39 -334 -983 346 -685 -533 781 581 -695 -688 21 -711 503 -556 39 -351 -296 -998 249 250 -803 407 600 940 -486 -310 
593 566 -108 936 -281 108 950 273 92 618 775 155 -940 -267 725 386 -40 683 163 980 -476 501 -599 760 450 598 -945 -823 6 22 82 919 128 -835 -86 -782 268 394 -83 -315 692 648 -844 360 -867 168 -278 974 494 171 607 -195 989 548 438 218 -788 903 592 831 -685 245 980 422 819 1000 278 749 -472 -379 965 600 822 878 -939 434 300 -712 -389 774 30 -4 -420 -982 -377 35 833 -505 -258 864 874 -242 282 -187 -371 -698 713 633 -667 -630 
404 759 -202 -897 -723 -644 -651 167 634 189 804 -936 -613 760 -360 -664 911 -168 -668 -343 961 543 460 -120 227 -360 517 969 271 -926 -494 741 -721 380 743 541 -740 38 620 345 507 156 -990 -31 719 129 245 -84 626 -504 -155 344 -295 -979 -506 -421 -145 616 -293 688 -383 -886 -674 83 -13 -246 468 -947 -779 600 -664 310 -391 -129 847 -44 -248 -186 -192 -343 -312 995 -744 -707 -816 -224 340 -162 371 -591 757 -946 828 -165 -720 -604 602 937 -815 36 
-830 -454 -882 -158 916 66 384 567 -175 501 497 -556 -104 818 -425 -740 50 834 -577 -17 132 228 179 -796 900 -14 328 890 173 807 -722 -245 77 305 -278 452 767 381 296 -292 506 930 327 244 574 -290 -241 526 -397 234 -982 817 -65 -462 664 995 -55 -616 -71 17 423 -207 -944 78 106 684 -533 172 940 122 626 226 504 -143 875 -549 426 119 -975 -856 935 136 -852 -677 163 -258 -900 482 -12 240 658 -687 -963 302 213 64 978 -708 102 491 
339 -76 -868 -575 -580 -676 610 862 680 850 247 -351 456 470 816 864 -973 513 851 832 -220 -666 -952 -96 617 219 -652 -843 -81 923 -336 619 -311 -291 758 811 -308 -20 906 -503 -530 156 576 -904 -969 358 735 -247 -836 658 -165 400 717 396 729 -98 -236 -178 -197 -365 123 -158 370 -980 -561 -937 808 -968 710 145 -962 624 546 412 -524 -912 -438 731 750 377 139 -678 -66 -550 -376 820 -486 -614 -1 457 -504 704 -533 -362 -46 -600 361 -688 21 977 
-556 -956 -214 -998 653 303 447 519 409 940 -486 345 25 566 981 -714 803 -177 988 319 -730 775 492 -940 -267 725 386 382 -116 434 -444 -817 -478 -543 -543 458 54 522 -250 -646 227 395 793 -522 -522 54 -560 -396 -643 -427 259 900 -85 -112 188 -476 -557 810 -371 254 755 -74 -794 901 -749 -738 819 211 741 975 878 -4 686 626 -825 -743 471 926 134 895 714 676 239 116 -875 -122 -983 646 723 -120 229 -44 -732 488 792 -511 714 -163 367 -204 
11 -621 930 -412 124 -972 432 -694 589 14 584 392 -416 296 303 -357 -655 -183 697 51 951 965 273 -250 -86 -496 460 -285 -938 -875 -485 -410 722 -855 -343 621 171 109 121 -46 218 365 -907 -489 -167 -412 -412 522 -651 544 434 -149 -493 -36 43 75 -674 276 263 415 227 -669 -701 28 551 886 -322 -5 324 -315 -476 689 601 347 -985 17 723 267 -751 -59 -979 966 897 217 -998 -58 78 131 123 -63 -144 199 -873 -390 502 159 -177 -364 -871 983 
-875 -894 -774 -601 -155 -785 247 170 -904 -431 -878 -550 -838 -818 -624 915 -871 -24 51 -825 -871 -982 945 -235 959 959 549 273 779 -509 -913 -995 -247 693 -884 532 630 -495 962 750 -96 -290 -10 -49 478 -858 -330 405 -989 405 740 -403 -856 -949 -202 -418 -124 -226 -782 346 0 554 -834 652 -202 525 -617 -567 -224 -461 319 -695 -773 -166 -358 32 116 -418 669 917 996 -921 472 -302 875 587 -52 -486 -809 -474 -453 95 -9 983 -800 -228 52 749 448 625 
-22 56 -321 -501 506 -377 338 883 549 -43 504 -699 329 -918 -326 -926 388 751 341 536 72 -295 -731 -329 632 -93 423 235 -677 -92 -970 747 313 -494 -831 -530 -874 -157 -421 21 -188 -749 930 683 -914 -267 -521 -196 228 -310 796 -529 320 -481 741 210 -6 -58 389 -739 -739 574 685 399 674 63 -410 -375 -157 501 794 653 250 -857 -207 55 -885 -436 135 297 -521 791 -238 -57 204 928 -309 191 -400 448 -76 -441 757 101 231 -209 544 71 -241 -577 
747 -782 88 254 -514 828 365 -537 541 -789 111 -810 162 -494 299 432 48 315 627 615 -136 -888 -98 -184 -766 -953 61 818 -699 691 641 -1 -925 -705 846 -912 -781 -371 -366 -993 -193 -153 664 -798 -845 -583 679 103 -65 334 -93 51 -457 -20 -381 789 54 963 -68 694 586 452 823 161 369 382 338 842 615 940 -971 -570 513 -766 535 -838 997 -221 811 246 -13 998 690 191 18 430 -461 103 274 -613 -772 -698 -895 117 696 -282 503 -563 -339 -364 
266 -968 996 102 -656 -670 366 -543 226 -451 631 53 -843 -942 257 110 291 -414 -501 155 -707 466 704 -119 330 326 -851 -522 -322 998 706 -515 -297 882 -568 -566 -252 -5 -529 643 28 433 106 411 673 -119 -442 509 -138 840 -486 -39 -1 -584 -504 -168 -533 781 581 -565 244 361 308 -711 -711 503 39 799 431 -380 -214 -296 -998 734 -600 250 -357 447 519 600 171 541 -392 -373 345 593 -108 231 -909 981 -400 936 -281 83 950 933 -594 988 92 -730 
-289 -948 -680 835 835 -267 386 -25 111 163 -27 -505 294 843 760 598 -406 -945 -593 -823 -238 22 82 919 477 -485 128 -70 -835 -466 -837 -143 -278 632 -909 394 -83 820 -445 636 313 471 -964 168 -83 -774 918 918 -210 673 -95 171 171 342 607 559 -926 308 237 -980 77 -994 903 811 811 592 432 -845 392 812 422 491 -471 819 -198 -501 -761 -707 296 171 -437 984 600 -371 545 -267 -911 878 -939 -31 -946 44 -389 719 381 -94 257 -420 790 -591 
640 640 46 -147 -505 -258 -882 773 149 -242 282 -544 -745 -187 -371 -698 214 907 -667 -121 -680 149 -202 -543 328 -6 -651 167 142 994 634 372 310 -861 -31 236 -44 -748 953 -186 870 -138 -707 459 288 -166 441 -1000 -707 -528 -628 -309 -207 78 -162 371 -591 -541 341 -165 -139 -720 -604 557 432 -373 753 790 659 -830 -922 -661 757 -158 -177 -421 -716 670 -175 -964 501 321 497 -108 -556 -854 -62 -808 807 -740 50 834 -577 -402 -894 148 914 -478 -172 900 
-14 -901 -910 585 890 767 807 -104 615 -205 855 -305 502 452 381 247 296 -292 -302 -460 792 506 930 327 -771 574 899 -100 -241 807 -397 234 157 -286 817 247 -65 859 382 995 -656 -726 866 511 -583 423 -656 -207 -786 -508 -796 106 -444 172 -164 -264 626 -421 615 504 -144 -727 -758 -911 564 426 -928 -741 -411 -279 -594 -496 -696 -677 163 -258 -900 482 -12 658 786 -687 302 628 138 64 978 160 -240 18 -569 491 -76 -470 -736 260 -810 506 -867 -287 
610 -613 49 850 247 -869 45 545 474 374 -973 457 234 901 -593 832 283 -220 -28 209 -952 853 838 -210 -931 -748 11 -957 896 655 -56 -790 6 619 -311 881 -291 793 -517 -953 -80 93 154 -20 198 906 -133 -370 88 -618 178 224 -969 -160 154 735 573 -247 948 210 658 -429 174 500 717 579 729 -472 -98 -520 -954 63 -365 244 -140 948 356 -603 -313 596 760 870 35 -968 -403 720 605 -833 38 138 -866 -864 -244 -841 966 -637 624 750 377 321 
-626 -678 -66 -310 694 185 -376 -722 81 -66 -486 -779 -614 -1 457 -584 -504 704 -168 233 -486 -563 -779 -614 -39 -334 -983 -584 -890 233 -796 32 -600 361 308 977 -904 39 431 -380 -351 690 77 900 250 303 447 221 -931 464 -373 -310 25 231 -909 -108 936 803 108 83 950 -594 986 92 53 -289 -948 155 835 -940 725 386 -25 683 163 -460 -27 -449 294 -599 -887 760 17 450 -394 -22 187 688 -238 6 500 575 22 808 -561 608 128 -736 -70 896 
896 389 -86 632 -224 -83 472 -445 648 648 -978 -964 360 168 147 918 974 -226 673 171 607 810 308 438 376 -788 811 781 592 -845 231 -625 110 422 1000 278 -761 749 696 171 984 600 -371 -752 -133 -543 -389 -31 300 -389 719 30 -466 -94 -4 -982 154 35 833 -505 898 864 689 -544 -825 -287 -651 -796 -667 -121 -680 759 -302 -449 328 -6 -651 142 142 994 -95 -688 191 -813 760 209 -168 250 961 460 -63 227 517 -669 271 -926 -721 348 -289 -99 
396 156 -990 661 157 -155 344 -979 -421 -145 688 -886 -572 468 349 380 835 -52 -799 -864 546 -595 -107 -623 -166 866 -396 -816 -224 340 371 757 341 828 117 432 -373 730 -454 -158 -605 -716 501 497 -556 -62 -425 -962 834 -894 914 67 -172 -910 890 807 -722 -245 -278 -748 502 527 -144 327 -771 899 157 -241 807 -397 234 157 -982 418 -59 247 382 -860 -726 -616 -71 -540 17 -583 423 -752 -961 -948 -786 20 78 684 140 -264 -421 -534 615 727 -143 -694 
-911 564 233 233 -975 136 -852 -609 163 -900 482 -403 -592 964 519 302 -860 -921 525 -89 978 -708 18 18 -569 491 -76 529 260 -676 -480 -714 279 680 247 470 545 -670 -973 457 -205 113 -984 853 -28 209 -96 838 927 -748 -730 -975 655 -970 -336 772 -311 164 -517 -953 93 598 -747 -373 187 615 786 88 178 -893 -901 838 735 -247 210 -165 -429 395 -928 396 801 -991 -65 -236 -520 -365 -140 356 -452 -313 -937 808 -460 -403 55 145 467 -112 138 624 
273 -244 -841 -637 731 -854 139 45 -50 185 -722 81 -486 -563 -779 -118 -614 -39 -1 -334 457 -983 -584 11 -504 346 704 -890 -168 -685 233 210 -533 -362 -796 781 32 581 -46 -565 -695 -600 244 361 88 -688 308 21 -563 -779 -118 -614 -1 -779 -614 -1 457 -584 346 704 -685 210 781 -46 361 -688 977 -556 39 571 -956 -351 746 690 77 -998 734 249 -600 250 -357 -906 407 519 -187 409 171 940 -392 -373 -547 345 558 593 -108 231 -909 -108 936 -281 
108 -177 933 -594 986 92 319 53 -730 -289 -948 -680 492 -940 -267 725 386 382 -25 683 -116 -460 -27 -449 -549 294 843 -599 -887 -576 -394 -406 -593 -823 -238 6 22 82 477 -485 128 -70 896 896 -835 11 -466 -278 268 -224 394 533 -315 692 636 313 -714 -844 207 360 168 -774 -945 -210 -226 -95 -100 342 607 -195 989 308 438 376 218 77 -439 553 781 21 432 -709 -625 245 812 422 -471 148 278 779 749 638 -379 965 984 -467 600 67 3 545 
-752 -133 -911 25 685 -939 -31 300 -712 44 -348 774 774 774 30 -466 -94 -94 257 257 -4 154 -377 678 833 46 -147 -505 898 864 773 874 149 -242 -544 -745 -187 -187 -287 -698 713 -173 907 633 -667 -630 759 759 149 -302 -202 -887 -897 328 558 -644 167 142 994 634 -95 189 952 -392 191 -936 422 -613 -870 -97 -249 -249 209 -168 535 -609 265 338 -343 -294 -582 171 -63 -85 -360 -777 -374 -360 969 -74 -323 48 -494 741 -751 -721 -375 -964 9 348 
743 541 -289 -207 865 -99 950 345 374 507 156 289 616 -990 -791 -31 719 245 298 -84 -504 -155 121 344 994 -785 634 189 -688 804 191 254 191 -936 -613 -870 -864 -249 -360 -664 911 946 535 -668 265 250 -888 -888 -343 961 543 171 -85 -725 -360 -777 -360 988 969 -669 -323 48 -926 -72 741 -751 -721 -964 380 348 743 -740 -955 -955 726 620 -975 345 507 -102 -731 289 616 -990 -31 719 661 245 -84 157 -452 121 612 344 -295 -979 -506 495 -501 232 
6 808 -561 477 -485 419 -70 -70 -256 -557 -837 -143 632 -909 -224 394 -83 -83 472 820 -445 636 313 -714 207 360 168 147 -278 -278 974 -210 494 673 -100 -52 983 559 -926 308 438 376 218 77 -994 553 781 21 -709 -685 -625 -625 392 110 723 422 -198 278 779 626 749 296 -379 965 -467 3 822 -267 -911 878 -939 782 300 -348 117 381 -466 761 -4 -333 790 -591 678 46 -676 898 -258 864 149 -242 282 -745 -546 -287 713 -796 907 -667 404 -520 
759 -887 -897 -723 558 -644 167 857 634 952 254 -613 -97 -360 -664 535 -668 338 -974 -16 -120 -725 -360 -560 510 741 9 743 -740 -955 620 -975 396 -102 289 -791 719 298 626 -452 344 -505 -610 -421 -476 49 -293 -573 -383 467 -557 83 -715 -246 -779 600 -664 -585 423 -861 -31 847 -44 -748 -192 -343 -906 -1000 -707 -207 -207 -162 -113 -541 69 -165 -139 557 937 385 753 790 660 -661 757 186 -177 384 373 -175 501 321 -108 -794 -62 807 -740 358 821 -17 
132 -707 -478 -538 67 900 81 -720 -941 82 785 -205 305 502 452 247 527 792 -977 -853 -771 899 -872 -290 -184 -526 147 546 -347 -982 -286 529 -65 -462 664 995 -55 -726 866 394 -868 511 508 846 38 -656 -961 -207 -948 -786 -508 -423 78 106 684 684 -442 172 122 626 -421 226 -224 727 504 -144 -143 -276 875 -911 564 233 233 309 -741 935 -451 -852 -696 -609 163 -258 941 694 -521 -12 786 519 -860 -27 213 138 -365 64 -782 -708 -240 -569 491 339 
-470 -868 -260 260 -580 506 -867 -480 610 862 153 850 -474 456 45 816 374 -532 234 898 901 -593 283 -220 -666 209 99 853 838 -210 927 -291 387 -957 896 -332 -56 -790 6 619 -437 -291 793 690 811 -140 598 -429 -20 198 906 -563 -503 728 -530 156 -632 576 -904 -160 358 -1000 573 -491 -836 -685 149 256 400 500 717 579 729 -355 -472 -281 -178 63 -740 123 -665 -158 370 -980 596 760 564 35 -968 -403 720 -630 -912 -962 -866 -864 412 -524 -912 624 
377 -678 -66 -310 694 678 833 -486 -39 -983 -504 346 -890 -685 -533 -796 581 -565 -600 88 308 -711 503 -147 864 874 149 -242 282 -745 -187 -287 -698 214 907 -121 -680 149 -202 328 -644 142 -95 529 -936 -864 951 -664 649 265 -46 961 543 171 -120 -360 988 969 48 65 -707 459 -623 288 995 -579 626 -387 857 -149 565 582 -68 -836 -840 810 -260 153 -597 -848 16 213 575 568 972 145 -911 575 63 168 -700 -478 -101 692 -647 -632 -74 -142 -677 656 
689 601 -147 -985 -878 -838 -818 -993 915 530 92 51 -974 -542 -132 -235 -235 -60 959 -271 273 106 -290 822 -913 902 113 693 -884 302 142 -340 -799 290 417 -290 -567 -49 -699 -716 -46 -330 220 740 772 55 740 -403 499 794 7 7 932 -782 0 554 -713 -834 -202 594 -617 -320 380 380 -224 -203 889 -391 -695 -315 -166 -166 725 -358 32 116 987 917 -921 -52 718 875 587 79 791 -809 -789 -453 -343 -9 -715 -812 741 -527 -283 -848 -877 625 -22 56 
86 506 -377 883 883 -936 -838 -156 526 -579 329 -918 -326 17 388 751 -498 536 72 -295 583 268 529 632 -93 423 235 -677 765 -141 -453 313 -831 -115 -874 -87 -157 -837 21 -749 930 546 -652 -267 -267 -196 228 947 863 -529 320 -871 355 210 465 630 85 -739 574 685 237 399 674 674 -410 -157 501 794 -594 250 -27 -857 -207 -885 710 768 289 297 -521 -521 -738 -57 695 729 -564 191 198 97 -404 -404 897 897 30 -615 291 322 -131 -132 827 645 
759 -344 816 816 -831 -119 -747 875 940 -532 577 291 863 164 -413 -895 858 858 14 14 707 443 -30 -390 847 -257 -511 169 169 934 -732 -857 -147 943 506 506 -92 613 504 -58 -37 -37 386 -103 -738 363 30 216 -589 -698 986 522 562 295 -533 598 228 453 -359 -359 295 227 -47 -948 -802 916 -253 -613 199 -18 -669 -530 -77 75 -603 -320 -32 737 450 -339 687 -143 402 567 567 314 162 -599 59 857 789 -19 747 708 -340 366 799 -849 -27 758 
-619 700 -145 334 -750 -51 -698 271 777 -895 -895 257 845 622 -605 -141 -700 -240 986 38 -656 -851 -260 768 -754 914 -172 675 -702 -790 122 -126 -26 -26 -349 -476 273 -956 643 -623 -194 -290 949 949 10 -447 -755 -625 657 779 167 -382 -382 -999 -836 -545 -329 -157 793 747 401 -59 -756 -756 961 582 -786 378 -728 319 -331 -564 257 257 357 375 -688 -905 -284 324 194 147 249 479 -925 -945 -990 -990 950 -446 -470 536 423 98 602 299 546 -851 520 839 
530 530 200 -150 792 525 257 646 646 -433 948 -136 -767 -560 684 -25 -307 -307 -15 -493 -867 194 593 -949 -77 -438 -943 770 542 -341 -644 593 676 -351 -384 705 857 954 406 -37 47 904 776 36 36 -255 421 -89 211 480 463 205 205 -557 54 804 602 867 -645 831 919 -925 0 -885 -989 -375 -185 -712 772 331 331 -444 168 875 516 -123 603 781 -112 -797 817 -810 92 -101 -101 781 845 384 -688 760 264 -579 -310 -681 -62 -111 -833 937 -623 -670 
-623 382 148 -162 747 721 -511 259 -37 -597 727 969 570 -981 -358 -358 -463 -553 784 -20 -909 -487 -279 -411 -461 -332 181 -461 405 -28 -8 86 -990 -293 -315 -422 -678 -598 610 876 -630 867 872 872 10 -451 103 932 -630 -116 -116 -630 895 -12 445 -31 -714 -653 265 324 -132 833 -882 851 -875 -771 614 -974 -217 980 964 170 -817 373 980 -817 -363 -708 -538 242 -884 -723 871 777 8 896 700 850 -64 692 62 62 -684 681 -805 -469 -970 -196 -357 561 
-294 -992 404 -825 740 288 769 -718 -979 788 455 815 721 865 630 602 612 -172 737 531 339 -604 795 795 -331 -92 116 12 384 -44 -583 41 -894 657 113 12 -894 657 -672 -671 -437 -243 -643 -189 484 -481 163 163 -372 -839 -833 -551 361 -651 333 945 -117 10 56 492 -868 -893 -219 -777 -66 615 791 583 -779 -111 463 914 91 865 213 -129 -941 -812 -707 803 -432 -376 -991 -586 338 -413 741 357 94 517 86 -221 232 -582 -396 -141 -267 -273 150 865 
619 -347 -597 -515 -345 283 486 -380 -318 -465 -905 358 -688 448 -613 -995 -10 -185 270 -453 761 -35 805 -921 -386 -46 507 471 -435 170 -263 -894 -415 -822 -173 415 -571 677 -362 -896 -757 -163 926 -718 8 -56 847 -336 493 638 167 189 529 422 -870 -249 209 946 -609 265 -888 -343 -294 -582 171 -85 -360 -777 -374 969 -74 48 -494 -751 -375 380 -289 -207 865 950 374 -731 616 -329 661 -84 -504 121 96 712 495 548 616 -928 535 953 489 -635 -602 -13 
-947 842 320 -839 204 310 108 -52 236 412 953 -681 870 65 -707 -312 -103 441 -396 -528 -309 872 -374 49 -946 828 -86 -720 602 -373 36 659 -922 -882 -804 343 -605 -369 567 -964 978 -403 579 -854 818 -413 -761 -833 -577 -402 -894 179 400 -172 -14 -901 72 328 585 767 -725 615 -670 -305 276 767 296 -292 -460 763 -4 -486 -39 -563 -118 -39 -334 -584 346 704 210 -362 781 -46 244 88 21 -711 -904 799 431 -380 -214 -839 -296 -998 734 900 653 709 
-803 -906 447 221 600 -931 541 464 -481 -486 265 -310 25 -108 566 981 -400 -714 803 83 950 273 988 92 319 53 618 -84 775 68 155 835 -372 453 611 -40 -25 683 163 980 -27 -505 -86 -887 -68 598 -22 -945 -669 6 575 82 919 608 128 -736 -256 -557 -466 -86 -278 -909 -83 472 -445 648 -978 207 360 -83 -83 -278 -945 974 -226 -95 -44 -52 983 559 989 308 -749 237 376 77 903 781 831 -709 -685 676 812 980 464 819 -198 -653 749 696 
296 -379 -955 612 612 96 -295 -610 -506 -421 -421 232 -145 616 -293 49 -240 -240 -293 -573 65 -107 -192 -107 -343 459 459 -623 -623 -906 -103 -103 807 763 277 857 -409 -280 -848 851 -888 671 -616 -68 -600 -848 785 61 -12 -597 -587 -848 695 -477 -286 787 -787 972 577 -646 145 -911 -862 63 480 -478 -567 519 446 632 724 -961 721 -329 409 298 518 -583 434 489 975 956 -169 -817 868 716 -543 458 54 33 414 561 -646 501 403 195 -196 -196 -994 550 
447 -522 54 -287 820 766 -643 -615 -598 -420 228 -352 -85 -861 -147 -982 -703 199 -176 476 273 349 -128 22 -913 -995 -995 -871 991 891 -884 33 -938 630 -639 262 750 290 417 -290 555 -49 -265 -716 454 -46 772 55 -182 220 405 740 -182 -989 -462 -856 -856 499 -418 7 794 -202 -124 -124 -226 -782 -550 346 -705 0 -995 554 533 -713 960 -834 652 -202 -629 594 525 -617 -622 536 -995 554 -713 960 -834 652 -629 525 536 217 -567 380 -967 -203 -203 -461 
-391 -859 -151 -315 -773 522 725 -418 987 -570 -570 399 837 100 495 472 718 -316 587 -52 -486 -107 -789 -474 -207 -207 -207 481 -560 343 711 -812 741 -800 -549 -283 -716 -255 -877 903 448 -301 56 86 949 506 -146 338 -348 549 -936 -349 780 504 526 -699 114 -579 -918 -357 -357 -926 17 388 341 -139 -671 -295 -921 583 -915 -329 210 -93 235 -677 743 -141 313 646 -831 -872 -872 -87 728 -837 21 -54 930 54 -914 -914 -267 -521 905 905 888 884 -943 -131 
-529 882 320 10 355 403 -6 465 -976 201 389 -892 574 574 151 399 63 59 746 -375 -157 -872 37 -842 -399 250 295 -207 55 -885 -631 -169 -770 -546 450 450 -521 791 791 -238 -677 695 -309 251 198 97 -882 -882 501 30 30 69 -473 506 322 -986 -344 -642 301 -898 469 -344 -358 -754 -754 -831 443 52 -747 -928 -532 702 -976 711 -958 995 -124 164 -413 -596 -596 -596 443 176 -472 -390 847 778 -821 934 392 -857 -147 943 718 -92 613 -743 -840 -58 
386 386 -109 -409 -303 -738 363 30 394 237 -698 986 522 -716 809 -533 598 -647 -218 453 73 227 520 -145 -802 -253 682 642 199 218 -824 -530 75 -603 -950 -32 737 450 602 93 687 -637 -143 730 314 -120 652 -218 59 857 -390 -19 742 818 708 -340 9 799 -849 -27 696 502 334 -750 -311 -698 -842 271 696 644 644 913 180 -605 759 -141 -327 599 223 223 694 38 621 -775 -851 -178 -260 768 914 -52 982 896 -210 -77 -126 561 -780 -160 -349 -476 
-792 -956 354 354 180 372 935 949 10 -755 -447 779 -513 -905 -718 -718 -836 -545 -593 -742 562 401 -477 -59 899 905 290 -212 260 378 -192 -849 -99 319 -826 -564 31 -433 5 401 416 -665 879 -984 -527 315 -821 6 -322 817 -22 -322 112 -219 347 393 357 -73 -73 375 123 -284 226 872 423 375 -118 249 479 -582 530 37 -649 950 -446 70 -780 536 71 -161 299 -791 520 12 -373 826 -373 826 -150 -150 525 257 792 946 998 -721 -721 -859 -853 -971 
944 -567 864 -421 -430 -293 -867 822 593 -992 -931 367 714 -159 -341 676 -351 -945 857 954 705 954 47 406 47 -37 -212 774 774 -106 -336 -533 480 981 87 -332 990 54 -166 804 602 -570 192 -277 621 869 -925 -885 -414 812 -265 -412 -288 908 -633 -444 -96 -778 -123 704 -969 -236 -201 -797 -549 943 -431 -101 215 781 -688 535 -256 -283 -579 957 -681 -111 -734 937 937 -623 185 540 148 -162 747 -16 259 -932 -597 286 -750 969 570 -981 -495 -495 -671 -980 
-829 -444 280 287 -444 181 -332 -239 405 -8 -8 267 267 -990 -293 -426 -734 875 331 724 668 -288 10 -433 -195 -451 709 932 462 -208 -461 928 955 936 -653 842 -132 -882 851 -15 -771 -974 876 -217 -520 373 980 964 170 170 -817 643 -538 242 -884 900 322 0 -311 -422 896 265 -131 850 -64 260 260 62 681 -971 -971 484 103 -364 -709 932 -608 404 -322 -340 368 769 -760 -979 115 455 -120 865 -323 -946 -814 -172 531 339 253 253 795 -92 707 707 
771 -638 -638 366 366 -583 41 657 113 650 -437 -243 884 940 -160 -481 658 163 -849 -839 -933 -833 238 -202 -551 531 -651 136 781 623 -832 26 -181 -826 33 -258 104 792 -471 -696 354 -328 -534 190 758 847 -491 944 533 381 -998 749 -48 314 484 -188 -271 736 82 597 898 378 458 -170 -616 336 -377 -44 -353 751 302 692 303 321 436 -232 -692 640 -301 364 -527 540 584 385 -762 802 241 -41 894 -924 107 -831 305 793 412 790 82 675 -721 -146 
994 987 974 -867 896 -107 -213 -484 302 -536 -411 237 824 885 227 879 501 501 -979 -577 661 652 -520 -230 -457 -220 806 -375 -273 -820 116 -656 381 557 -922 759 333 953 712 -914 898 -378 846 598 -266 31 -83 -977 785 -126 238 106 -935 45 -260 67 -15 -482 927 211 -562 600 567 -834 707 554 83 858 31 -200 -228 -378 862 -218 -571 479 992 27 908 -492 -166 -251 71 806 726 -295 261 -133 -40 -411 -917 -70 282 446 841 854 -33 -176 -438 -566 
-505 -476 -86 760 -576 -394 -593 688 6 575 808 -561 608 -936 -736 -256 896 -557 11 -466 -143 -782 -909 606 394 533 472 820 -143 648 253 471 207 -964 168 147 -278 -945 -210 -226 673 -95 342 -52 -195 810 308 438 376 77 -994 903 811 781 432 -845 231 392 110 723 491 -471 -198 278 -761 -707 -472 296 171 -379 984 600 67 3 3 545 -267 -911 25 878 -939 434 -712 44 -348 719 30 381 -466 761 -4 -982 -377 640 678 833 -147 46 898 773 
773 149 841 -544 -546 -651 214 633 -630 -121 -680 759 -887 328 -644 167 142 857 634 -688 952 529 -936 422 -613 -870 -864 760 -360 -664 911 535 -609 338 -46 961 -16 -63 -120 227 -979 517 -360 988 -560 -323 48 -926 -72 741 -751 -721 -375 9 348 541 -207 726 865 620 950 345 396 507 -102 289 -990 -791 719 129 245 -84 348 626 -504 -452 -155 121 612 344 -785 634 189 -392 529 422 -870 -360 209 911 535 -668 250 -888 -46 961 543 171 -85 -360 
517 969 271 510 -72 -751 -964 380 348 541 -207 726 865 -975 950 345 374 -102 -731 289 616 -31 719 661 245 626 -452 121 121 96 -505 -979 -506 495 -501 -421 232 232 -476 -145 616 -240 -293 688 535 -100 953 467 489 -557 -572 -602 -715 -13 -246 -631 842 320 380 -664 372 204 835 310 35 -861 -391 -52 -31 236 -799 -944 -864 953 -681 -595 870 65 -107 -192 -107 -343 -906 -103 807 202 921 -387 857 891 -324 671 -68 -600 -848 785 442 -105 153 -597 
16 213 -784 201 972 962 373 840 -621 56 -227 -478 95 446 -647 965 857 721 118 -194 -583 434 975 956 -993 868 716 -543 458 33 414 561 522 -153 -646 227 195 -449 -877 -284 447 54 -811 -396 766 -615 -427 228 -85 -72 657 -147 -309 350 -557 -66 -371 254 413 101 569 -794 901 -737 -134 819 -679 741 534 878 -236 -36 -865 147 886 36 696 -497 402 81 898 249 -985 979 -845 -875 -122 720 -979 -830 -143 -120 175 719 606 -44 -732 856 792 -17 
714 309 218 -864 -227 73 786 -412 -793 -732 432 -694 -995 -972 584 392 -874 -416 -710 296 -641 -378 910 -183 -517 -186 951 -360 -170 50 -436 -476 -86 -208 586 -134 -340 395 -463 617 -824 722 -343 621 867 797 -108 121 -46 872 -544 -973 -167 877 -314 522 814 -711 -657 377 385 -546 -151 -256 -290 263 -687 -223 227 297 114 621 -728 551 -632 -142 -5 -677 656 656 693 110 -147 424 17 -406 -619 720 628 -751 -979 974 897 217 -697 278 131 123 -63 845 
302 199 700 502 -17 159 850 -364 -871 -23 -875 -894 -601 898 504 -798 170 -904 815 287 329 407 337 -243 -624 494 591 -24 51 289 -299 -542 -982 945 -703 199 -176 476 273 842 -543 22 -995 693 891 -884 33 -938 142 262 962 750 290 417 -290 -567 -49 -553 -261 -46 -102 405 740 -989 -462 -856 499 -949 7 932 -782 0 554 960 -834 652 594 -622 -420 -567 380 -967 -461 319 -391 169 -967 -773 304 725 32 116 -418 987 917 996 100 -302 -21 587 
-52 791 -809 -453 983 -905 -228 143 749 903 -301 56 109 506 338 549 -936 -349 -699 -918 -926 388 -498 -295 583 -915 210 -93 423 -677 -141 697 -831 728 -837 21 -54 -188 683 -914 -27 917 955 947 -529 369 741 403 219 -6 -976 389 -892 574 399 63 903 -157 -872 -842 250 -857 -207 -885 289 297 450 -238 -677 695 -309 191 198 183 97 586 30 322 836 711 645 -344 -831 -889 52 875 -532 -600 291 -958 995 164 -413 -91 176 847 -821 934 -732 -147 
718 -92 -743 -58 -109 -103 363 237 986 -716 -533 -647 453 73 227 -948 682 866 355 -530 75 -603 459 450 687 402 567 162 -218 -899 742 708 593 799 642 -27 502 334 -51 -698 777 -267 180 -141 -700 -240 694 38 -851 -260 -754 -172 675 -616 122 -780 143 -476 -792 -956 643 180 -623 372 -597 949 -755 657 -513 -905 -718 -545 -710 793 401 -59 655 -2 -273 -552 -449 -436 850 964 -226 565 -14 -987 -491 -982 770 29 -234 -204 -405 -601 435 -100 -619 -768 
-764 -646 674 340 489 379 181 -515 -514 -316 247 619 277 613 -345 102 -865 -419 761 963 -80 -154 528 400 -492 736 183 945 -142 -601 -236 -780 -747 -26 -512 124 -842 -999 -394 130 484 -733 230 -420 345 962 -984 775 357 887 6 -884 -538 200 -651 -859 -630 -290 689 445 966 -847 828 -140 -305 -242 561 -168 93 238 633 286 -33 -278 180 777 575 -472 -800 -872 74 -716 -268 -449 209 144 918 -501 -214 -633 -214 899 290 -212 260 -465 -372 -564 135 379 
-163 84 -208 416 743 373 -857 -527 321 538 -322 -790 179 -22 -954 267 393 357 -73 -688 -905 3 324 194 -118 -582 37 70 -780 -894 299 -791 -447 839 530 200 666 946 646 -433 -853 944 -811 684 371 -293 -15 -867 452 -931 -943 714 -159 -644 676 -945 -800 857 954 47 904 776 -255 -336 421 480 -332 -822 -631 550 804 602 -570 -277 919 -925 -885 -989 -375 -889 -712 908 -46 -633 287 -778 -123 603 630 -810 -431 781 384 -256 -579 -681 -62 -111 937 -623 
540 747 -511 -16 -597 727 969 -981 -495 -905 -980 -20 -909 -487 -279 280 -461 -12 405 -28 -8 86 -426 -422 875 876 -630 -288 10 -195 -630 462 229 -208 118 382 -653 265 -132 -15 -974 980 373 -645 242 -723 322 777 -422 -207 -64 681 -805 -617 -863 -416 -608 404 -322 769 -979 115 815 721 -266 737 339 616 253 -331 -92 707 -638 -44 41 650 -437 -243 -643 940 -189 658 -849 -372 -933 -36 -202 -651 -56 623 346 920 -258 344 -621 792 900 906 -188 -328 
-371 -988 847 -491 533 882 -998 -48 -668 -633 458 785 -67 219 -165 -662 300 -927 -377 -353 215 -853 321 156 -203 934 -249 97 105 -665 143 -468 241 -41 894 107 -595 412 -400 -342 675 275 -537 570 692 865 896 428 251 -888 -536 237 824 296 82 -456 -13 -74 661 -810 422 -520 940 -375 259 116 -748 245 910 948 211 -914 629 846 -266 31 -910 -977 -484 869 971 45 131 709 -347 -562 495 567 -500 707 892 858 38 -520 -944 741 -571 239 -644 -492 
-166 806 806 726 996 -133 -411 -179 980 193 217 -231 -225 -33 -176 125 204 -207 -405 458 613 -38 -321 34 -853 -287 424 -623 32 55 -294 -499 -48 -54 -662 -978 -331 322 -688 359 -788 823 507 858 957 291 -348 -603 946 -45 -418 -570 996 472 -302 587 791 -809 -789 -474 -207 -9 983 -905 -228 570 749 448 -301 56 109 949 883 780 504 526 -61 -579 -918 -326 17 341 341 72 -295 -731 268 -93 235 696 765 -141 313 697 -831 -421 -54 -749 930 683 
-914 -27 917 884 947 -529 320 369 10 741 219 465 -976 -468 389 -892 685 399 63 -375 -157 -842 250 197 55 -885 297 450 -738 -57 695 729 -564 191 183 97 -404 30 -615 291 322 -986 177 209 -344 -831 -119 180 -600 291 863 164 95 858 707 -91 176 -390 847 169 392 -857 506 613 504 -58 -109 -409 409 -738 216 237 -698 986 522 -716 295 -533 598 -647 -218 73 295 -802 -253 682 866 199 355 -669 -530 75 -320 459 602 687 402 162 -599 59 
-19 742 -340 642 -27 502 -145 -750 -698 271 696 678 180 759 -700 718 694 -775 -851 -178 768 914 -172 675 860 -616 -126 -26 -792 -956 180 935 -597 10 10 -625 779 167 -382 -836 -710 -742 401 655 582 -786 378 -192 -372 -331 -564 135 198 494 84 -208 726 373 -857 -273 321 538 951 -790 76 -954 74 347 393 357 375 324 423 960 -118 479 -945 37 950 -780 569 546 520 -447 -373 200 -150 666 525 257 479 998 -721 -859 -767 -811 -231 -421 -293 822 
-77 -438 -943 714 -341 593 -351 -384 705 406 904 -336 421 211 480 548 -822 54 804 -570 -645 915 919 0 -414 -889 -712 -46 6 -778 704 -236 -797 -810 -431 215 781 845 -688 760 -579 -62 -833 937 -623 382 148 -162 747 -16 -932 -597 727 570 -463 -980 -487 280 -444 -461 -461 405 -8 -990 -293 -422 875 876 -288 10 932 462 -461 290 382 -752 -132 851 -70 -771 -974 876 980 373 -817 -538 242 777 896 -207 -64 260 -971 -469 -617 -589 561 -863 -510 404 
740 769 -979 815 865 -814 -172 737 -604 -92 116 12 384 -44 41 650 -437 -243 -643 -189 -481 658 163 911 -36 -651 -785 -832 250 -181 920 -258 104 -778 701 924 460 488 260 212 507 -491 195 381 749 488 687 -633 736 785 597 963 378 458 -170 -927 -377 -44 -353 751 165 856 321 436 934 -249 -378 97 -316 17 -468 -985 -41 -924 667 709 790 56 301 189 -353 -504 692 974 896 428 -213 -24 -888 -536 705 824 82 -571 -13 501 502 65 652 263 
485 940 -152 -375 -820 -742 -656 -748 -670 -517 -697 211 712 -914 -586 -378 598 622 720 -977 785 869 70 -935 451 -15 763 -501 495 5 707 554 67 479 38 -520 -944 -25 741 479 -644 -492 -419 832 924 726 -138 -133 -179 446 469 -231 -898 942 104 928 688 -566 -9 256 -399 639 -861 -917 -902 34 -699 -209 911 -779 295 32 -783 -294 -604 -559 -913 427 308 -113 438 -780 878 696 318 -242 -167 -36 871 728 -348 109 751 899 144 279 410 497 449 -297 
-921 836 -545 674 -939 104 -786 736 651 700 -964 617 146 -739 913 72 590 802 -847 542 934 -159 426 956 305 -499 -336 -333 908 909 -673 618 264 801 666 -977 -282 -241 -246 -529 821 -408 476 603 448 514 257 -270 169 67 -514 -13 -758 -619 -269 -498 312 921 -993 447 805 635 292 -189 -510 365 414 -863 -41 130 563 898 -523 917 -250 -493 -525 -94 -769 615 239 -888 -98 -184 750 406 -630 132 -246 -433 -216 -213 58 -774 -689 -703 -268 -912 -255 -781 
238 -606 963 -688 79 236 -538 -67 -18 -583 269 -65 708 -772 -254 317 -638 576 206 961 -556 -68 792 203 452 -173 369 893 -600 -233 -613 -846 513 128 931 282 -123 146 -623 -118 690 191 -76 25 148 -119 274 80 146 644 818 160 -36 -850 -149 204 -149 622 884 740 408 -59 366 -974 -687 965 750 -656 37 813 -355 615 -504 601 42 -462 307 -562 783 -142 536 699 -262 -99 -300 871 -145 -295 -968 239 -559 962 23 287 577 -909 -630 -73 92 -331 
597 64 -348 -431 -647 -756 88 337 435 363 -496 735 411 -736 -410 598 -377 654 300 293 -170 -590 647 -477 -321 -163 -950 84 163 -45 321 -65 283 680 -991 741 198 634 -133 756 -912 142 391 929 53 213 -293 208 277 -362 652 363 793 -897 290 -731 878 -740 643 311 -692 -650 -777 -318 63 -912 540 -533 541 929 -673 18 682 -698 256 46 708 887 711 732 923 -216 -692 -432 -907 524 41 -519 390 -492 -948 -832 -172 729 -873 -104 657 124 41 474 
869 593 -753 -105 354 -632 -496 658 -98 -938 482 894 -240 154 321 751 183 217 -420 -497 229 -408 49 66 -854 925 774 -631 722 20 651 -313 -687 540 969 606 393 -151 121 -592 -634 -866 877 -603 444 -455 -581 198 -774 747 -283 -744 -458 917 817 367 -4 484 940 966 963 -168 -360 63 -931 359 -994 26 -228 -402 -366 -790 -320 -430 -534 538 -73 282 467 603 -279 34 807 -536 202 256 -780 -392 -660 -941 -887 807 -632 -159 -110 -148 -641 483 585 897 
-744 -855 -162 -655 345 -355 591 -503 846 -9 268 649 578 708 -384 192 -805 -520 761 -627 818 487 183 -526 734 79 314 499 765 -544 -521 -651 859 -921 146 -705 -761 703 243 -791 -317 -553 779 -935 852 353 856 -537 -565 -173 366 -722 446 -246 -389 -151 -207 -54 -476 -154 -101 -795 81 545 -831 -726 -888 -151 -21 -456 58 -398 -540 345 -287 36 318 -620 -925 -62 282 -321 946 409 -338 -548 -236 690 967 52 -945 1 340 -493 253 -628 -908 -56 256 964 
311 -735 -488 -433 308 602 -289 330 890 -443 -449 -371 804 -160 167 206 393 439 998 715 939 362 -841 -526 -460 852 -969 563 606 -385 865 -390 79 763 370 -748 -623 267 897 -445 979 655 -518 -271 868 467 984 -615 -845 -37 46 607 986 -206 627 -677 67 298 -127 507 -779 -440 845 -97 41 801 -599 744 -466 415 -490 182 875 635 -520 816 -539 -995 923 -206 -435 123 -548 468 758 -825 -195 -201 -594 -441 -187 -153 -775 -4 340 320 494 -8 -752 241 
-637 165 919 -143 -413 -991 -270 -611 -746 -360 258 -706 -764 197 -951 223 -139 0 -818 -358 208 307 81 -620 442 -989 936 470 919 -113 -961 396 158 -630 940 -875 100 -244 -89 392 -344 -795 353 -609 817 -92 -286 242 980 500 -413 -781 -522 249 -185 -225 -602 340 696 -593 -199 56 146 -656 946 -963 -637 -26 448 -632 436 277 -126 73 -693 550 -545 -214 -347 979 932 30 903 -42 -960 499 382 145 156 -275 -267 -22 81 -622 924 -213 291 -941 -299 -75 
