-128 -630 -949 864 99 896 -31 -159 -340 -691 239 -30 -467 242 58 -731 27 -631 571 708 -185 -646 940 -406 -406 -424 -637 -11 -557 535 155 -665 -64 -597 309 309 10 -226 588 982 -676 -703 402 930 19 779 -370 -370 -483 -145 -483 619 553 -127 -64 -452 597 88 88 702 -188 777 942 601 601 204 530 -414 -148 -354 -909 -909 967 -117 8 107 -481 -226 -242 -974 -242 -289 595 -574 165 -273 -225 -6 -170 -170 -298 102 262 -374 -917 -316 -775 -237 294 -917 
477 -167 759 288 185 573 937 150 -732 -158 87 -263 184 597 791 859 859 80 836 653 -647 73 -21 -358 -358 -206 96 -445 -509 -627 705 705 -452 -1000 259 -626 760 570 -570 -429 -948 -948 -948 99 740 -449 11 -536 -677 -562 741 741 441 484 -897 598 -938 626 92 409 -964 -825 -968 871 -286 180 822 822 639 -896 -869 -913 -963 -604 -940 -135 -133 -419 231 174 908 908 -586 -30 -30 -111 488 -916 -671 416 555 6 914 -514 354 497 772 716 -693 -171 
-413 -111 432 -950 881 -796 -434 684 -434 -865 -223 270 834 -117 405 2 12 -563 -991 -164 127 754 566 385 -312 -738 -307 -863 853 883 152 -162 -863 -805 735 585 722 -438 -750 611 -348 462 513 513 -460 733 -559 762 762 -634 975 540 -339 -543 -699 -651 -703 285 -974 -997 711 -918 -644 -56 -635 -56 -481 -508 581 -92 525 -760 -490 451 -218 -227 -407 -842 -516 284 704 -299 -797 -274 -274 -328 427 771 967 306 37 -825 -674 118 456 -638 29 670 670 667 
978 -59 990 388 -195 751 705 282 -963 -955 -671 -425 650 -73 -592 -601 -479 -479 -127 -714 -738 -970 -942 359 -52 -606 -52 149 885 -258 -734 -748 -498 -941 701 701 935 812 -325 387 -563 -563 410 -103 -819 114 -285 -285 731 491 -492 -493 498 14 -875 -494 -875 540 592 592 -648 -588 843 298 793 -766 305 289 549 -377 761 713 954 46 -350 860 697 -997 683 310 -16 227 77 805 805 -428 263 10 -42 357 -387 -680 -938 890 550 -143 550 869 -537 808 
422 -512 -875 815 -206 -347 -837 929 -81 724 389 -531 -401 -467 -467 70 607 572 194 536 -469 -503 336 -503 -739 -963 -817 -929 -318 -23 -560 -459 -9 -399 490 573 573 573 625 -390 613 -932 -692 418 75 -639 -823 819 248 -392 204 824 -32 -451 281 723 -803 -287 927 223 -552 946 883 -591 -671 -673 -673 923 973 731 63 -911 873 93 489 -245 46 359 -641 -616 -756 759 -132 50 -877 -688 881 -258 55 55 881 311 711 -85 850 903 -869 292 -366 -251 
171 -389 -421 826 -421 616 869 -898 -243 859 -953 998 525 434 273 -630 158 309 -943 19 83 418 -366 542 -822 827 -118 -225 8 327 -722 -335 415 -318 847 -408 847 847 328 572 338 -664 -943 524 -465 689 -606 90 90 693 437 -153 -719 -388 900 -917 -471 387 182 -684 -354 -973 577 -73 -795 -51 -514 816 -759 -914 -859 816 -759 -9 401 631 79 -604 -363 -81 -726 -726 888 581 -826 673 -662 828 -440 878 -430 -393 461 -393 -947 -683 -700 -111 -537 -282 
-637 250 393 393 -398 -398 -355 -103 98 -75 399 -393 327 491 -39 750 -834 -39 167 -495 -88 -185 22 182 -793 984 -398 160 364 -233 35 168 168 849 -607 -372 286 155 -370 -895 -397 618 351 659 245 -364 -781 158 -567 -837 60 776 248 653 8 2 -211 -604 -694 -924 -191 -508 -895 -351 -60 -773 -608 434 68 -33 -656 -115 -451 808 906 291 -397 384 420 -100 -798 179 458 -544 -116 350 -115 507 101 -546 17 244 -781 -905 -418 -790 -761 937 -165 290 
943 -461 -41 356 -168 -110 775 -226 670 813 19 403 68 -428 -43 798 647 -32 882 306 977 437 -423 321 65 -702 70 -428 -428 -922 -166 209 696 -775 -180 779 494 -863 176 807 66 914 803 269 661 835 877 915 -959 -680 -799 169 -36 199 -854 353 -879 385 147 269 520 520 731 -640 -569 -971 -348 987 442 -494 493 -63 406 -351 228 907 -779 883 -748 355 3 -598 -228 -966 896 -574 885 -110 -866 -960 -960 -350 -420 -77 -264 -83 919 147 500 961 
392 392 -264 686 86 423 -242 369 412 983 569 -851 -291 -108 -311 -125 404 -235 179 681 -542 -542 -443 -552 -443 -34 188 345 -72 -120 -52 -171 -120 62 62 -504 536 74 -770 -556 496 -539 -660 85 784 -760 -177 -760 -113 433 438 614 736 978 -860 -860 245 -362 551 481 478 -433 -317 116 -714 -901 -901 -152 172 -334 91 -782 546 -17 -17 -765 -996 289 289 -263 -57 -218 -708 122 4 -101 -101 -247 -484 666 462 672 -997 -514 -37 -317 -704 -704 -438 -379 
110 -267 -347 796 504 660 974 -28 -399 -399 463 -97 -749 347 -920 -350 102 -540 -540 820 -684 277 -87 853 992 972 316 -388 315 -678 -666 916 818 -946 801 327 -335 -573 703 788 -247 945 -166 -817 -573 -555 266 130 -56 606 -384 -685 739 -692 -92 832 -10 826 -360 -692 832 -10 832 -67 -67 826 261 43 -402 797 -746 695 72 202 694 338 224 973 -594 -594 136 -840 384 -738 251 -515 -642 911 -274 -1000 441 201 -841 -605 -7 -7 -258 -97 -930 50 
-599 -317 32 95 -652 543 901 72 527 -265 -265 -225 967 981 981 -333 -512 -282 -787 627 627 502 967 44 267 267 -599 -744 -319 -279 -617 391 667 315 -710 -435 957 76 385 76 385 813 229 -238 -562 394 -334 905 905 -11 -985 -307 -97 -847 -411 -411 -411 386 -102 -188 -347 865 -794 715 -64 715 715 -623 -458 342 -189 -854 35 -15 374 -24 681 -937 431 -149 -958 -97 -380 875 -963 -616 160 -443 -430 -47 -97 319 -307 15 327 247 247 -766 528 -80 
183 924 -411 873 -985 815 449 88 -907 -202 526 -475 -391 -391 -296 204 716 -622 461 -758 848 10 -276 407 407 -331 -864 -950 -562 -562 -229 -20 -154 890 -764 -754 757 -778 -753 898 140 676 946 -911 946 991 824 519 -911 -497 120 756 -918 -586 -586 607 -122 -444 -108 -29 -835 -962 234 815 674 -708 676 66 133 -628 930 -628 569 569 990 968 608 484 -653 844 -434 -444 -418 -247 292 857 -779 857 -779 -294 -898 -898 842 448 648 392 392 -953 850 -843 
527 -19 46 686 179 400 -478 791 538 2 -927 -566 -99 311 793 71 580 -851 -92 -92 -857 992 -857 723 585 -871 -371 -659 949 -365 -442 338 -669 350 350 755 -693 -887 209 -431 619 531 531 -690 529 -324 -841 954 -642 -193 896 -31 -359 -691 -591 -401 -467 266 366 -731 27 174 440 693 -406 -807 -548 -560 -300 -64 -597 281 586 226 160 -703 705 -566 987 -317 -370 -145 -145 553 88 -836 646 -188 -506 -137 942 204 204 -662 -414 -414 -287 -909 423 -353 
147 -989 457 457 -289 -461 6 535 102 -775 294 -775 -374 -917 925 -541 288 573 764 -659 937 150 556 -732 498 597 87 -559 -559 837 -308 -473 791 -161 859 80 -920 466 73 -21 96 399 873 -779 -575 259 -626 760 570 60 -57 -948 99 978 -903 -330 -677 -562 -565 -897 247 -938 -541 -825 871 -968 -939 -939 -219 180 -896 -284 -100 -995 239 174 231 984 -129 -586 -111 15 -353 -100 -254 -336 497 -693 894 -111 432 -984 -292 684 -865 -223 -223 852 834 930 
-563 -148 -308 78 -138 335 853 385 -312 152 -738 -307 -548 -302 138 611 -852 -348 514 -182 607 -914 733 -130 512 440 975 -339 -171 -703 285 -226 -997 -644 -635 490 -321 -554 -760 -92 -490 -749 73 948 -516 -603 -151 284 432 -274 -188 967 306 767 118 456 -564 29 218 -353 178 990 65 -195 903 903 282 -853 -584 -136 787 -527 454 -592 -479 -127 -714 786 359 885 -258 458 -712 -498 674 763 -174 -941 -425 701 935 -539 -325 920 904 736 -103 887 -285 -270 
-493 -492 498 -310 -494 -875 540 -7 -861 871 -171 -418 793 -440 305 549 761 -227 -12 303 -997 -897 -996 -996 77 876 10 -42 349 -39 -387 552 -938 572 -143 441 808 -512 283 -596 427 627 562 -837 -81 389 -721 -467 607 572 279 336 -503 -421 -963 -817 -318 -560 79 -399 490 807 -586 613 -932 999 497 -364 -364 -226 673 -899 -597 917 -945 335 -287 927 -77 223 946 287 -673 923 -911 -263 359 128 -772 -641 -325 -255 -515 50 252 881 881 205 -85 381 
646 850 903 -690 -869 -251 171 -799 -130 616 826 -513 -243 965 965 998 -414 -630 -123 -733 -943 660 542 -822 -477 -950 393 -118 -225 8 -722 -335 -408 684 848 958 547 547 489 -138 638 90 920 419 -256 296 -684 -519 654 702 860 860 -859 -381 -51 -558 -914 908 -381 908 -205 -993 546 -954 -363 -332 -145 -826 673 -662 828 -54 250 -440 -638 -393 -393 150 -445 -537 -21 -485 356 356 393 -567 98 -723 -393 -757 -757 -989 491 -128 -515 979 218 -88 -185 22 
935 -793 423 873 332 35 35 -607 -730 -332 -150 -895 699 351 245 -364 490 -283 95 716 248 -774 -128 8 -722 978 -604 239 -113 -191 -508 -781 -67 -588 282 434 68 -33 -656 -115 -410 -368 -529 866 598 -313 410 -480 619 -967 -542 -950 517 507 101 -546 590 -781 -905 -981 -996 -790 711 -600 -61 226 -461 465 61 -110 -274 -488 670 980 573 -938 -219 3 798 -881 -568 -762 -75 -139 495 -423 633 387 -645 0 -166 -636 -775 752 779 494 -863 807 -977 757 
269 819 -646 -804 915 -959 -799 625 239 520 825 828 852 269 -640 -574 -348 -308 -119 493 -63 604 979 882 438 49 49 355 -511 -279 -295 -228 -689 -574 -849 -110 -44 -264 -264 919 500 -264 849 423 743 983 412 -239 206 -514 -761 -851 -291 31 535 681 434 -69 188 -52 786 -171 786 289 536 676 422 -806 -471 -129 162 784 -177 -204 -717 -212 433 315 -722 978 375 375 -376 481 -490 -192 478 -447 957 574 -433 -595 793 -714 -103 -103 265 -979 172 -212 
709 -17 -312 -312 -355 -996 -263 -356 244 -247 676 462 824 -514 -37 450 -704 -438 411 -267 267 660 -28 337 -399 -867 -473 -867 -271 347 -920 -490 551 -953 -974 683 806 853 850 -66 -172 -172 -172 315 288 288 -946 801 801 801 -573 -657 -247 -792 945 -657 -41 -555 233 606 78 -126 -692 705 275 43 -402 -746 -199 338 338 -972 -88 -594 249 998 -840 -491 -738 -243 -198 -198 595 978 -471 -689 892 -605 -258 -816 -930 -930 139 32 -327 -652 -142 -265 -225 -534 
-589 967 -512 -787 131 330 330 967 44 -599 -180 391 667 -91 315 957 -644 615 229 367 -562 363 363 -363 -334 165 165 189 189 143 930 960 153 977 -102 689 -870 665 -815 -794 -738 416 -623 -619 726 35 374 500 500 -767 940 -940 -602 -140 -443 435 260 319 -541 -752 247 -501 528 425 136 191 924 -651 873 747 -718 -475 -296 -296 526 716 -622 -81 482 616 -144 -331 274 233 -20 972 972 890 -764 757 -317 898 140 -989 676 867 991 824 519 855 
519 -497 156 -406 756 -139 179 -314 -108 673 -962 236 815 -716 674 589 66 482 -550 -628 453 -492 484 844 812 -247 292 347 -767 857 471 471 47 842 448 231 648 392 850 -136 527 46 139 -478 791 538 2 -566 -862 427 374 71 580 -297 643 958 -857 992 -578 -617 -275 -371 214 214 -442 108 -288 -231 925 -750 -693 355 394 418 619 -533 529 -950 -841 765 714 325 918 653 532 -302 274 -174 -280 670 758 841 975 8 -211 -113 -508 -351 282 -656 
808 -529 866 384 -100 -798 619 619 -967 -116 517 507 507 -546 -611 -611 -781 -981 -781 -981 -761 -165 356 -168 -110 -488 19 403 -428 647 -881 882 -152 -152 977 -226 -423 321 633 664 -428 0 446 -166 -574 209 -809 -586 -180 779 -42 -676 -145 -145 66 -544 7 7 819 835 -563 -646 -478 -515 -959 -959 -906 -602 239 -784 199 -899 825 353 -879 -758 269 -380 731 -574 -971 -141 -172 -308 840 442 -494 -63 582 -574 -609 -136 -119 907 -511 355 -295 -279 802 -689 
-680 -574 287 -110 965 -330 -81 -83 961 392 739 686 86 412 301 206 -851 -291 -311 404 -619 179 -822 434 -650 -650 -52 -521 -171 -120 289 -173 676 74 -806 -790 -421 -892 890 -177 -760 -212 -961 -504 642 375 -362 481 140 140 133 442 -433 957 793 -103 265 -901 790 172 -828 -828 91 841 841 709 301 -356 -218 244 -607 -607 -101 -484 462 672 -997 -726 -871 -317 450 -438 110 -864 504 974 -399 463 -473 968 -920 -490 551 -953 102 -553 -399 -684 806 853 
850 992 -741 -388 764 -555 -666 -946 801 -394 -851 518 183 945 -657 -202 233 52 78 -384 -252 -685 -1 -692 -10 -67 261 -360 209 43 797 812 -746 72 829 706 633 694 338 -972 705 249 136 -207 -207 -131 -491 251 -629 911 978 -471 201 -689 227 -841 -603 -7 -97 -638 32 95 -333 -652 594 527 291 865 865 -589 967 197 745 -787 586 200 627 967 -599 -599 -703 -319 391 -617 -91 864 -209 -672 385 813 -902 -135 133 394 -334 -11 930 -530 386 386 
-3 440 -12 -646 -406 -424 -807 -746 -548 535 -560 -665 -265 -63 281 326 588 160 402 0 779 -317 -370 -483 -145 -293 88 897 -267 -188 -506 -506 883 6 404 413 921 -414 -354 -909 423 35 -481 854 -242 457 -974 -289 -276 -949 535 102 925 946 -237 -917 607 759 573 764 -659 64 556 -732 -46 198 -787 -263 -559 837 -308 -473 791 828 217 653 -21 -206 -509 -73 -779 -452 -575 -410 -810 -433 570 -453 -57 99 691 -710 -536 -330 -562 441 -897 306 247 598 
-938 -541 -825 871 -968 -939 871 -219 180 822 -820 -100 -460 -995 -133 174 984 -129 -275 747 -111 15 -916 555 914 -336 497 772 -693 -111 473 -950 -292 684 -937 -865 -223 256 834 -237 930 -148 -308 754 355 853 385 632 -738 -863 735 -548 -438 -750 611 611 -589 -589 514 -182 -460 -130 512 440 -210 253 874 285 -974 -226 711 564 -56 302 525 -760 -760 -77 73 470 948 -603 -603 284 284 -797 -328 427 -743 306 -825 118 456 -564 29 218 -353 978 -59 65 
-195 903 333 -963 -584 -671 787 53 454 -592 -601 -479 -195 -714 786 -254 -606 885 -167 458 -498 674 763 674 807 -425 935 -244 -325 920 904 387 -505 -346 -982 -493 498 -310 -213 -595 622 -7 592 871 843 -577 -440 657 289 761 -227 222 -12 -350 303 -800 683 310 227 -996 77 876 -428 357 -387 -680 -938 572 -143 411 441 -512 -611 -875 815 627 627 -560 -837 -808 724 389 -467 572 279 669 336 -739 -230 682 -929 -318 -560 -459 79 490 490 807 -730 -31 
-932 418 75 -639 -364 -226 673 -392 -32 917 153 478 723 -287 127 -552 -552 -591 87 923 923 -911 -695 -263 359 128 -641 -325 -255 620 50 604 604 881 -258 205 205 -85 381 -994 850 -280 -251 -251 171 171 -421 -421 -513 152 859 965 998 -107 273 -123 -733 -943 -499 -366 -950 -477 -477 -118 -225 -898 -269 106 -335 847 684 848 328 -209 -664 338 489 689 82 -221 693 437 -388 -107 -744 -873 -684 -354 654 13 -448 -859 -795 -419 -381 -42 -514 816 -993 -759 
507 -726 -81 -332 -726 888 673 -662 828 250 -440 -638 -638 461 -947 -393 -947 -445 150 -537 -21 356 356 393 -567 997 399 296 -757 -757 327 -989 527 -515 -39 -515 979 843 -185 22 632 984 934 873 332 -233 168 -508 -730 931 -150 -895 -55 -352 351 -74 -364 490 -283 716 60 248 845 653 -310 262 410 -139 -513 2 -702 633 387 -855 0 -166 -636 752 -976 -42 -863 -145 66 914 322 -808 819 -804 -515 -959 -680 -799 625 169 239 825 353 852 520 520 
378 -574 -971 -141 -308 -563 904 -63 -422 582 979 -60 882 438 228 907 49 -511 -511 3 3 -279 -228 -689 -825 -849 287 -110 -44 -960 -264 919 63 392 -264 739 849 -242 743 109 206 -514 -761 -483 -108 -311 -619 681 -650 -52 -171 62 -72 289 377 676 676 422 443 -129 784 -717 -204 -717 -212 -409 438 315 173 -572 -572 -263 -376 481 -192 -447 442 574 -90 -433 -595 116 580 580 580 -901 -979 -390 87 546 -17 -312 -312 -355 -355 -263 244 -404 676 676 
462 672 -501 -37 -726 -317 516 411 -461 -864 796 -943 337 -399 -473 -867 -97 968 64 -920 -490 -350 -914 683 -87 -568 992 972 -172 315 764 288 -946 -946 801 -946 801 -335 -394 -657 416 945 20 -657 315 -555 233 -56 78 -252 -692 -67 261 275 209 -402 -746 -199 338 -972 973 -839 998 -840 -447 -578 -642 -198 875 978 -332 -458 -605 -857 -816 -816 -930 -599 32 95 -333 594 -265 -225 -589 -333 197 745 -787 586 200 330 627 -599 163 -279 -617 -617 315 -672 
-644 615 -238 -562 363 394 -334 165 165 -11 189 143 930 960 153 977 689 689 -870 279 -815 -774 449 -64 416 416 -623 -458 -854 45 426 374 500 -94 940 -958 -940 -602 160 -443 260 -97 319 388 -90 -549 247 -352 -352 -80 136 924 -651 -877 747 815 -907 -296 -296 716 -622 175 -262 616 -276 -144 274 -950 -93 -20 972 426 -835 -317 -753 898 -989 -989 41 867 991 824 855 855 -497 802 756 -918 179 -108 -835 236 815 -716 674 977 66 133 949 482 
569 -492 484 -434 810 -418 292 347 -767 -693 471 471 -294 842 -63 448 648 392 748 -136 -570 -19 686 -478 312 -486 538 -135 690 -732 -862 804 935 580 -464 -297 643 958 -857 -168 992 -578 -617 -275 -371 661 -365 845 -288 -231 -231 795 946 355 355 355 394 619 522 529 -950 -950 954 714 325 967 846 -302 -853 415 -174 -174 670 841 841 975 978 239 -508 -588 654 -656 808 906 291 598 420 -798 619 458 -542 350 -115 507 -546 -611 244 -981 -905 -790 
-761 -600 -165 356 -168 775 -488 573 68 3 798 -881 -881 882 -762 -152 -188 977 717 2 2 65 387 -855 -645 -922 -574 -166 -636 -262 696 -1000 -586 -586 170 494 -145 807 66 757 269 7 -808 819 835 -563 -646 877 915 -959 -680 169 -602 199 -36 199 520 -899 -854 -853 -879 -758 147 269 -574 -574 -348 -141 -308 -308 840 -119 -608 493 -63 582 -574 -60 -351 438 49 883 -295 -279 -598 -966 -689 -825 -849 287 -866 965 102 -350 -83 821 500 -544 728 320 
-526 412 109 201 -761 -483 -291 -125 -125 -619 179 681 -542 -34 -650 188 345 -72 786 -504 536 676 422 443 -471 -421 -539 990 890 -760 -212 -504 846 -572 -860 245 551 -490 140 -192 478 -90 957 645 116 -103 -979 -189 -390 -828 91 87 -782 709 301 -996 -263 -57 -969 -969 -708 -607 122 -101 -484 -802 672 -37 -726 -317 -317 450 -438 -53 110 -267 81 -943 -789 337 -795 -867 -97 968 -255 -490 551 -985 -553 -399 -27 806 -87 850 -595 -172 -741 -388 764 -555 
288 506 -946 -361 -335 -573 518 416 -792 -166 -657 -41 -202 -573 52 52 -452 -384 -252 -252 -1 -692 -10 -67 261 -360 209 43 -746 695 829 202 706 202 706 694 86 705 -594 136 136 -131 -131 -738 251 -629 157 875 978 -274 -471 441 379 -458 892 -605 -816 139 -638 -24 -333 -652 -142 72 -22 291 865 -534 -589 -333 -333 745 -787 568 131 -695 627 44 44 163 -703 -180 -279 391 -617 -91 -710 -435 385 -644 -902 229 -238 45 -334 -11 -985 -530 960 153 
977 689 -347 665 865 -628 576 449 -738 -623 389 -619 -458 342 -189 45 45 764 120 -24 -767 -94 940 -958 -602 -380 -616 -443 -47 -614 260 702 702 -541 960 247 -766 -352 752 191 -863 -863 -877 873 -985 -985 -718 88 -475 -296 -31 -340 398 -760 266 637 -731 -3 27 -483 708 92 10 -406 -424 -768 -746 132 -560 -665 -64 -34 -34 326 982 -676 -703 402 402 19 -566 134 -483 134 -483 619 -293 -64 -127 908 597 -836 -267 30 -188 -506 988 942 404 204 
413 -38 921 -148 -148 524 -909 -117 769 -481 147 -212 474 -989 -242 457 -974 -461 -276 325 829 653 -177 946 -237 477 -775 -237 -374 -374 294 315 -571 288 323 64 288 185 323 323 764 937 150 -46 738 498 -787 -263 -569 615 597 109 -473 956 -161 836 836 793 183 73 -21 -358 399 873 -779 -452 -1000 -815 -650 760 -433 570 -570 -429 60 -57 -948 99 691 -710 287 673 484 -897 247 -428 -938 626 -541 92 409 -825 -939 -286 -968 -939 180 639 -869 -210 
337 -604 753 239 -419 174 231 908 -104 -586 -149 -149 488 488 509 15 471 471 -736 -981 555 554 697 -514 -514 360 -37 354 772 772 -693 716 -693 698 -671 655 655 79 324 -599 256 256 852 540 834 -117 717 561 78 685 853 883 632 -162 -307 -583 853 632 152 -738 -162 -583 735 585 138 -750 -852 -852 -589 462 -182 733 948 -559 512 895 895 -634 540 -920 -210 197 -703 285 -974 -974 -997 -918 711 -239 490 -56 490 961 501 525 -77 451 -218 -407 
-649 470 -603 -587 -151 436 -826 -797 -649 -188 -880 -743 37 37 -674 456 -799 -269 -353 178 -59 990 -268 942 468 -918 -918 -440 282 -963 -584 -294 -136 650 -527 53 -73 -592 -601 -479 -501 -714 -970 890 -254 -809 -606 149 885 -734 458 -498 674 763 -174 -425 -425 701 935 812 -375 -539 336 -65 -325 920 904 736 736 387 387 68 -913 -505 887 25 -346 731 -982 -493 491 -270 498 -659 -310 -595 622 622 540 -7 -861 208 -315 -596 793 379 305 289 -377 444 
713 -227 954 -363 -350 -997 683 683 -897 909 310 77 876 805 -732 -510 10 -42 -335 -387 -938 890 869 258 -537 -800 808 422 645 -512 -604 -596 160 562 -837 455 -676 724 -721 -401 -401 607 194 146 -469 -503 -739 752 -963 -929 -817 -318 -23 250 -84 108 -399 490 807 625 613 -31 999 497 497 -639 -823 144 -196 -866 248 673 204 824 -392 -32 961 917 -317 335 630 927 127 -77 946 223 -552 -591 -671 87 -673 114 -911 873 489 -263 -772 -772 717 128 
-641 325 -756 -878 620 948 50 604 -687 -130 881 55 881 -85 759 646 850 909 -280 -926 -869 292 -251 -799 48 -130 140 869 998 -975 -750 273 434 -630 158 -943 19 184 418 926 -822 827 -101 -118 -225 -225 -74 -74 610 -722 -335 -467 -593 -408 684 847 847 328 958 338 -943 489 -465 638 -856 693 693 -153 920 -388 419 -534 -442 -744 -684 -973 -448 -859 860 -428 -381 -970 -381 -859 -205 -993 -514 816 -42 -42 -9 -581 405 -300 -363 -81 -332 -332 -529 888 
888 -826 -144 673 -54 -54 828 -279 -638 -947 461 -445 -947 -445 -700 -683 729 -537 -333 744 -485 356 -176 -567 526 -75 296 -393 -757 491 491 -834 -580 342 167 -495 -185 -75 22 182 -793 984 160 364 332 -233 -607 849 -607 108 108 -508 -332 155 -353 -895 798 798 618 659 984 -74 984 -364 -751 959 -567 95 248 -283 776 716 248 653 752 306 -152 -188 -544 410 717 495 -226 -423 321 -702 664 664 -855 -645 446 -922 -166 -262 696 -775 -775 -775 -586 -42 
-676 -863 -15 807 -977 66 -544 7 661 819 -808 -706 -646 -478 -515 -959 -680 -799 -906 199 -784 740 -853 -646 589 -130 806 147 269 378 -640 -574 -172 -348 -141 -563 259 -608 493 -63 -422 -101 -609 -136 -119 907 -779 883 -295 3 802 -228 -966 -680 287 885 -44 -110 -44 965 102 883 -81 -77 -264 147 961 63 500 -264 728 320 -242 412 369 109 201 387 -483 -291 -108 31 -125 404 535 -418 681 -822 434 -443 -34 -552 -650 -442 62 345 -442 786 377 377 
536 74 676 -790 395 -199 990 -892 890 85 -204 784 -760 -133 -961 433 -504 -722 846 736 642 978 -572 375 -263 763 551 467 133 574 -433 -447 442 -317 645 -595 -103 -714 580 265 790 -925 172 841 709 546 -17 -996 289 -356 -356 -218 -218 -631 4 -101 -404 -247 -484 666 666 -684 824 824 -627 -514 -871 450 516 -199 -53 -267 81 796 267 312 974 -789 337 337 337 -795 463 -473 -473 -271 -255 64 -550 -430 -350 -985 -553 -399 -87 853 -119 992 448 -741 
56 764 292 -555 -666 506 818 -946 -946 -361 -394 -851 -851 518 788 183 -446 841 841 -166 315 52 130 -452 252 252 -321 570 -692 705 -67 261 275 -92 705 -10 705 832 826 209 -402 797 812 -237 -832 829 633 706 694 86 86 -88 211 973 -594 998 -840 807 -131 384 251 -629 157 911 595 441 201 379 227 603 -816 -258 50 -97 139 139 -851 32 -612 594 527 -22 -22 -225 865 967 -589 -534 981 640 -282 361 -787 244 -695 502 967 44 -599 -703 
-447 -279 391 667 -256 315 -672 957 76 813 385 813 -135 133 133 45 45 45 -334 -315 905 189 -307 -97 -266 960 866 -102 689 -892 -815 -815 865 -794 449 449 -738 -623 524 342 190 764 764 374 -24 -94 431 -940 -140 -380 -616 -948 -948 -948 -47 -1 -614 -508 319 -589 702 -90 -549 -662 -662 -662 -501 -501 -80 425 191 924 -863 -646 873 815 913 -940 -907 -391 204 -202 -296 526 382 716 531 -14 -14 -622 516 815 616 -276 -276 407 -372 -864 233 -562 
967 -20 -154 972 972 890 426 -448 757 -921 -921 26 41 824 519 700 946 824 -911 156 802 570 756 607 -787 -122 -94 -108 673 -962 815 674 -155 66 930 569 949 -550 -628 990 484 166 844 -434 -434 810 826 -556 292 -693 857 47 -294 646 -63 448 231 -296 -296 -953 850 -843 -570 -19 -292 46 686 400 312 736 -135 -135 538 -962 -99 -310 -643 71 926 -321 156 643 958 -48 -48 -45 585 -871 -275 177 949 -365 -308 418 350 -878 507 -693 -887 -800 
-562 619 -566 -690 -324 765 765 -642 157 540 540 745 653 664 532 274 415 494 875 -280 942 942 758 841 865 2 -604 -694 -924 -508 -60 -608 434 68 -656 -368 -368 906 -529 598 -100 -480 179 -542 -950 350 -115 101 507 101 -546 590 244 -905 -418 -905 -59 -418 -761 711 -165 465 -41 356 -110 -110 -274 -226 813 573 -219 -428 647 306 675 -310 -762 -188 -75 410 717 495 2 2 -423 321 -702 70 70 664 387 -428 -855 0 -166 -574 -636 752 -976 -180 
-159 -340 398 -467 242 -731 27 440 708 -841 10 -406 -424 -144 194 535 -665 -265 -63 309 586 10 226 982 -761 -703 930 -566 987 -370 -483 619 553 597 -267 -188 -558 -866 942 6 204 413 921 524 -909 967 -481 664 -989 457 -574 -461 829 -177 262 -775 -237 916 759 185 -659 185 64 937 150 150 498 597 -263 837 597 109 791 80 836 -920 247 73 -21 -206 -509 -627 -779 705 -1000 259 -650 30 760 570 -57 99 740 -710 -536 -677 741 -562 673 441 
-897 247 -938 626 92 409 -825 -968 871 -219 180 822 -896 639 -604 -940 -133 174 231 908 -104 747 -111 488 -629 416 555 -254 914 -336 354 497 716 -693 -413 473 -49 -950 881 324 -865 -223 834 -117 717 127 754 335 152 -307 853 632 -738 -738 735 -302 -750 -852 -348 -589 462 607 733 -559 440 426 -920 -339 -171 -703 285 -974 -997 -239 564 -56 490 282 501 -649 -218 -227 -407 948 -516 -151 436 -797 -649 427 771 306 -674 118 456 29 667 -269 178 -59 
-268 468 -195 282 -853 247 -136 -425 -527 -73 -592 -601 -479 382 -127 -714 -970 786 -254 -52 -809 885 -167 -734 -498 674 -174 -174 -941 701 935 -539 336 6 -375 -325 920 904 736 -103 -819 -346 731 -982 -493 498 -310 -213 -494 540 -7 871 -353 793 630 305 289 761 713 954 -12 -363 303 -997 683 909 310 -996 77 -732 -732 10 -42 -387 -680 -938 -143 572 -143 -537 -803 808 -512 -875 -596 -206 -837 -345 -676 724 -721 -467 607 572 -469 -503 -421 -963 682 -929 
-23 -560 -459 -84 -399 490 807 -586 625 66 613 -932 418 -230 -639 -823 -455 248 673 204 824 961 -451 335 -287 1000 482 223 -591 -671 87 923 114 63 873 -695 -263 359 -584 -641 -756 -878 -132 50 397 -688 881 -258 881 311 -85 646 850 909 903 -926 292 292 -251 171 171 -130 -421 869 152 859 998 -414 -630 -630 -123 -943 19 418 -366 -822 827 262 -118 -225 -74 -898 -722 -335 415 847 847 848 328 958 -209 -664 -943 -465 -856 90 430 900 -107 -523 
-744 296 -684 -354 -973 654 -448 -428 -381 -51 -558 -514 816 -205 -993 -581 102 -363 -81 -332 -145 -797 -826 -144 673 -662 828 -440 -279 751 461 -393 -947 150 -111 -537 -282 -485 356 -355 -567 -524 526 296 -393 -989 491 -39 750 167 -495 -495 -185 -75 182 -220 -793 423 160 332 -233 35 849 849 -607 -372 -730 931 155 -895 -352 618 659 -74 -74 -364 -567 -837 776 248 653 675 -544 -75 717 -513 -423 321 65 -702 633 387 -922 -166 696 -775 779 -676 -863 -863 
807 -977 322 661 -563 -478 877 -515 -959 -680 -680 -602 -784 104 -899 6 353 852 -758 806 269 269 520 378 -640 -971 -141 -348 -172 840 493 -63 604 979 -574 -351 907 -6 -779 355 3 -295 -228 -689 -574 287 885 -110 -110 -44 -641 965 -77 -83 -264 147 -83 821 500 -544 -264 320 -526 -242 -239 -483 -291 31 -311 -125 404 404 10 681 -822 434 188 786 536 -161 -547 -471 -421 -199 -539 -660 990 85 -760 720 -133 433 438 614 978 375 245 551 -490 478 
-90 442 -433 -317 -595 116 -103 -714 580 265 -979 -925 172 -828 709 546 -17 -765 -765 -312 -996 289 -57 -969 -631 4 -404 -484 666 672 -37 -726 450 516 -199 -267 796 267 660 974 -28 463 -473 -473 -749 -920 -430 -399 806 850 992 448 463 -555 818 -946 327 518 -166 -555 -56 -692 -10 832 826 43 797 797 812 -832 202 354 224 973 -839 998 -738 -198 911 -332 441 603 -857 -258 -816 50 139 -638 32 543 -265 -22 865 967 981 -282 -787 -695 627 967 
-599 -279 391 847 315 -672 957 385 813 -135 45 -334 -315 -307 153 977 -102 -188 -195 -815 -794 -738 -623 342 190 426 374 681 -958 -380 -963 160 -430 319 247 -766 -80 924 873 815 -907 -202 -296 204 531 -622 616 -276 -864 -562 -20 -154 890 -835 -753 140 867 824 -911 756 607 179 -50 -108 -29 673 234 234 815 -716 66 133 -628 569 844 -444 810 810 292 -693 -779 -294 594 448 231 648 392 -953 850 -570 527 46 -478 312 736 791 690 -99 311 -297 
958 570 -578 -617 -371 661 -365 418 422 355 -931 209 522 -324 -841 -642 325 794 790 846 532 850 494 942 758 -36 174 -211 -604 -694 -508 -656 -368 598 420 -480 619 -967 -116 507 -546 17 -418 -761 -165 -41 356 980 980 -428 -881 -310 -75 -139 321 664 0 -574 -809 -180 -42 494 494 -863 807 757 803 269 7 661 819 835 -563 479 -515 -680 -906 -36 -899 589 -758 806 821 -640 -971 -172 -563 259 442 493 -574 -351 -119 907 883 3 802 -825 287 -641 
965 -350 -264 63 392 86 -242 412 -239 -514 -483 -311 -125 -235 10 681 434 -34 -650 -171 62 536 422 -547 395 -892 162 -177 -212 315 375 -376 551 -490 133 478 -90 957 -317 793 -103 -979 -152 -334 -212 841 -17 -355 -356 -57 244 -631 -607 -484 462 -501 -37 -317 450 -379 110 -267 -347 660 -943 -789 -399 -97 -255 551 -953 -985 -553 -399 -27 -87 850 -568 972 463 315 288 818 327 -394 -851 703 -657 183 -446 -657 -470 233 130 -452 78 -321 739 -692 -92 
705 261 -360 209 812 -237 72 633 -199 354 973 249 998 -207 -738 251 -578 -642 157 911 595 -274 -471 -458 892 -605 -258 50 -599 32 95 -652 72 -22 -534 967 -333 640 -787 586 200 627 967 -599 -703 -319 -617 981 315 -710 -209 957 -644 813 -135 367 255 -315 -307 -530 -847 386 -102 -188 665 -815 -794 -738 416 389 -619 342 -189 426 764 120 681 -958 -140 -380 160 -443 435 -614 -508 -589 -541 327 -662 -352 -80 -20 998 -448 -317 -778 -753 -921 26 700 
991 519 991 519 -497 120 570 756 -586 931 -787 -122 -314 -108 236 674 589 676 66 -103 949 930 -550 453 484 -434 -444 -247 292 292 347 -957 471 594 648 -953 -843 748 527 -292 139 312 791 538 -927 -566 -824 -732 954 -643 793 -464 -297 -321 958 570 992 698 -45 -617 -275 177 410 661 338 108 -669 422 795 -750 -750 304 355 741 -931 -562 522 -950 954 -642 157 967 846 -302 850 -280 -347 -36 865 -255 -918 -642 -842 -733 717 -796 -769 951 -772 -461 
-262 704 327 -879 787 970 990 -531 326 -412 -180 -922 510 592 -167 213 -498 -710 830 416 -834 -968 -201 645 370 767 -659 -360 -865 -369 142 173 -648 -505 -598 -970 -461 -829 -829 -832 -444 816 238 227 -966 -414 -792 -295 704 -597 -211 -694 239 -191 -508 -33 -656 -397 -313 410 -480 458 -967 -116 -950 -115 507 -546 17 590 -59 -781 -996 -996 -761 711 937 -165 -41 356 61 775 -274 670 980 -938 -428 -43 647 -32 306 -310 -152 -762 262 717 -513 -226 321 65 
65 633 70 387 -645 0 446 -922 -574 -262 -775 -976 779 -586 779 -676 -863 494 -863 -15 -15 807 -977 -977 757 322 322 269 7 661 -808 819 835 -563 479 479 -804 -515 -680 625 -906 199 -36 199 104 520 -899 6 828 852 -130 806 269 520 821 378 -640 -971 -348 -141 -172 442 904 -494 493 604 406 -574 -60 882 438 228 49 49 -748 883 3 -295 -279 802 -689 896 -825 -849 287 -44 -641 -960 102 883 -77 821 961 500 -544 -264 728 849 86 423 
743 983 109 -239 206 -514 -851 -108 -311 -125 535 10 -418 -418 -542 434 -552 -69 -69 188 -52 345 -72 -442 786 62 377 -504 536 74 422 -161 -556 -471 395 -199 -892 -660 784 -177 -204 -717 -113 -409 438 -722 614 978 -860 -263 763 551 -490 467 133 -447 -90 957 -317 793 116 580 -901 -901 790 -189 -189 -152 -925 -390 -334 -828 -212 87 841 546 -17 -765 -996 289 -356 -57 -218 -969 -631 4 -247 -484 666 462 -684 824 -997 -514 -37 -871 -317 450 516 -199 
110 -267 -347 796 312 660 -943 -789 -399 463 -867 -867 -97 -749 -271 968 64 -430 -350 -953 -985 -914 -553 -974 -540 -399 820 -684 277 -87 853 850 -119 -66 -172 448 56 463 -388 315 -678 288 916 506 801 327 -335 -394 -573 -573 703 703 -247 20 -166 -817 315 -470 -573 233 130 -56 252 -321 -685 570 -692 -92 832 705 -10 -67 826 261 -360 275 -80 209 43 -402 -692 -692 -92 705 -10 826 -360 -80 209 -402 797 812 -237 -832 72 829 -199 633 -199 -199 
694 224 211 -839 249 136 -840 -840 -131 -131 384 -738 -447 251 -243 157 249 911 595 -274 -1000 441 -689 227 892 603 -857 -258 -97 139 -599 -317 -327 95 -889 -333 543 -142 -265 -22 -225 291 967 -534 981 981 967 -333 -512 361 -390 244 200 330 330 627 502 44 267 163 267 -599 -744 -703 -447 -447 -279 391 667 -871 -256 -710 -209 -209 -435 957 -644 813 615 229 -135 -238 133 367 363 -363 165 905 -315 143 -307 -97 -530 -847 153 386 866 689 -870 665 
-628 -774 -794 -64 -64 715 524 -619 -189 -854 -854 35 151 374 681 -94 -767 -937 -149 -958 -97 -380 560 160 -443 -1 -614 -97 -97 -508 -589 -307 388 702 -541 960 -90 327 -549 -662 -501 528 136 924 -651 -863 -314 -411 -646 873 747 449 -940 -907 -202 -475 -391 204 716 -14 -81 -595 461 175 482 815 848 10 -276 407 -144 -331 -864 233 -93 890 -754 757 -835 -317 898 -989 676 41 867 700 855 824 855 -911 -497 802 570 570 -918 -888 607 -139 179 -50 
-94 -444 -108 673 234 674 -708 589 676 -103 -489 133 949 -628 453 990 608 -653 -392 -85 812 -418 -382 -382 347 -790 -767 -779 47 842 -63 231 -599 -296 392 -774 850 -843 -136 -570 527 46 179 823 -486 -135 -135 2 -927 -962 -783 -824 -824 -862 954 -310 374 935 580 -464 -851 156 -857 -48 -168 -45 -871 -371 177 410 949 -365 -442 338 845 108 -308 -288 -669 -231 925 -878 755 755 507 304 946 -185 394 -931 -800 -562 418 531 -690 -324 954 714 157 -193 
325 794 790 745 918 664 -853 415 875 942 -347 -36 975 174 599 831 501 488 176 438 -774 493 -703 -881 752 680 178 -451 779 823 969 -808 272 93 -262 -216 -653 165 787 714 -938 -435 117 592 284 152 219 -505 592 871 42 -867 120 854 573 887 830 -513 -861 992 475 -201 -309 -480 694 -659 -683 752 900 -470 995 956 662 -98 5 103 118 -636 -197 693 919 522 110 205 176 -695 0 -437 -696 -527 -258 956 -995 994 767 911 58 689 -273 -206 
854 -229 801 -270 -964 -756 -818 -446 -262 -724 252 -593 -320 -546 -568 342 760 -894 30 -218 51 -747 -326 12 709 -678 447 -979 -947 282 24 -522 -176 -396 -208 -601 640 212 -628 -912 -780 -317 904 -413 321 -616 -718 965 136 832 14 -420 698 -431 829 990 -746 544 -572 -884 -369 171 164 348 -701 -921 -8 -926 277 646 449 348 -931 852 663 548 513 -994 157 796 -10 -452 970 -611 -385 -764 251 393 -881 408 782 686 811 903 237 788 -674 -610 568 647 
779 -295 637 -690 41 440 182 -889 -148 -362 -787 -149 762 -767 355 356 500 715 303 -132 -470 -690 781 724 -90 673 321 638 579 -204 -176 -393 -32 254 -867 -173 793 -809 -234 300 -487 -15 787 -323 623 -809 -603 116 -267 -582 497 -579 -962 573 321 -439 -897 -511 -696 820 -610 815 100 667 -662 63 683 -127 -224 551 391 44 -76 309 -984 421 26 -308 458 339 -935 -705 -339 282 -280 370 45 -956 310 -944 179 -233 -144 370 370 -956 -944 -233 -385 817 
850 -429 -466 283 231 320 211 277 780 -122 -840 -648 -350 901 972 155 517 -91 -740 -85 -140 496 116 -22 71 -886 484 -131 668 -471 398 287 -926 -224 55 93 691 -343 -664 -893 -961 379 860 316 740 -532 -963 -613 798 945 752 414 418 141 359 578 -109 -337 -721 444 -486 715 746 243 786 -912 -733 -813 42 -535 -15 36 309 814 -237 796 -639 372 706 -58 902 101 864 140 -178 19 487 -217 -95 -790 -628 221 541 -190 -267 727 -114 -572 -631 -746 
-180 645 -898 -990 -760 -609 -471 67 -999 -29 492 -192 240 -95 596 -880 -944 -428 -875 -373 -466 327 694 -417 -338 323 498 -524 955 788 -817 -242 732 -714 -536 -337 -199 145 821 745 264 35 -803 -47 869 -164 -529 137 -471 -412 -99 -219 872 873 -236 578 -256 270 -407 580 509 797 -106 -455 224 537 -124 901 -984 42 126 -783 412 970 202 -960 -92 949 653 934 974 -687 -458 -393 817 -730 845 -372 -246 66 678 -592 697 -250 -832 -446 -893 655 -820 342 
-60 85 -496 -679 -215 479 -789 -238 183 -514 -48 -576 -313 742 -516 -126 -174 135 -370 517 -944 -230 908 350 -779 -814 885 844 -661 -294 497 -204 -58 -575 -77 299 -477 745 280 -351 522 -197 -920 -671 318 -233 216 145 -923 160 -557 72 -294 -285 221 -730 136 -288 -113 844 960 -254 465 929 -889 405 899 -202 77 -525 -494 -849 -437 -775 936 573 -430 -553 223 -724 -335 102 -777 730 318 51 -910 -138 -569 874 -685 704 -767 101 -939 580 456 559 -361 290 
-623 -619 -458 -458 342 -189 45 151 374 -24 -767 431 -149 -958 -602 560 -948 -47 260 260 -508 -307 15 960 -549 -662 -352 528 425 191 -863 -863 -646 747 -985 815 -940 -475 526 382 -14 -595 516 -758 -758 815 616 -276 -144 -331 -372 -950 967 -229 -154 -764 -835 -317 -835 -753 140 -921 41 867 946 824 991 519 519 156 -406 756 756 -586 931 -139 179 -50 -94 -108 -962 -716 977 -155 676 -103 133 949 -550 569 968 -653 -434 -444 -247 -556 351 -957 857 -898 
448 -599 -774 850 748 -570 527 -19 686 -478 736 -135 -927 690 -824 427 -643 793 -297 -297 -92 570 992 698 -617 -871 -659 949 -442 108 -288 350 925 795 -750 507 946 -887 -931 209 418 -533 -841 714 157 540 967 846 664 -302 850 207 670 -347 -36 174 -255 -918 -655 514 -881 -627 717 779 951 969 -461 93 -882 704 327 787 -186 970 117 526 284 -740 219 510 -954 -167 213 854 -737 182 -219 416 -834 475 -819 370 767 941 603 -865 -86 693 142 -733 
217 -505 412 -461 522 289 -829 413 -154 222 -258 405 -746 855 767 911 704 608 863 234 373 768 -486 163 133 846 -353 -724 -793 -434 -870 -388 157 -108 291 48 514 -95 548 -52 453 -228 31 -207 -979 -200 131 24 629 401 341 -229 532 171 -894 516 -702 -514 899 768 -902 461 379 -811 698 -613 780 545 -668 477 -138 -12 -622 663 513 -869 869 -926 -127 -626 190 328 -848 -553 -994 157 -279 941 17 -611 -615 -621 -954 615 198 -643 714 -849 -377 943 
-946 -957 -424 -905 -599 686 99 -899 -545 -785 314 -148 -456 530 -184 -685 -226 739 450 -968 -754 -270 -690 211 -278 -366 142 -661 -196 14 -346 518 51 15 -335 -709 920 -272 -785 443 300 125 -15 787 -323 -110 565 -583 -446 -907 929 941 -287 600 -897 669 -479 499 -717 -848 -252 -655 -538 491 391 624 -912 -554 131 642 -726 605 -488 -11 -12 -489 -280 370 310 179 -177 -548 -466 -569 569 -144 -829 -830 363 182 -192 972 -268 610 -991 -85 -140 -557 726 -429 
301 -131 949 673 -505 -192 311 55 981 -343 -815 159 318 70 -136 -632 543 969 413 703 -124 -873 614 -721 7 519 -615 -379 746 654 284 -191 -813 535 45 -514 -203 482 796 -685 -671 -478 -317 157 -125 -176 -677 -311 -907 -95 700 -426 -272 -177 880 -787 -713 645 726 414 -358 700 -665 13 81 -41 -738 -740 -85 314 -24 -40 -341 -758 -771 789 151 -201 582 147 -663 498 961 308 -816 50 460 -805 -753 253 -35 486 863 -278 620 792 551 397 -535 -64 
-615 -623 -626 -36 245 327 846 11 33 -361 -584 -39 0 201 -300 197 178 385 -984 -234 -783 121 44 -394 982 -92 -729 55 906 -867 113 -393 -46 -599 -935 922 -466 413 -827 603 -648 -832 -682 -409 971 -649 301 -451 886 -184 415 951 447 -501 93 271 661 782 539 -232 918 599 -944 962 -70 -4 885 -239 333 -261 -609 -953 206 -624 -884 -12 320 -647 -847 -380 959 -469 -180 855 -670 -195 946 -674 136 -827 929 55 664 -246 -595 82 479 -447 -985 154 
-557 932 584 293 141 -438 318 -504 103 -151 -295 599 721 -273 -819 -684 -946 -342 438 -361 -335 -352 -983 -804 -41 196 72 -137 -649 -548 37 912 756 438 804 100 396 324 58 237 592 -729 -820 772 810 295 -232 -444 -313 760 61 -980 609 986 -695 -103 -692 -647 762 316 582 793 -297 -957 -746 -208 194 -523 657 -592 -107 189 -785 -301 -347 980 69 -746 -958 121 -549 385 -761 -937 -420 -397 713 -838 748 421 -844 174 494 48 270 725 466 -40 829 779 
218 607 -431 45 590 504 -242 -191 -772 -282 -977 -273 -976 -670 943 648 459 -408 -334 -622 -73 -256 -326 -380 848 702 -459 -467 -514 -893 -974 575 236 -220 228 -587 284 -385 252 -5 566 -450 674 -76 875 -687 887 191 -873 -361 633 531 -308 -812 -211 461 745 -174 -556 -987 -549 831 871 -713 -825 313 519 -219 -52 561 698 -339 628 -855 -390 -231 -729 813 451 -588 -941 135 197 -592 -775 -869 -724 -364 -386 -900 -838 -284 576 -561 -913 -137 -175 -672 -709 -251 
876 453 558 -365 891 853 199 473 850 9 295 -732 350 -457 888 302 -668 379 724 -594 -689 711 -90 84 535 -559 -898 -122 144 164 -888 553 443 487 900 -132 -641 482 -413 -247 -413 -79 359 532 633 313 -858 -868 388 -216 923 -155 802 -804 -590 533 581 -322 -154 71 -911 496 83 -956 723 -309 -245 994 -24 -545 480 -963 964 69 264 999 609 868 395 483 -907 -441 169 361 489 753 754 -662 -848 -944 235 -190 847 -706 -750 -222 374 439 86 654 
-582 -596 649 36 180 -281 662 -877 -304 580 -419 327 -583 902 717 -894 915 758 897 -489 414 255 -415 866 430 508 876 806 -282 374 -50 312 805 109 -591 476 -564 -822 -692 -549 -379 -252 529 -900 547 -681 677 449 72 -236 25 -238 -739 435 -754 -166 728 825 873 -468 568 484 -239 415 -975 875 -932 -489 -663 919 -187 -276 -124 -990 -785 -413 375 -652 -878 61 946 -942 800 -692 726 908 277 178 546 185 -622 169 503 438 692 -432 -295 445 -102 719 
158 54 -699 -742 473 460 -591 402 636 829 -210 -852 875 368 907 -832 776 -605 751 863 719 708 -23 948 -476 -335 657 -152 -311 866 -348 866 985 -805 -971 -937 -836 -625 638 35 -536 -875 -346 514 -540 226 562 -276 -472 190 935 882 324 -825 995 328 283 588 -579 835 932 -639 720 526 -216 190 -418 158 -963 384 -815 -937 -410 -109 468 -918 -217 868 563 790 -416 490 627 380 57 -130 -69 210 -826 357 -888 -887 784 876 698 651 666 -864 961 129 
283 261 -522 -783 970 -696 -959 741 -25 -204 -871 -22 68 325 -753 355 -401 -395 -108 -207 778 -363 -119 -545 -90 750 -790 24 -801 442 999 527 750 317 406 889 -975 198 -617 120 -906 -98 22 -736 632 654 727 398 -423 -817 351 402 -97 -822 -338 -516 -650 -223 -797 -548 -271 -506 376 331 695 897 741 515 -478 -756 -370 -51 14 -908 -679 781 -826 -522 -193 -136 -837 -811 88 -742 -939 -21 314 -640 109 768 -892 -459 -119 383 -888 -229 -903 -206 -722 -855 
273 343 -395 180 -763 -752 931 314 -233 143 -963 -285 -874 546 -573 -236 -43 459 135 -635 450 -878 769 726 549 394 418 52 877 -578 -112 -859 -152 669 -357 -838 -339 -887 842 304 256 14 -366 -995 -689 -723 -469 619 -177 -494 -802 -997 -37 -871 -704 411 -267 796 660 -789 337 463 -97 -749 968 -255 64 -430 -350 -974 806 -595 448 463 -555 -946 -946 518 945 -657 -555 130 606 -692 832 -67 261 812 -203 202 354 224 705 -594 -839 384 251 595 201 603 
-603 -258 50 -317 32 -652 -612 527 -265 -265 -22 -225 981 -282 -787 -695 44 163 -279 -617 -617 315 957 813 -238 133 -562 -334 -315 -307 960 977 -347 279 -815 865 -794 -738 -623 726 426 374 681 940 -940 -380 -616 319 -752 -766 -80 191 -651 747 -202 -296 204 382 531 616 -276 -372 -864 -562 -154 890 757 140 676 867 824 519 -911 156 756 -918 -888 179 -108 673 -962 234 815 674 66 -628 453 569 844 812 -247 810 292 -693 -779 857 -779 -294 448 648 
392 -953 -843 527 400 736 791 -962 -783 -566 954 71 -297 -851 958 -857 585 -871 -275 949 -442 418 -693 646 741 -562 619 531 -690 -324 954 157 794 846 532 -302 -174 -280 841 865 978 -211 -694 -508 68 -656 808 -368 384 -480 458 -950 -115 507 17 -418 -761 -165 -41 356 -226 980 647 -32 -310 410 -226 321 633 664 0 -922 -574 -809 -976 -586 -42 176 -863 807 803 7 819 -563 -515 -799 -906 199 -36 520 -899 -853 -646 -758 806 520 -640 -308 -563 259 
-494 -63 979 -574 -60 882 -119 49 3 802 -966 896 -825 885 -866 -960 -350 -420 -83 821 63 961 392 -264 849 412 301 206 -851 -108 -125 404 179 -542 434 -552 -69 188 345 -442 289 -504 536 74 -770 -790 -129 162 -133 736 -376 551 467 478 -90 793 265 -901 790 -925 -828 -212 87 841 -17 -312 -218 244 -607 462 -684 -501 -627 -37 -317 450 -704 411 -267 -347 267 -943 -28 -399 463 -97 -271 -550 -953 -553 -399 -27 -87 -261 992 316 -388 764 -555 288 
916 818 -361 -394 -657 -446 -166 -470 52 252 -384 -252 -1 -692 705 261 -360 209 43 797 812 -237 829 633 -199 338 973 249 -207 -738 -515 249 -274 441 379 -841 -603 -638 -24 -889 -333 594 -22 -534 -333 -282 -787 586 -658 200 502 -599 -744 -703 -180 391 981 -256 -710 -435 957 813 229 -135 -238 367 165 -315 -985 -530 -411 977 665 -628 -794 715 524 342 -189 374 -149 -958 -380 -443 -1 -614 -508 -589 -541 960 -90 -752 -662 183 -651 -314 -877 -646 747 913 
-940 -907 -202 -296 382 716 -14 -595 461 175 482 482 815 -262 10 -276 -144 -372 -372 274 -864 -562 -93 -20 972 426 757 -778 -835 -778 866 676 26 700 991 946 824 519 855 -911 -406 570 742 -888 607 -787 -50 -94 -108 -276 234 815 674 589 676 66 -489 -848 482 949 -550 569 990 712 166 -434 -85 810 -556 351 -790 -693 -294 646 231 -296 -774 -953 850 826 -570 527 -292 686 400 312 -486 791 538 -566 -824 -99 75 804 -310 -643 71 -464 -321 156 
570 -857 -168 698 -578 585 -871 -371 -659 410 214 -442 338 -221 108 -288 -669 418 422 925 -878 755 507 304 -693 646 741 -931 -431 619 -566 529 714 157 794 745 918 653 532 274 494 207 -347 841 865 550 204 493 -941 341 629 401 811 -355 212 -894 485 -317 -372 899 297 125 -103 -735 -417 -8 -981 -917 46 545 59 544 332 -884 177 -622 -216 -873 -604 869 842 -812 -626 348 -867 -848 139 128 -780 401 -121 17 634 -385 35 -51 -991 615 -394 714 
264 930 -827 -777 -402 568 -905 -295 637 163 -899 -276 -785 314 619 -456 -149 -827 -685 355 194 715 50 -354 935 -380 -573 142 693 321 14 159 105 -393 -195 -777 -173 -721 -809 266 75 -851 -15 -147 -455 126 623 -583 19 -446 -537 941 -287 600 278 -511 624 -748 815 -848 220 -655 -127 223 -881 -618 983 -792 -554 131 703 -585 605 458 780 -11 -705 -489 -280 -956 179 -719 850 -429 580 231 907 -829 452 363 13 -446 972 -268 378 438 -680 -140 -557 -525 
226 246 484 -131 215 -863 287 594 311 55 -514 -657 689 458 -893 893 302 -796 543 523 945 681 827 -873 -954 -109 -721 519 495 264 -379 654 -742 39 -733 431 -535 -15 -184 -752 358 186 -671 -473 -58 902 -125 518 -387 -208 -907 -957 -199 -624 928 432 -265 -114 318 983 403 150 43 726 -628 700 -665 440 -29 -738 169 -85 -922 -347 638 -875 548 151 -123 -627 147 -296 676 961 23 -816 -955 -714 963 -753 495 -35 521 264 -803 -47 397 274 -529 -63 
154 853 -393 511 245 -475 -407 580 -361 -254 -797 -455 537 -851 901 385 326 -449 44 -933 982 547 729 423 966 674 -867 863 -136 -882 528 -935 -466 -626 603 -940 -648 -398 153 -873 -820 301 465 886 949 -155 -85 447 -238 93 271 101 -982 321 918 -909 599 -944 908 -742 -4 175 -661 733 -717 -514 -728 39 265 206 -624 522 -12 -759 744 -847 145 124 -557 855 602 -670 -438 946 -455 350 929 -627 -65 148 534 371 -849 -22 -447 388 -714 154 -852 584 
-600 -777 -83 -992 538 -491 -151 -295 599 721 -273 126 -939 -811 438 687 -354 -335 -589 -298 -985 408 -774 -533 -877 -110 -455 30 349 -611 -336 127 -518 830 -923 -701 -411 362 -820 -75 -267 -64 922 -794 351 -741 -980 857 -1 -579 -809 345 -413 268 862 -966 -892 793 -384 -226 -111 -178 -809 -334 -760 -584 189 -785 -902 -422 196 -467 41 -115 234 689 -436 766 293 -178 599 -133 340 748 -355 -58 -197 -768 -792 -792 749 791 -320 769 881 519 -528 377 -467 722 
846 974 473 -525 628 -565 -769 -702 -494 169 621 -494 117 766 -73 -913 90 848 -187 -302 -33 81 -838 -21 -520 299 56 136 587 53 -425 -787 -834 -247 -335 -401 497 195 887 -733 -716 -222 787 569 -81 934 -668 387 791 786 -685 -574 876 933 -56 -786 727 925 -739 -986 197 888 -227 -470 -34 -165 -402 665 813 451 -880 -300 -93 -713 -775 834 -759 440 -900 82 -85 135 -710 -913 -137 -175 -500 305 -251 916 512 425 -897 -382 -13 805 903 -994 243 844 
401 579 -727 -304 -915 -388 379 724 -594 135 931 -936 -17 291 -992 -7 -877 205 649 12 698 227 -304 736 -36 541 482 -413 16 269 777 -651 990 -788 -719 -965 -639 540 455 780 390 44 -590 148 378 -263 -346 46 511 -926 466 -922 723 -478 -304 510 -474 728 -852 -831 964 350 494 886 -494 583 -239 560 569 -941 -731 -285 68 843 -356 -946 722 414 235 -449 -113 -61 -750 247 814 -984 8 654 -375 -92 987 274 -878 74 326 584 -923 -76 -65 -576 
