417 -418 139 793 -919 -813 -710 298 -292 353 182 532 948 -195 -387 -450 -687 -91 561 561 -387 -224 -959 345 618 -350 618 692 692 -173 575 427 -277 -187 -62 219 -85 743 -433 -252 -91 -589 -598 -33 32 -85 -85 617 379 -253 336 146 -349 -715 -515 -396 614 -539 -35 448 -586 -855 -855 -648 981 -800 505 331 82 415 -151 143 602 -300 321 828 -433 267 764 106 656 452 -595 570 533 -61 -61 -656 5 -656 -656 -463 576 -403 576 -463 774 7 -564 145 
-646 -853 219 -923 -172 -486 -447 -447 796 -451 991 991 -129 94 -860 -885 -885 920 720 82 -563 675 -660 -480 792 792 -319 -871 394 -418 482 -837 122 455 840 454 77 -161 -380 -693 408 -693 408 358 996 -590 -265 639 -395 398 -428 427 -523 668 745 -816 857 -274 697 205 -537 -138 286 -809 -809 674 -238 -184 -184 931 709 939 441 681 -909 -556 -391 -46 33 -278 -388 -847 78 -160 -160 -633 986 -4 -133 -4 -413 -255 -204 577 235 -554 -536 -975 -999 -940 
-447 359 -452 390 390 461 -908 488 194 -732 -732 -545 522 -472 276 276 310 -179 -449 63 404 134 -916 -348 -166 -507 412 -877 -411 977 943 67 67 472 689 235 -69 -332 657 714 -332 689 714 352 -108 431 660 660 -79 16 133 855 -560 -946 633 647 -626 -887 349 817 471 471 -823 -137 -419 -589 -537 793 486 486 950 12 80 727 524 -654 -654 795 685 266 -18 350 258 -455 194 -832 234 142 86 420 -357 115 737 142 -96 70 -96 399 -100 -175 
-136 -796 -796 -136 445 -581 -671 -272 140 -27 765 783 489 106 795 364 -459 500 540 75 992 -902 10 -395 -922 494 -208 54 66 149 436 -899 202 107 202 -929 -917 -615 453 -315 -988 70 -899 -899 911 564 -215 998 778 146 -607 -835 -835 841 841 239 769 -594 -546 -344 -879 -211 321 -926 -660 997 271 271 396 -147 511 511 -224 -113 -21 -424 -945 -78 957 778 -912 -127 432 -175 406 -39 -250 128 69 -58 -581 -11 347 491 -823 460 460 -152 91 747 
-275 476 99 -390 245 -821 369 369 -317 108 -837 333 -107 848 483 -292 -691 -878 899 -645 -372 211 211 -355 920 241 -105 235 -217 3 247 909 396 158 -432 -971 -103 732 -238 -557 585 263 -787 -880 718 -827 -405 972 -886 972 -97 -573 685 -462 679 922 132 618 -504 -504 -305 819 -317 290 -795 669 -649 -671 -353 -970 734 734 -149 884 884 -25 -157 -15 57 -491 289 -841 668 -789 -789 779 -316 -447 678 479 -889 -146 -146 355 -123 -369 723 -649 -124 -6 
-419 879 959 319 -21 -702 504 -687 -438 -17 687 300 -451 -213 210 949 828 497 744 -187 976 -432 -752 419 -12 -714 920 837 -560 -194 -23 888 888 -67 -736 -502 389 341 326 -909 -909 957 957 -814 -992 -677 -476 -476 620 -155 690 -59 -714 -726 200 607 -200 -468 -468 826 -998 -167 -167 -829 -642 -188 374 -111 566 -814 565 -126 -587 53 479 479 -99 -965 234 874 9 -912 713 -465 292 922 218 428 884 -31 -20 459 -482 394 -420 -864 336 53 336 -572 
299 17 -364 616 594 646 590 15 15 -485 -964 566 76 187 -927 -596 -425 -442 435 -242 819 -279 845 640 -410 -410 123 -348 -326 -869 -383 319 -383 -216 319 -902 309 -355 -154 865 -833 -654 -654 -973 -273 -363 394 156 156 853 778 296 -610 -269 -831 -844 -844 402 297 -559 937 -559 568 -823 -674 -706 -668 242 957 172 -410 432 432 -594 283 -322 -29 15 -903 824 422 809 -703 308 203 -678 -705 229 971 578 923 -307 989 -720 816 109 751 718 -870 511 
-717 -5 -924 465 468 723 -508 -886 220 -588 492 539 483 411 611 -794 -654 -533 -161 621 621 -404 174 944 474 774 -30 -842 -589 571 895 -163 149 149 -284 -409 -701 378 378 -866 139 7 940 998 320 201 766 535 -67 -296 -224 -224 -78 -78 866 772 -467 570 -77 921 -654 221 710 743 40 40 221 27 605 122 -813 -813 -784 52 -182 -387 -812 -237 -72 479 479 -733 927 426 851 -891 824 964 -474 -36 358 846 -9 -9 658 822 -584 409 -584 -87 
248 -198 -637 -89 -579 -579 979 -426 -371 -371 -484 -161 118 766 369 766 159 283 629 768 26 -663 144 848 -764 326 877 -535 987 -577 987 -616 602 -849 -215 -555 660 793 476 170 -282 -630 -697 777 -412 -170 551 -737 365 -85 -107 851 329 -220 252 -667 -124 246 -159 950 -804 962 962 314 -452 -639 -362 38 -426 -159 -952 -804 -976 -452 -639 -426 -1000 676 676 -244 644 -420 401 214 -651 -934 -956 -874 297 465 777 -724 918 -725 -725 -584 802 192 165 876 
-546 -546 -40 371 -282 -649 -881 816 -408 848 -665 766 -621 490 945 596 -930 -930 160 -930 -438 -329 -796 -365 131 131 836 690 -870 690 -240 876 72 984 -273 530 -344 -493 -493 -499 641 -622 -23 -259 -308 -308 987 -249 611 684 236 -831 186 832 859 832 859 314 -292 316 265 945 215 -984 -802 -984 975 -709 -278 345 -132 -199 -272 -272 -752 145 -594 496 -464 310 608 374 -715 -395 179 -247 446 -537 471 281 589 -299 695 -473 479 479 -847 686 686 258 
777 105 -81 -436 -525 -800 -525 531 221 -402 569 -415 -27 197 -963 618 160 438 -399 -399 -21 -721 -797 309 -897 685 -721 285 -510 -510 -766 -469 236 236 -637 857 857 492 598 857 -242 955 191 -398 -715 672 830 -88 -763 -914 960 -168 630 55 -356 737 -644 615 -35 -35 175 -753 -892 -753 393 -726 -130 906 -111 223 65 -264 373 783 373 639 -826 94 890 -328 -218 174 402 402 314 -869 -954 -765 111 894 369 -358 585 147 759 759 835 569 977 271 
461 -969 461 376 530 -969 -795 -823 -205 834 855 -548 636 986 -390 -60 499 -34 906 972 182 -304 234 569 -308 -191 -308 811 -981 -354 -217 -469 353 684 -465 77 -262 996 658 49 572 -735 583 63 -157 486 685 726 22 -524 -124 -641 -793 -793 595 989 397 918 -739 -753 -341 184 46 -936 -936 680 849 -905 -440 128 309 -371 -951 657 670 74 -511 758 -165 934 -59 -802 438 947 214 893 393 277 -762 -533 976 114 93 93 308 -989 -854 847 -946 105 
-628 -279 -628 -330 -981 -116 -439 736 -156 -207 -494 431 -65 -478 896 813 327 -235 -235 374 -880 529 391 -24 -79 -347 128 574 -233 -35 -113 812 971 -410 243 59 965 -910 -840 -133 -299 -283 427 427 -336 545 545 -588 852 308 -758 -126 -749 -118 390 -86 -292 353 -953 -482 386 173 -687 -687 89 -387 516 437 345 618 -202 -151 575 -277 497 -417 326 743 -433 623 -444 -444 521 -873 -826 -108 -276 416 -85 382 617 336 -320 -349 43 -877 -539 383 -948 852 
-446 -697 385 107 -768 331 363 -277 -472 679 453 453 763 685 546 793 -268 -433 106 656 -533 570 570 917 87 -821 -22 -821 -22 856 576 -30 -463 -646 -853 785 280 -172 -582 -497 302 -708 -289 94 -741 -835 649 675 983 -59 -320 394 497 696 -385 840 -721 299 755 761 358 408 944 247 -519 996 -681 -395 931 -428 -426 745 -816 -274 600 439 -371 79 -809 -809 70 550 -184 -789 -314 898 441 -180 -956 -391 -101 956 -688 6 -475 -876 -433 78 -160 -849 
986 -133 -133 234 241 -255 238 -449 -449 -694 -554 -41 -41 -849 591 390 230 -218 -639 554 630 -472 -179 63 -710 -869 -916 168 412 977 -752 -752 689 -69 714 990 689 -188 714 593 -789 343 -79 -773 16 743 -496 -560 -309 349 430 432 578 -165 -537 792 486 840 840 524 97 -855 583 -913 350 582 582 966 142 142 86 115 -96 382 -175 -136 -796 -725 -183 -272 648 783 -210 364 -521 992 -834 277 150 -208 464 -307 436 -181 -161 202 829 711 -759 453 
88 -988 -899 911 564 80 778 -559 -607 -152 -38 -38 -310 536 -879 -662 997 271 207 271 -416 654 -21 -424 -416 -245 236 236 -912 439 424 -832 -19 -58 333 333 -823 -152 915 747 989 850 -853 -734 -821 193 398 -711 -107 919 -921 -691 -691 -811 899 -645 391 -372 707 926 926 11 -217 3 247 429 790 116 -432 -971 -103 864 468 -673 272 -557 -557 646 -787 -377 569 -935 -129 972 204 698 -462 618 -504 618 -354 819 -744 290 -795 433 -649 -206 -970 -50 
-149 688 806 690 -15 -189 -841 -789 852 97 551 -316 -447 678 -794 758 -146 355 800 461 -697 419 -867 -6 501 468 589 -702 109 109 -55 -409 -519 744 210 744 744 497 976 -432 318 368 -793 -194 -248 622 341 389 341 708 -76 -590 -315 267 620 -419 -844 562 754 -79 -200 930 826 -569 -188 45 211 8 565 -324 -324 479 53 479 -99 670 874 396 -498 -525 739 583 428 -503 884 -31 -629 -365 459 481 -420 475 637 -846 832 18 -710 102 -815 436 
368 -289 -695 -802 5 362 245 -289 130 244 244 212 -694 -228 339 549 703 345 -523 -544 -749 -167 523 -438 712 712 -608 271 285 928 505 983 92 -256 855 -632 972 -777 416 -560 -688 -688 616 -845 590 244 -297 706 -485 490 76 922 -596 -442 -901 -242 819 -74 -417 -348 -869 -216 119 722 -154 166 -963 19 -293 394 -706 156 -55 475 296 -68 -478 -752 934 639 297 568 937 -823 -668 -674 242 -476 944 -410 111 111 283 -172 -939 -939 422 15 422 -703 
-703 -500 203 -705 422 -303 -678 75 -935 989 149 149 848 -445 718 -53 -5 694 432 -125 -125 468 -886 263 900 233 171 171 -688 139 228 399 514 514 454 474 -612 -217 -589 -163 -284 -262 378 6 6 794 320 535 535 -120 692 57 -79 373 570 188 799 548 40 -952 221 839 -220 122 -531 122 -618 680 -237 -733 -181 919 -891 824 -768 -345 -474 -317 -317 289 -387 -87 248 -604 -637 -601 -629 909 -674 -484 -40 -564 -564 209 802 629 -946 -370 630 -485 
144 -181 -918 448 150 -535 -535 -894 717 602 255 -956 660 476 373 335 -366 551 -170 767 655 655 242 -166 765 851 -379 -917 -683 252 -667 199 -639 -667 246 -952 314 -639 -1000 -569 896 -244 644 -420 200 373 401 67 -54 -651 857 471 -599 -220 818 -462 -724 -584 -725 -496 -785 -28 -43 876 983 -881 -344 -698 -698 387 942 358 640 809 -524 153 -852 423 -365 311 -597 -870 -597 544 984 -122 2 41 -493 -335 641 475 493 -23 441 919 919 693 898 -261 
216 -703 -953 -458 859 62 314 -292 -891 440 -802 567 -735 -400 365 -199 -752 -594 -464 -399 -47 -247 446 -118 88 471 -537 565 565 418 67 695 -473 -847 536 -952 -436 787 -436 -238 236 255 -736 337 -262 -27 539 67 334 -250 254 -797 -813 860 -797 -813 286 685 -584 975 -510 -469 -637 924 47 492 47 955 -398 703 672 -216 -204 435 960 500 55 -356 -253 615 246 175 -892 -820 160 -130 -111 -782 262 -417 -264 -372 -372 -843 -372 94 470 762 -218 -272 
-218 174 -3 326 794 115 312 -936 894 369 585 161 569 977 283 530 530 743 -454 273 881 855 -979 986 -8 -603 972 972 891 -106 -278 56 -354 -960 98 -608 855 -366 -322 939 722 -498 538 947 803 -765 -678 373 745 -157 726 685 -20 -641 41 -200 378 -554 397 -772 114 743 -854 847 -946 105 -902 294 -162 581 -430 111 -802 981 -760 -489 431 -862 -65 812 513 813 327 -997 -449 118 850 575 490 128 391 -233 -233 574 -113 -901 243 243 813 -910 
961 256 609 34 -336 -621 308 -800 -85 -370 73 -769 341 490 272 463 -223 -436 -211 -89 833 138 441 124 571 571 822 160 -591 -253 -313 183 756 -198 172 387 17 253 -206 -451 -151 -44 151 -262 -706 811 811 -540 -456 427 -343 761 -732 867 584 -275 -399 -566 -646 -97 0 -829 -186 474 474 -904 -215 -255 -761 966 488 488 -540 767 -906 -303 -422 -704 -20 -99 777 149 -559 -99 120 945 136 -375 -114 755 -615 687 529 207 -91 481 -91 -855 228 421 
-581 798 321 -300 -855 734 734 -527 130 -56 -706 -433 -271 -804 -634 -435 -15 84 35 643 867 60 35 -895 861 -496 57 -847 -506 -184 709 -780 323 -245 927 726 -630 696 867 867 139 -930 -652 -312 277 926 404 -874 -584 -626 760 -504 398 117 374 805 988 7 -179 376 -996 -643 -643 207 207 -315 -9 852 403 -646 -821 -406 -303 751 530 401 -75 -211 -903 401 -75 -211 986 -121 530 -768 -958 -903 -903 986 -453 58 399 504 -93 777 777 -236 682 -441 
-528 -156 -156 -242 572 -957 683 -458 -118 301 540 794 -75 571 -510 -138 -779 928 474 467 545 -384 -127 62 -213 363 -116 855 -467 -44 -360 328 328 -483 901 707 -933 228 303 -425 115 857 -657 -508 -294 885 909 970 791 162 -664 542 -918 45 196 -854 -544 -537 68 882 728 -337 857 -302 142 142 919 -751 689 142 -904 -413 -912 -18 304 107 664 180 -842 225 312 560 -973 -808 -387 -387 24 439 132 770 10 75 -366 552 389 473 -369 -20 -411 -343 
490 -115 -396 963 -24 -752 607 102 -813 -872 227 108 431 -917 -226 288 783 -737 -320 -882 473 -615 600 865 -640 -640 435 -847 351 907 -5 35 -580 528 -483 -161 -961 -885 912 -8 657 -108 176 163 327 327 -567 -154 639 134 134 -185 716 -701 535 535 814 562 437 813 387 -697 756 -115 -961 254 -993 -140 258 477 924 -757 272 -612 -952 -229 -712 879 104 188 -964 -202 -717 -771 -870 -536 883 -18 -659 -659 362 131 248 -495 -74 -460 -160 504 -677 -86 
-86 -586 -886 695 695 363 838 -752 746 537 547 508 -40 -998 32 -7 737 433 -175 138 794 862 470 -101 54 -493 211 -868 -868 504 -353 144 -130 478 350 350 -78 -947 598 893 -282 356 -236 -653 -844 -693 -965 654 -772 -583 -583 485 -290 -952 608 -257 -674 -305 17 855 -623 266 -169 -281 233 554 -850 296 -62 133 -441 397 90 -187 4 454 537 987 70 -96 -96 -938 -496 -753 939 504 23 775 -60 -662 -561 -500 -721 -895 -241 82 604 740 -514 741 
540 -292 219 679 173 41 -760 -621 189 -19 136 -218 -385 541 415 730 -620 276 339 -27 -222 241 203 218 -558 995 -279 -588 -822 -397 -712 744 584 967 -196 -543 980 636 393 937 -646 -167 946 -756 -404 112 381 -606 363 464 -795 -86 -871 -880 446 773 773 -249 193 -714 -546 914 914 -266 368 -991 730 749 -609 -272 573 -805 204 565 99 99 -898 -108 -912 -453 381 -327 -751 11 -456 -456 -795 903 330 832 534 534 6 531 -84 693 -794 -489 98 -1 
-1 -344 833 -472 385 385 -876 -741 -378 228 33 -91 -91 764 417 529 705 -318 648 543 649 -608 -383 -31 -444 331 600 721 867 -969 -907 725 132 773 446 -384 -625 85 291 -781 -35 -388 -661 276 276 632 437 -495 -256 308 703 -589 -852 -743 -689 283 -727 -778 -515 865 -283 616 461 131 131 -984 896 -69 586 -728 -461 -450 52 147 13 -834 -834 -853 -940 -747 -100 653 366 976 268 682 -384 325 861 -78 -870 940 748 -683 304 643 474 894 25 -217 
-253 -965 -602 119 -696 964 136 -9 -395 -954 -372 -689 -515 -709 -57 269 -789 -205 -252 151 961 389 389 583 -958 -122 833 77 -71 -278 933 -610 -885 321 116 -261 -412 -268 723 723 -209 -209 159 -598 -819 -410 -963 -928 307 182 634 587 796 796 -552 -809 -35 154 958 604 948 -966 -604 572 -904 530 -914 -721 913 677 -305 -210 617 -193 -742 534 655 -620 750 -781 952 -522 -628 -590 -126 -509 951 -310 -348 -673 -692 -791 576 236 111 67 179 867 -441 -379 
36 -806 -806 694 882 632 35 -431 642 -190 -527 335 -738 27 198 -461 -461 951 -326 345 976 44 540 -265 726 -384 182 353 -393 823 43 412 157 -681 -99 291 -375 490 588 -665 275 157 -99 291 490 -665 275 952 114 630 -450 313 369 -572 -184 657 -229 -412 -74 11 -930 -963 -349 -170 -170 -220 -825 -44 -873 -182 304 -518 -304 638 457 -190 586 486 330 -849 674 -969 -969 -621 756 -929 641 -166 289 71 441 608 373 700 858 858 -733 -967 -140 836 
415 -369 -321 -481 -923 -444 -444 179 -35 -799 657 -723 964 739 -561 -616 223 -934 400 667 860 -983 956 -465 -248 -505 -376 843 -696 837 -508 -994 480 891 -499 -456 546 720 -914 70 561 -343 533 216 -670 -178 108 -852 431 249 -409 161 327 359 -663 -857 -644 -591 -631 -374 -577 297 723 688 -319 731 -80 -766 -375 518 -905 812 -521 -402 421 -56 70 -392 999 625 659 112 883 -167 -131 -861 862 -653 -344 -243 -234 -758 -965 848 -613 692 -46 -117 899 60 
-875 606 -846 86 603 -868 -356 -240 611 473 813 -729 307 -822 -919 689 -527 -90 330 -229 -728 -82 -922 -83 -197 68 -566 846 513 -685 945 801 252 832 762 551 724 -644 -897 -573 224 -95 321 614 -73 -643 -102 951 78 -591 155 975 -342 658 -441 -221 -666 -469 855 -630 965 351 -326 260 -307 417 448 -143 620 -6 905 758 764 -743 422 630 915 -10 240 708 -79 491 791 490 -974 -403 -895 604 -650 530 378 -744 -131 -542 592 -688 -884 579 862 -365 
894 -641 -44 118 397 -598 -478 716 -495 -568 -221 630 -523 -882 782 -999 706 163 -753 -250 81 65 -142 320 509 -192 -115 -642 -289 -563 -72 -30 -691 144 919 853 -707 -743 209 -428 -363 -35 587 518 103 -268 -561 -104 -539 977 -91 -977 901 -831 334 -568 -422 340 382 -571 660 -262 -490 316 41 -1 -743 -337 709 839 -155 -92 36 -901 -967 599 -14 831 581 -594 108 73 -274 -864 489 -389 125 992 -808 -150 909 -223 4 -551 340 -665 191 -839 -727 -1000 
309 617 -374 255 -681 -961 116 -816 276 956 241 596 423 -659 93 985 -233 222 577 -199 -788 -783 -627 -873 -534 -410 434 -698 -453 -153 971 68 562 -238 -441 -410 -313 761 633 30 -344 944 -477 -394 108 -403 145 449 -348 -724 145 958 -255 -450 -632 705 609 -120 -223 563 -467 -417 349 404 179 -471 -537 251 -583 -348 -354 -967 -310 890 466 -802 -21 -954 -295 875 492 700 261 -839 -58 -506 17 24 -505 -823 296 -174 852 938 -94 458 -524 161 532 -752 
479 104 845 857 -56 802 903 328 703 348 -689 418 605 -972 881 -905 -279 355 -539 69 -745 664 795 -448 950 156 0 -77 291 450 -523 -869 -244 -96 -803 615 -828 -999 540 -324 571 -313 646 -144 -945 348 -131 -51 449 478 689 40 -623 -409 516 693 59 -89 984 -581 -250 -352 152 831 381 895 -55 231 -101 -533 -365 -143 477 740 896 -516 894 -480 -11 -377 102 -195 574 -717 -370 -526 130 -838 361 -14 456 -643 646 -568 -416 -389 572 -148 -89 -240 
860 97 -308 -884 -519 -961 -239 -352 662 -108 -442 966 907 -953 -697 688 742 -687 -407 92 152 545 382 532 -557 -568 -693 620 -394 -891 1 -253 -879 926 -5 519 597 -167 816 -570 -54 -169 736 -149 -506 927 -935 -590 -945 622 902 631 789 -437 925 680 -938 943 -559 -62 -236 -313 -893 -64 -367 101 283 186 869 26 -712 694 702 -340 915 987 -308 43 352 -837 -665 -592 -380 107 85 635 362 -601 -178 933 720 -786 200 943 126 -619 494 195 -873 493 
-301 -596 -812 -194 621 -787 562 717 570 20 876 360 582 27 -993 867 284 167 949 -104 777 544 -299 296 -802 -38 -156 -854 -341 977 684 -822 -23 -156 -674 590 -390 -536 -693 -343 715 -692 -807 -754 -347 274 -555 -454 -698 -829 680 139 -126 -749 -898 390 -94 -569 -15 353 -15 827 118 -482 -482 -433 173 173 -450 -91 516 -91 516 516 635 635 787 873 -715 806 806 618 -202 -244 -816 575 427 -954 -954 -369 126 -462 -594 721 173 743 623 -444 623 -252 
-850 -598 28 -873 -108 -275 494 494 617 617 379 -368 336 80 -349 -110 -110 -396 -515 -361 -958 301 -35 -948 11 11 836 852 -446 -446 -602 -697 385 505 107 905 331 -472 143 763 453 -40 490 321 793 764 572 -433 -268 764 91 -608 -616 -595 452 -595 917 570 945 87 -61 -403 -22 856 856 -656 856 856 -463 576 -30 -30 -89 -564 -646 145 -315 -315 -315 -853 1000 -902 302 -497 671 305 913 -129 94 -16 720 -741 920 82 82 675 -685 -320 394 729 
729 634 634 -684 683 455 840 -282 -811 -188 299 -380 683 755 761 408 598 247 -265 996 -590 -519 656 931 -789 -35 -428 -35 427 668 396 -949 -949 857 -568 664 697 -138 79 286 565 -809 588 550 550 -184 502 939 441 441 -889 486 34 -688 33 -101 -46 6 -263 -852 802 769 -108 -863 -574 -849 986 -127 -4 959 -413 238 -686 577 -694 -554 -514 -939 -451 884 -675 -452 973 -155 230 461 -121 -269 554 587 587 587 269 -472 276 872 -449 -710 -643 539 
539 223 -916 -166 168 4 412 602 602 -860 977 381 -36 -36 472 689 689 235 689 714 -655 -655 -188 734 352 -108 270 270 560 -618 133 -946 633 -560 -496 808 -887 349 349 349 817 432 432 -46 829 802 338 793 578 -500 -164 -887 -771 185 795 68 -747 -855 218 218 -455 966 -832 -832 263 154 301 115 -169 142 -642 399 -642 -100 -136 934 -796 -796 -892 -996 934 -796 -892 -725 -725 -996 -996 -567 33 33 -272 -486 215 913 765 251 341 795 876 540 
-981 992 -902 482 494 -228 879 -307 436 -181 202 202 -181 107 -161 967 202 892 -724 -759 453 -315 -988 70 70 -71 -987 -215 996 146 -607 841 769 239 -594 -546 536 -310 -956 -926 271 207 207 271 -149 396 -416 654 -224 -21 -424 -974 -794 -245 -127 432 827 432 827 -757 -39 -832 -273 -432 -58 -912 25 -823 347 491 -692 -88 91 -88 747 102 427 521 989 -853 245 -821 369 -647 193 -89 398 -418 -711 -503 -107 -944 12 12 12 -878 -645 391 -372 -347 
920 -281 -217 955 3 909 247 323 116 -432 686 -103 732 864 732 -34 -673 -785 570 -2 -217 -806 -653 -655 569 569 609 -935 -129 575 -20 972 204 -97 528 685 132 -354 132 618 -354 819 765 -357 -357 433 -88 -671 -970 -50 688 -435 -15 -462 -491 97 299 677 -789 674 84 852 97 -316 -316 453 233 678 758 758 -146 357 -685 410 -697 -510 340 -6 879 388 525 319 -702 589 -702 504 -687 -958 -17 -547 952 300 -409 -451 210 828 497 828 800 525 
-669 -432 -130 -461 356 -24 -714 -793 -194 961 -248 -67 -986 -363 -726 326 708 413 413 -547 -547 -590 -590 352 -476 620 620 750 -509 847 -419 -726 646 590 754 -79 -196 -196 -730 826 86 -829 -829 -569 -85 891 45 -111 345 -814 -324 -126 53 -587 -99 -965 234 396 9 -498 292 739 -465 -474 946 946 428 782 427 815 -83 -31 -20 671 394 353 349 349 430 832 637 53 53 18 -710 390 -540 -859 436 787 -695 -802 5 362 -289 900 130 -750 -708 -694 
-152 -129 -121 703 -269 410 584 -800 958 -946 64 523 -872 -786 712 199 -677 271 -123 -340 33 566 -814 -413 -256 -187 298 725 299 17 -560 -364 680 616 -917 534 646 -297 706 124 15 -485 -841 490 -841 -964 76 -97 -113 -596 826 -982 435 -242 -101 -279 -377 -417 766 123 -348 -988 -326 -326 860 689 119 689 319 -628 -275 -355 269 269 -963 650 -752 -22 84 -19 -19 949 307 -321 307 -269 370 370 138 934 639 -456 572 -559 572 -717 -706 -823 -706 793 
242 -476 957 944 876 7 283 -322 -172 -956 -29 -496 -988 422 -393 -393 -393 -612 18 203 229 971 229 -303 422 -582 -582 466 989 171 118 -720 149 458 244 751 -784 -5 -924 15 465 320 468 -508 -772 220 -671 -671 710 653 641 377 315 -897 171 629 -964 399 -161 873 -285 -630 -630 474 -842 571 436 -163 -284 -262 -701 -866 378 139 -48 -242 -213 925 201 320 766 535 -296 692 -120 514 -481 -467 305 -487 -306 -581 -654 429 548 221 111 722 994 714 
525 6 839 -220 -899 -531 -618 533 113 -134 -330 -237 -119 -733 927 -181 919 -981 426 -891 824 -228 -36 -36 -3 358 -3 289 658 89 -87 317 -387 -87 409 420 -551 481 101 -426 -371 979 -371 118 209 766 766 369 761 629 -946 26 559 985 -506 857 239 326 -918 877 448 -577 -894 987 990 174 -849 793 476 170 170 -346 -655 573 -428 133 -813 899 767 365 242 -895 -107 765 765 851 329 238 -569 -667 950 -804 314 -639 38 38 -1000 246 -952 962 
199 496 199 496 -477 -1000 -426 -569 -122 348 -244 644 -420 200 486 214 -651 -651 -475 818 -462 777 -724 51 -451 -725 -725 165 -221 247 -43 -616 833 -40 371 -438 -881 816 -408 76 387 -768 -269 905 -386 490 -534 -605 -756 -756 -519 -259 -751 423 -329 -796 -365 836 836 -870 72 -172 530 -735 -835 852 23 475 493 223 441 36 -337 176 611 331 2 -421 -384 186 -458 859 314 -292 891 945 215 -802 975 -453 -278 930 -677 -199 424 -45 -883 -45 -883 -713 
145 796 -464 -816 179 374 -247 -118 414 111 -882 -537 399 237 399 145 -477 695 -473 847 847 536 439 686 439 25 777 -81 -238 -436 -238 -525 -800 818 531 255 479 95 -846 -601 -304 618 334 -250 254 885 309 286 -897 -399 885 -797 309 -813 237 685 -752 -584 975 -510 442 843 924 -242 955 598 -242 955 598 427 598 191 373 703 394 -45 -45 -88 230 -168 630 -571 55 -253 -356 217 -35 119 119 -753 -892 160 -130 454 -111 -782 223 223 498 -331 
639 783 -372 783 94 -422 -328 -779 -328 762 70 -3 326 -869 918 -954 111 369 894 -850 -358 -636 454 120 161 835 271 376 -925 376 -925 -454 -823 559 -458 -254 855 986 -60 -609 -603 -34 987 -197 972 -197 -975 -304 -191 891 569 -795 -981 -278 -61 -960 397 650 -149 855 -210 -322 77 -701 996 -152 658 803 803 -496 -412 -412 969 -157 -251 -574 -574 726 689 -120 -769 -641 626 -200 -91 -91 58 694 918 -772 -739 -753 552 -341 552 184 184 -85 -936 680 
102 -418 786 -919 390 -710 -292 353 -15 948 -387 -450 89 345 692 575 126 173 623 -252 -598 -108 -275 32 -85 382 336 -349 -715 -958 301 -586 -697 107 905 331 -341 143 685 321 267 764 106 -616 -595 -61 -22 -656 -656 576 774 -564 -646 -853 280 -172 -582 -708 94 -16 920 649 675 -660 384 -871 497 455 -380 -693 408 247 -265 -681 639 -265 -590 -395 398 -426 -523 -816 -568 697 205 79 -809 70 -184 931 939 -909 -688 956 6 -863 -847 78 -160 986 
-4 241 -255 577 -554 -514 -940 390 -218 -218 554 -545 872 63 539 -166 168 -799 602 -877 -36 689 -69 714 -188 734 -789 431 560 743 855 -887 430 471 -537 792 -500 -164 947 727 185 685 218 350 -832 420 -357 142 -96 70 -100 -136 -796 -725 256 -892 -725 445 33 -272 913 795 -459 500 75 -14 150 -228 66 436 -181 -181 202 107 -724 -917 -615 88 -988 564 641 146 -559 841 -152 -546 -310 -926 271 47 -21 -974 -236 432 -39 -832 -273 -581 491 91 
747 476 -367 245 -647 -837 -711 -503 -107 -944 -292 -878 -645 -372 -355 920 -712 -217 3 -717 790 116 -432 -103 864 -34 -785 -749 -653 330 -129 972 257 685 922 618 -354 819 -317 -357 290 433 -88 -206 -970 -50 734 806 -491 -841 677 -129 -789 97 -316 -889 -889 -146 -697 -649 419 -6 959 -702 300 -409 -519 828 949 800 -432 447 -714 920 -248 622 -726 326 -76 413 -814 125 267 620 -155 -526 -59 -844 200 607 930 -730 -998 -829 45 -814 -126 -587 -99 396 
-498 -525 -465 946 583 428 -503 884 -31 459 -482 481 -420 475 336 18 102 -815 368 -695 -802 5 362 245 -289 130 -750 -694 -152 -228 -765 22 -269 499 -550 -342 -946 64 523 -786 712 199 -94 -677 198 505 566 504 -256 -632 -184 -255 -560 -560 283 646 244 -485 566 -964 -97 -596 930 435 -74 -231 -417 123 -326 860 -628 -275 -355 865 -154 -752 -273 949 156 778 -610 -269 934 297 937 -717 -706 242 -476 944 283 -172 -956 -29 -496 422 203 578 989 -720 
751 -5 -924 465 723 -508 220 -588 377 -321 40 399 514 -217 -589 436 -163 149 149 -409 378 -866 -242 7 -213 766 -224 -224 -78 -424 305 -654 429 111 40 -412 -220 -813 -899 -784 -134 607 -237 479 -978 426 -345 -36 358 -9 822 -87 409 -637 -89 -601 -674 -674 983 -564 209 629 26 985 168 -918 150 717 -587 -956 476 476 -282 -813 767 -737 242 851 851 -683 -667 -952 199 -477 -426 626 -244 500 214 -54 -651 -934 -934 297 -220 818 465 -724 -451 -584 
-616 -40 -438 -881 816 -571 -31 -621 -386 809 596 423 -796 836 -870 690 530 -155 -493 23 292 493 -311 611 -831 -458 314 440 215 -802 791 -278 -677 321 -199 -883 -464 -816 148 179 -395 -247 471 -537 -473 -847 686 25 105 -81 -238 -800 -525 531 479 95 -963 -304 -672 438 -21 -813 -813 685 727 -584 -510 -469 843 47 598 191 -715 672 -204 960 630 55 -356 -356 615 119 -753 160 -130 -111 223 -264 639 94 -328 -218 174 -869 -869 794 -954 -936 111 894 
-850 -358 -636 585 161 835 283 376 530 -454 273 -205 986 -390 987 906 972 -304 -795 -354 397 -149 -210 -322 -701 996 658 49 907 -639 -157 486 726 -191 -641 378 694 -739 -815 -919 552 46 46 -936 -335 -905 481 526 549 -895 -951 657 74 -140 -165 23 -59 -802 947 -993 214 -747 -762 314 976 93 308 847 105 -330 -949 581 111 -494 431 -862 -478 -102 327 -235 529 128 391 -233 -35 -113 -223 -410 243 965 -133 -588 -283 814 427 -646 -653 -800 -370 73 
341 463 167 -697 512 833 -382 -618 619 -313 -872 -664 894 751 760 -206 -176 967 -51 151 599 955 -706 -540 863 338 -449 -630 53 -177 -399 -566 -646 -97 -829 468 -719 780 -250 -255 -772 -711 360 42 -235 -303 -412 822 841 777 260 -207 239 120 459 -954 -808 -865 -228 207 -91 481 -91 -214 -247 412 321 -871 734 -955 -710 -195 661 -706 -271 801 -592 826 511 84 -819 351 -541 867 60 -860 -583 57 200 939 553 -698 -878 323 -245 -104 -876 159 325 867 
-609 -62 -961 -652 -312 -69 479 -584 248 -626 109 -504 -395 -485 -390 -996 -220 884 -866 -896 -858 852 36 -917 -303 751 -768 -958 -903 986 -453 58 -421 122 -457 989 682 -441 191 683 -120 -458 87 -982 301 540 794 -71 -75 571 -510 -779 474 938 -597 62 -406 363 855 -467 -85 -360 -898 -987 955 -910 -512 -757 -451 857 456 -508 885 -724 791 -918 45 -522 41 268 944 -537 68 882 -880 220 -302 494 919 -456 -713 -413 -829 -18 107 725 872 823 225 312 
323 -136 620 187 254 680 10 -338 -366 733 644 -369 -531 -467 -343 -846 862 -388 -546 -705 916 573 -396 -24 -54 -752 176 -260 227 431 -917 -827 -320 551 600 -640 -847 -961 81 528 -312 -483 -961 474 -8 774 -54 639 -457 -584 716 -629 535 -442 387 264 -961 -381 254 -993 258 477 272 -952 -229 -897 104 -964 -717 -771 -910 -805 -999 -659 362 248 238 504 504 -86 138 -886 -62 -752 746 547 537 -40 32 609 138 279 499 -531 -92 -353 -130 478 -78 -947 
-526 -282 735 881 -115 -844 -965 654 -772 -569 -450 -952 -257 -674 17 17 -623 488 -516 133 397 90 -234 454 451 70 -96 -125 -49 -734 23 -60 -662 -561 -291 -500 -706 839 -764 -294 -585 -791 540 -292 227 570 913 41 633 -21 692 -19 136 -218 19 866 125 869 -620 802 393 873 -137 241 218 -558 995 -279 -588 -822 337 -712 -7 967 -196 -543 475 -999 -809 702 -197 -261 924 -404 112 142 -864 464 -86 489 160 157 193 336 -546 914 368 230 730 749 
-870 573 393 750 699 -898 955 -912 935 -327 -506 -988 -456 865 330 832 534 6 711 -794 -1 -525 787 425 -378 228 764 529 309 705 648 543 -864 -383 -582 867 -907 132 -25 85 291 431 -35 -661 -187 337 437 -256 -585 703 -852 -743 283 -727 -435 -453 461 -27 131 -577 444 -728 52 147 -853 877 -100 976 -384 127 -78 -870 -315 304 -747 474 595 25 -217 -814 945 -337 -682 -187 -689 -673 -709 -632 671 -205 781 583 -958 -48 -71 -859 690 116 -243 -412 
-268 522 -209 722 426 -928 307 587 796 154 51 948 572 -461 -721 -686 -725 -742 -521 655 750 -781 448 188 -782 -514 -509 951 481 339 -791 576 -58 -526 867 -441 -379 36 -788 882 35 642 -190 198 -570 879 209 198 951 -326 -802 -160 -160 676 893 739 963 -762 248 712 93 -468 308 -696 847 105 105 -279 -902 -330 -162 -116 -580 -439 736 633 -81 -335 -489 -760 -923 -65 -478 812 327 327 -235 623 542 314 -422 221 128 541 -233 -966 -233 574 919 -35 
-223 -223 925 -410 -851 965 -840 -840 -133 961 -588 427 34 -336 852 -653 -800 -802 709 -527 -674 344 -612 341 490 272 -182 283 -223 -234 -436 -603 394 -727 512 138 241 441 441 441 -749 -753 -753 -618 571 -618 538 160 619 -253 -811 54 105 183 682 756 -664 894 947 751 196 17 806 -336 584 -451 -176 375 -44 -51 612 612 151 -551 599 -706 356 -540 863 427 792 338 -793 -732 -503 761 53 -177 -275 331 331 -566 -646 -97 -242 587 -829 745 468 -450 
-719 474 -250 -653 -741 514 -255 -772 -711 -345 -99 11 767 42 209 650 -303 -150 -403 822 -395 -49 995 841 -885 777 149 -677 260 629 -475 571 571 -209 -91 136 406 -954 40 -114 -808 -578 -541 -156 529 529 207 -91 -284 -91 -214 341 -871 228 258 237 -431 -568 798 -581 321 -181 -871 278 734 734 -955 -710 -195 661 661 -706 -706 -562 -526 9 -271 -701 801 -804 -703 -477 -435 -15 511 84 651 251 235 -791 -318 60 60 -281 495 -860 861 -895 -583 -496 
121 57 -847 -281 -281 726 553 979 709 -878 -780 323 -245 103 -104 -876 459 159 -969 325 -609 -609 -930 -961 382 -312 -378 -711 -69 -711 -69 404 -874 647 -584 -437 74 -656 -656 760 398 867 429 696 -485 43 599 552 -996 -220 884 -866 -866 829 829 624 -858 852 265 -646 343 -985 -253 -435 -303 751 401 -162 -958 986 -453 58 530 401 -162 -75 -211 -211 -903 986 -121 58 480 -414 -1 -424 -457 -175 -59 853 682 437 -528 191 -242 -242 -366 -915 683 -73 
-120 -120 -458 704 -739 301 301 -629 540 -118 794 -71 -75 571 -68 -144 -829 928 -478 474 467 50 -648 -597 87 822 823 336 855 -655 -164 341 -85 -360 -373 -898 778 -987 653 707 810 -982 -910 -647 -512 -757 303 -242 -451 277 -191 857 553 456 282 785 -442 107 -724 -922 791 162 762 -918 -411 -799 -799 -522 -704 41 -854 268 944 -537 68 882 260 -337 220 -337 -302 -656 494 494 -554 919 574 -751 -456 141 -713 822 -413 669 -18 304 107 -335 664 -925 
780 -842 225 -533 560 -596 323 636 -136 351 24 439 620 187 132 -140 10 -842 -338 -366 64 857 245 588 588 -369 -467 -684 -343 -411 -411 -846 -812 862 -504 -848 -872 -388 -484 -118 916 217 -115 758 -874 -24 -752 -551 60 132 426 309 227 -274 7 123 -226 606 -163 783 -320 -920 336 962 600 551 551 435 507 -847 -961 907 -5 -724 744 528 106 -972 -483 -961 -194 474 59 -8 -108 -204 176 774 -73 448 -54 487 639 -457 -584 -584 716 -689 -629 267 
-442 121 562 437 387 204 -779 -961 -381 254 -993 16 853 924 -432 272 -612 -952 -714 -712 -434 104 -949 -584 -964 402 723 65 65 396 -405 851 -999 -659 131 248 120 120 146 233 620 -8 -8 -873 -86 -950 138 689 -886 695 -62 363 838 746 746 537 537 508 -40 177 -998 32 384 -911 -347 -346 279 763 345 949 -899 737 -92 -868 -353 144 504 144 986 852 478 -78 263 984 -526 598 -282 -282 669 881 -115 -251 72 -113 -965 654 -772 -569 -569 -450 
-290 -457 674 960 -305 -305 17 855 855 81 -623 -197 -281 488 233 554 -497 279 397 -441 -234 -234 414 454 537 653 451 -328 -32 -32 -938 -110 -412 381 -252 -864 432 464 -242 489 160 431 99 251 157 -835 -812 -812 486 914 -191 -191 -266 368 230 -991 422 -845 639 -870 -474 -539 817 817 750 699 350 350 -898 -912 -564 733 -123 198 -506 -988 -456 -17 903 865 865 330 832 534 6 711 -420 -794 -213 98 -357 -357 -419 -419 -398 -525 -470 787 425 -741 
-968 33 764 764 304 304 417 723 529 309 -220 -318 648 943 422 -215 -864 -858 -31 -951 -444 -145 721 -969 604 266 725 649 -646 446 -25 314 85 765 765 291 -721 -388 -786 -661 -187 20 437 -256 -585 703 -894 754 371 -743 -689 283 -496 -496 252 8 18 495 -371 -575 -27 -575 -984 -984 -101 -829 -69 -577 839 444 -728 963 -307 52 22 751 68 -853 -853 877 -747 -403 366 976 682 268 -384 127 195 -870 -870 748 -315 -131 304 -747 643 -226 595 25 
32 473 534 -965 119 945 -696 -337 136 -9 -954 -395 987 -337 -673 -515 -709 918 953 198 671 -252 -170 -298 781 389 -16 -655 -122 77 -869 739 220 220 -610 869 -885 116 -261 -412 -868 -691 522 522 -209 159 -393 159 5 -715 -481 426 -664 -598 307 182 634 -804 -628 -552 -552 -809 -654 154 513 604 51 455 -511 572 216 -835 -721 -785 913 -686 783 363 -585 -959 339 -177 -521 534 676 -638 750 -781 448 644 188 -782 -514 -421 951 481 518 -818 -791 236 
-607 -99 67 -526 56 179 -441 -379 36 694 694 882 35 -528 -528 642 642 684 198 335 879 501 840 840 951 345 976 240 -79 393 -842 91 -265 -10 -756 -393 474 -523 412 176 114 932 630 -199 369 -572 657 -552 -530 -54 -287 11 125 410 803 803 896 -170 -333 -905 -964 -964 -182 -182 304 -916 -304 657 638 -985 486 89 -695 -969 -621 -512 -929 108 -147 441 608 700 568 -849 858 -733 -326 841 414 195 581 286 141 -162 549 -923 100 100 -746 -159 
-799 526 -501 -270 409 -857 677 -242 -285 245 -934 860 -983 -465 -192 -192 868 837 837 843 -696 868 -994 645 480 -596 -198 -39 222 -914 -348 70 561 -343 18 854 216 -319 -664 -852 -546 911 917 161 716 -832 722 -620 395 -448 -765 -374 516 367 458 -432 634 -843 -633 861 82 506 210 812 -521 785 143 235 490 733 999 -77 134 883 962 -14 978 118 552 664 748 -243 691 -53 -184 -681 -266 339 -543 -181 -226 115 -88 -193 -862 86 -230 -868 -62 783 
-794 -352 792 655 63 -378 -725 -21 -90 422 -186 217 -677 144 684 -161 68 -75 -836 483 503 921 -167 180 254 382 -523 -644 531 224 439 592 -678 -73 -337 759 -154 446 344 -370 984 -55 -590 489 -469 563 -926 351 108 73 -671 -956 839 -6 -435 373 -949 242 -921 750 739 -10 481 160 -975 -644 791 -953 -24 -895 89 266 -808 -844 -432 209 -209 -521 -884 -443 1000 -123 -582 633 241 95 961 -598 40 -584 972 -568 -859 950 -698 -66 218 -197 -177 -77 
-859 -418 139 786 -963 -919 -94 353 948 106 -387 -450 -91 -91 345 806 618 -202 575 427 -85 173 -433 -252 -598 -108 416 382 336 -21 -349 -110 614 -958 448 -50 -586 852 -697 -800 505 905 363 143 685 321 267 106 -595 570 -61 856 -656 -656 576 -30 -564 -853 -759 -714 -464 -708 -129 -16 920 -563 649 983 -320 394 497 455 -380 -693 358 -265 656 -681 656 398 427 -426 745 -816 -568 697 -113 286 70 550 -184 -789 -122 898 -909 566 -688 6 -42 -847 
-849 986 -4 241 -255 577 -554 -939 -451 156 461 461 554 587 -472 276 -179 -1000 63 404 134 -166 -992 412 -877 602 977 943 -36 689 235 714 714 593 -789 343 -79 16 855 -954 -887 -171 -537 792 -500 950 185 685 266 -455 194 154 301 -357 -96 -96 -100 -126 -136 -892 445 256 -796 -725 445 -671 33 -272 913 795 540 75 992 -14 482 494 147 -307 -899 107 -181 -173 -724 -917 453 88 -987 641 -835 841 769 -546 -310 -926 -660 207 239 396 -416 480 
-21 -424 -974 -236 957 432 -39 424 -273 -581 491 -152 -88 747 521 850 245 369 54 -317 -837 -503 -107 -944 -292 -811 -645 -372 926 -217 247 429 -432 -103 -34 489 570 -749 -787 -653 718 330 877 -129 575 972 -97 257 -462 132 618 819 -795 -649 -50 688 806 -491 -189 -841 -129 97 -447 -889 -794 -146 -697 -649 419 -6 -419 959 -702 -438 300 -409 -451 -213 828 744 976 -432 -461 -714 -793 837 -248 888 622 -726 326 -76 -957 -814 267 620 -509 847 -59 -726 
-844 200 754 -79 -200 -730 826 307 -188 45 -111 -126 -587 479 -99 234 874 129 -582 -498 -465 922 583 428 -31 394 430 336 18 -710 -632 -770 -777 17 283 646 -297 706 244 -841 -964 -97 187 -442 435 -242 -74 -417 -157 123 -348 319 309 -752 -273 949 -380 -402 -269 934 297 568 -706 -476 88 944 432 283 -322 -172 -956 -29 -496 422 203 229 578 989 149 718 -5 -924 465 723 -508 -588 377 -897 171 40 399 944 474 -217 -163 149 -409 -866 139 -242 
-503 320 766 -296 -224 57 239 866 -467 305 -654 221 111 722 839 122 -813 -784 200 -134 -237 -119 -978 -981 -891 -36 -474 358 -317 -9 658 -87 409 -225 -89 101 -674 -371 -484 -161 369 629 26 325 -506 -764 -918 877 -577 448 -894 987 -616 -849 -956 793 476 -282 -524 -813 899 -737 -379 38 329 252 -667 -952 -976 496 -1000 698 626 -244 644 500 67 -651 -475 297 818 -462 918 -584 876 371 -881 -571 387 -621 490 -524 423 313 836 690 984 -155 -299 23 
493 441 285 -261 -831 -458 314 265 440 215 -802 -677 -199 -272 -752 -883 -464 -816 -395 -247 -882 471 -537 281 -537 695 686 439 105 -238 358 -525 -800 255 95 -963 618 258 -250 828 254 -21 309 685 -584 -510 843 -637 924 857 953 955 598 -398 672 -204 -914 -571 939 175 393 -130 -782 223 262 -264 639 94 -422 -328 890 174 -869 -954 894 -358 585 759 271 283 376 -454 559 855 986 987 906 972 234 -795 -354 -217 397 -149 -366 77 939 996 -152 538 
-639 -157 685 -200 378 -91 694 -739 114 308 -696 105 -949 581 6 -439 111 -681 -863 -612 -65 -478 812 -102 -235 542 128 391 -233 -113 -410 965 -910 961 814 427 -646 -653 822 -370 73 -436 -612 490 -322 -182 -223 -436 -697 108 138 943 124 571 160 619 708 -313 183 70 -664 894 467 760 -336 491 -176 375 -44 151 599 955 -540 -456 338 -732 53 -275 -556 -97 587 -829 745 474 -60 -761 -830 488 360 767 209 -303 822 -49 841 777 149 260 -475 36 
459 406 -954 91 -865 -228 -156 -284 -214 -247 228 237 -431 321 -871 734 -710 661 -271 -701 -804 -477 826 511 84 35 -318 60 989 -638 -583 -496 121 57 -281 -184 -878 -780 323 -245 -104 -876 696 -609 -961 -312 277 -69 -698 248 -656 398 -395 429 -485 43 552 -996 -643 23 829 624 -858 852 -646 343 -406 751 751 401 -162 -211 -453 187 -1 122 -12 989 -441 -528 191 -242 683 473 -118 -629 540 794 -751 -144 -286 -57 474 467 -648 604 -597 62 363 855 
-655 -44 -898 -483 955 810 -512 303 -425 -191 857 -508 -442 885 107 -922 791 -411 -522 -854 -544 68 260 220 -337 -302 142 -554 -751 -456 -53 -413 -18 107 664 228 780 -613 944 -291 -596 323 636 -387 24 439 132 254 687 -366 857 644 -531 -467 -343 563 -846 862 -388 -484 916 573 -115 887 -874 -24 814 -551 176 60 -260 744 227 7 -226 -827 -882 548 600 551 -847 907 81 -462 -580 528 730 -972 -161 512 -8 -108 176 -73 448 -154 -185 535 814 -442 
562 387 -961 254 -140 924 272 -612 -714 104 188 -584 -964 723 396 -805 -659 -495 238 146 -160 -8 504 -86 -886 695 363 746 547 -40 32 -808 433 -346 794 862 54 -531 -92 -868 144 986 478 984 893 881 -844 654 -583 485 -290 960 -305 17 855 -623 -281 233 554 -291 279 133 -441 -234 653 70 -32 -938 -646 274 -197 -928 644 112 381 142 -864 464 -242 489 431 251 -249 336 -714 -191 230 422 -609 -515 -539 565 99 955 935 198 -751 -988 -456 903 
330 534 6 -84 -794 98 -344 211 -525 974 425 33 764 529 705 648 -215 -864 -858 -31 -444 249 721 867 -907 132 446 85 -23 431 -187 437 -256 703 -852 371 -727 -515 -453 495 461 131 -829 -69 376 772 -728 52 68 -834 -853 -940 -403 366 -384 325 861 -78 -870 748 304 -226 894 -217 -253 -965 -814 119 136 204 -689 -709 953 671 -252 961 781 389 -958 -122 77 -859 -610 869 -243 -412 -868 339 522 -209 159 722 -715 426 926 307 587 -628 -809 154 
958 948 -511 -904 216 -721 -686 -305 -725 -742 534 260 283 188 -782 951 339 576 67 -526 -379 -906 694 882 35 -431 -190 -738 501 198 -461 951 345 -290 754 906 -842 726 -131 353 -225 -393 -550 -747 412 -681 -99 -375 588 275 114 -665 319 630 313 369 -572 -184 -552 -608 11 125 125 -963 803 896 -170 -905 -44 -873 -182 304 -518 -916 -304 657 638 -985 400 486 330 -48 -695 -969 -621 756 -929 108 -999 -147 -370 441 608 373 700 568 -849 858 -733 -733 
-13 -478 -845 195 581 -614 -260 -481 421 -923 100 179 -799 526 -166 -723 -270 -857 739 -242 946 223 245 -934 684 860 -983 -465 -248 -500 -500 -376 520 520 843 868 280 -994 480 -535 954 877 -566 -914 70 561 -343 18 854 216 -758 786 -963 -504 390 -86 -443 353 -15 948 -387 386 -450 89 -91 561 516 -556 952 -350 -244 -151 116 -550 -417 307 173 743 623 -444 521 682 385 -276 416 -85 382 688 336 653 43 -877 -396 -539 301 193 -855 -697 385 505 
-768 905 363 -341 52 640 143 453 763 -300 546 793 572 828 -268 106 -608 -533 452 570 917 -624 -61 5 -821 856 -403 576 -30 145 -853 219 -759 -172 -582 -582 462 -42 305 -289 94 -741 -835 -563 675 997 -59 415 -871 394 497 696 455 -282 -721 755 598 -7 598 247 996 639 -681 656 -395 398 427 -426 396 -816 664 697 -371 -537 286 -809 565 -238 -184 -789 939 898 -180 -722 -956 566 -101 34 -688 -263 606 769 -433 -160 -749 -127 -133 -4 167 -413 
-255 238 235 183 -554 -536 -536 -77 -849 359 -155 461 230 230 -256 -732 -472 276 310 63 -710 -869 -166 -992 602 678 381 472 265 -69 -69 -655 714 657 -916 734 -789 -108 -79 270 -773 133 -894 647 633 -309 430 349 430 471 1 529 -537 792 -500 726 840 524 68 685 583 -913 582 258 966 263 301 142 420 86 -357 142 -642 -821 -175 -136 -892 445 -183 -272 913 765 251 364 -18 540 -834 10 992 150 494 -208 464 436 -899 -161 107 829 -917 -759 
-828 -315 -988 -71 564 641 -835 -607 841 -38 -594 536 -310 -662 997 997 997 271 271 -416 511 -695 811 -424 -416 236 -175 406 -912 -39 -832 -19 69 -58 -581 333 -489 -152 915 747 850 99 245 -821 369 54 -317 352 524 -503 -107 919 -944 -921 -292 -691 899 -462 -462 211 926 -712 -217 3 3 429 932 158 -432 611 864 468 489 -785 -557 -860 293 -806 718 330 -935 -129 972 204 685 -462 618 132 618 -504 819 470 -357 -795 -649 -527 -50 734 884 -15 
299 -189 -789 65 852 551 551 -447 802 233 -794 -146 -965 800 -697 -636 419 -867 -764 -419 -192 468 -21 504 109 -55 -409 -519 210 -777 828 -777 949 800 -187 -291 368 837 -194 -985 888 -110 389 326 -76 -814 125 267 620 847 -59 649 -844 562 -79 -79 -196 278 -998 -569 891 45 211 -111 8 565 -126 -126 -99 53 -99 670 874 396 -498 -465 218 583 428 -20 -83 -20 -365 671 349 -864 430 336 -846 -351 390 -632 -991 299 -560 -688 616 646 -297 706 
-308 706 124 490 922 144 -982 435 819 -74 -343 766 -326 381 381 -216 -628 309 -154 -963 19 -293 949 -706 156 296 475 475 -269 -752 -542 -844 251 572 937 154 -823 -706 242 957 -410 432 111 -322 -939 -988 422 -903 809 809 290 210 -705 -303 422 -303 75 485 901 171 149 -445 718 853 -924 432 -125 -125 320 -508 -772 -886 220 900 -634 -897 171 -324 -367 228 -353 399 -161 -717 -285 474 937 571 746 149 -262 -409 378 -242 6 6 -421 -584 535 -67 
692 57 239 -79 -467 188 593 -654 429 722 99 286 27 839 122 -813 -618 -784 680 -955 -237 530 -181 -978 851 824 824 -768 -36 846 358 -317 -9 317 89 409 -604 -551 -629 -674 983 -484 -161 -564 -113 766 -130 629 385 630 985 325 -181 849 877 -577 -535 -894 150 987 -616 739 -215 -555 793 476 808 -826 335 691 -170 655 655 -166 310 -107 -379 38 329 -683 -569 -667 496 -362 -667 950 -952 314 496 -477 -426 -569 896 644 373 373 586 67 -934 -599 
-220 -220 917 -724 -725 -785 140 -616 876 983 -881 -344 -698 848 942 -471 -386 490 550 596 -495 -733 -365 311 690 311 -597 -238 984 -122 476 41 852 23 292 493 223 -35 -311 -311 -41 898 611 899 -703 -384 186 859 859 314 -292 -891 440 215 -802 791 -278 -735 -677 321 -199 -752 -594 -464 -500 -676 -47 -247 88 -118 -882 471 565 418 418 -549 67 -473 -473 536 686 -952 777 -238 -436 358 236 255 -402 -262 95 -963 539 67 -672 160 860 -813 -897 -21 
-813 286 -721 -584 -510 -469 -637 -637 47 857 955 492 598 373 -867 -216 -216 830 960 -168 55 -253 737 246 119 -892 160 -130 -111 223 -417 525 -843 -372 -372 -372 94 -126 -272 -218 70 890 890 -3 -3 314 115 -954 -936 894 369 -636 454 759 563 283 376 -969 -212 -204 559 881 -187 -8 499 972 182 -106 -278 -61 -960 397 -608 -210 -322 939 939 996 457 538 907 947 947 -678 373 -531 726 685 -938 869 -200 378 561 694 -772 -86 -753 -919 -341 184 
-85 -85 680 680 813 849 -440 10 -853 -371 -895 -951 -391 -391 74 -932 480 -637 -951 -59 859 -802 438 453 269 214 893 779 -497 -533 314 976 114 -468 743 -854 -696 -612 105 294 -162 -949 581 6 -439 251 -802 981 623 -863 -862 -720 -65 513 -102 327 -280 -449 -449 -833 723 -347 567 128 541 574 574 -35 356 925 -724 813 -910 256 -597 34 -621 308 -800 -370 627 -674 -571 -715 -322 -182 604 -223 -436 104 512 241 138 -382 124 -618 822 619 -591 -253 
278 105 705 -872 -664 751 760 253 -336 491 -176 967 -51 -262 -262 599 955 811 955 538 -735 863 427 -343 -449 867 -177 -399 -399 -556 -714 -97 587 -829 -186 -450 -719 474 -653 -904 -904 -660 -619 -830 488 -99 760 767 -906 -303 -422 822 -704 260 841 78 149 -677 -559 -207 120 -786 945 -954 -114 -808 697 -228 -156 -303 -91 -91 -91 -214 -247 228 421 -581 -300 798 -300 278 278 -955 -527 130 661 -56 226 -271 -701 677 -477 826 -869 651 35 251 643 -318 
70 989 -895 -496 861 -721 57 200 726 349 -878 -780 323 -245 927 -876 159 325 867 -609 -62 382 -419 926 926 -69 -237 479 248 -626 -661 398 -266 -130 7 -390 552 -996 -555 -643 23 -315 829 -9 -858 852 403 -792 36 343 -509 -917 751 401 -162 -958 -903 530 -768 -75 -211 -453 751 401 -768 -903 -903 986 986 -121 187 399 -1 438 -93 777 989 859 -426 -441 -156 -242 -156 -242 572 683 473 -458 -118 87 -982 301 -629 540 -71 -75 -935 -508 -144 -286 
76 474 938 604 -384 902 -157 363 -116 341 -44 -85 -373 -898 328 -987 901 810 -647 -757 -242 -451 -191 -657 -747 -508 -294 885 885 107 909 -922 791 162 -373 -918 45 196 41 -963 944 -537 -623 710 882 220 -337 -302 142 142 -554 -392 -456 -713 -413 -565 -829 -18 304 107 -291 664 823 -274 225 944 -291 -596 -808 -136 351 24 187 254 687 75 -366 389 644 588 -531 -467 -44 -411 -411 -846 862 76 -802 -438 -546 916 573 -115 887 -874 -24 -54 676 176 
