935 802 95 -655 946 712 430 396 195 -717 -988 397 807 -130 559 -605 -277 -673 -217 -983 -227 914 622 -921 573 733 -654 -869 202 -183 -183 851 56 876 43 -478 -784 -929 -543 49 275 -197 300 -206 -554 -642 -249 5 374 -493 -834 250 791 -274 275 -617 -4 -635 371 895 -369 -167 -287 810 144 691 398 339 -840 -911 -810 -565 614 -800 -872 888 -742 901 -273 -957 41 -386 29 143 663 574 379 301 334 -37 732 -300 -55 238 -258 -162 960 -834 358 -305 
-883 -383 507 835 -653 886 526 963 947 167 809 -967 -117 -56 -16 872 -181 622 441 104 459 982 508 -761 548 -320 -111 336 -355 194 499 380 -31 274 -697 -335 -376 -249 892 248 867 650 815 231 -238 -530 -670 -913 -322 -459 -497 -531 -595 23 93 909 -886 -819 55 -592 22 519 952 281 473 908 -128 878 -36 657 320 101 -441 -755 58 -875 -608 -233 -633 739 -295 -735 -835 492 973 -359 10 -819 -965 778 -411 -665 596 596 -385 220 -543 731 -958 631 
-109 331 684 -119 799 570 -993 868 -272 155 916 -518 -148 -620 -620 278 12 302 950 880 617 -754 133 881 -802 924 460 -50 -774 -610 -697 -276 -129 318 448 -455 291 -347 -516 897 286 -777 -292 -200 62 -761 -284 36 -573 415 818 30 689 -946 818 689 -511 126 529 -938 315 -500 -725 -686 -755 -799 491 316 -204 -137 818 491 -598 -169 343 507 -319 -885 -417 -511 592 -999 932 502 837 -772 299 -914 567 5 593 -661 581 -18 390 409 -65 -454 -117 952 
-381 -423 706 -424 -6 160 -890 364 116 622 927 604 670 883 574 30 -762 -960 -757 -785 303 145 831 -876 -625 -335 780 -885 311 79 305 688 -207 718 -457 989 475 -487 -636 530 -822 -630 -807 928 671 788 -209 495 -506 -783 645 751 284 336 727 -934 -934 528 42 -759 -612 429 314 551 -902 969 370 842 775 -404 282 -412 -826 -939 548 899 927 -400 -567 599 -139 213 946 -11 -164 -419 -231 786 243 -260 -36 807 427 917 917 771 -75 -613 672 -252 
20 20 344 -216 -772 860 -69 216 907 -690 565 -284 -399 373 564 318 599 53 -889 -81 853 -365 278 684 814 992 -875 -247 -870 521 581 -56 -963 857 -498 -986 868 -734 454 689 374 539 405 673 -341 599 213 -11 821 620 786 -260 -36 409 -862 944 -556 -75 -613 672 -252 20 344 611 -962 860 241 -69 614 907 -690 781 -284 155 -399 373 998 523 760 943 -55 599 -621 438 -889 -506 -81 786 853 -828 681 278 684 -460 -237 386 545 -247 549 -870 
521 350 581 150 -963 -177 -513 -103 868 -11 -17 539 636 -921 266 -648 977 -225 -704 823 170 426 957 -263 165 -275 -319 787 920 876 -939 840 -343 163 537 -776 -958 725 126 691 -353 -920 956 -249 220 -408 -956 -918 -641 -36 191 -243 491 -554 -354 -828 -965 -444 362 -56 -886 91 935 84 -724 -739 609 -172 307 -392 -152 982 -708 -292 523 47 987 -416 -691 706 334 -971 73 296 -608 -954 -547 68 -967 -453 114 344 -713 -580 419 -908 415 53 -66 -856 
181 162 -846 -880 369 723 -539 263 345 501 870 -406 -875 383 -389 -903 398 -723 518 945 758 215 564 676 890 -314 -202 -346 543 670 -640 459 440 425 199 -724 722 -21 718 105 292 857 857 -708 25 -367 -714 554 -742 -645 687 -726 -953 584 -697 -694 127 244 223 -448 252 252 -380 475 -277 -447 -447 641 641 608 37 641 816 -212 -527 -947 75 848 -853 912 -520 -762 -285 -171 -798 771 -763 699 952 -123 -856 -757 -757 601 116 -648 -635 692 -994 77 
293 486 -184 624 622 206 -170 833 209 374 -597 540 -455 14 -891 -584 358 499 -210 904 -342 655 921 -400 926 -397 448 -554 342 862 -437 161 -32 -909 138 -362 695 -397 908 152 -764 -451 -186 -715 562 399 97 534 -847 -847 534 73 665 -219 796 297 -874 -240 882 -974 -550 418 370 -459 691 23 410 934 -525 -240 751 35 -24 -110 891 126 867 -469 -342 211 -690 657 249 913 -679 -366 987 319 441 -40 245 960 708 219 -818 640 428 -800 -79 -34 
721 -167 -493 437 396 176 572 -42 -959 148 148 886 864 541 -476 817 -533 -66 -421 -316 -461 -103 -765 -548 -817 -2 209 428 -206 765 424 584 667 741 502 107 -811 721 -66 -974 -689 -689 -624 851 -473 -803 -442 195 -105 663 -854 722 -505 -908 244 -266 -505 -908 636 -266 278 -847 -750 928 -495 552 282 781 51 -928 -687 90 -911 365 487 221 -273 560 -718 -149 -881 887 217 200 -315 -291 888 727 410 -888 -162 264 -955 40 -570 -161 -235 365 -933 352 
352 -176 158 -427 -954 -988 -73 -28 978 931 -680 -257 -257 521 -441 -985 871 -981 242 -343 -490 120 420 296 -1000 34 525 867 -489 268 572 -430 448 -157 330 -877 -190 -59 -650 191 -932 -425 -927 -166 579 911 -481 -647 -951 651 -178 112 45 294 718 294 355 974 -876 -523 127 110 939 -887 -887 -756 733 -282 -129 175 -832 317 702 -93 -144 -172 642 -432 -415 889 878 -939 94 -194 441 -961 339 941 500 873 654 -274 299 -567 791 536 987 971 -488 -168 
-437 81 -784 950 512 512 644 208 -341 -214 456 372 258 -78 884 -953 453 -272 -839 569 684 -166 969 507 -306 -500 686 -855 -649 651 651 -869 -881 851 985 -32 491 491 -192 -987 -154 -315 -926 -258 -921 -646 580 986 23 884 184 -627 -367 176 113 -453 365 -947 -313 287 821 934 -70 -981 -149 -881 508 -15 -692 718 -609 270 -353 -731 55 753 642 440 305 -51 -658 252 740 -566 -11 741 378 378 944 -529 107 621 -732 -732 -485 -535 900 -864 494 424 
-312 927 -401 182 -850 712 -224 38 -80 -212 -948 -81 -423 743 357 291 -545 -545 247 508 285 -792 573 -101 -683 -330 -936 -516 542 542 379 588 678 520 -353 -892 662 -695 206 857 -182 921 865 -898 -571 -262 44 -220 247 -382 -729 872 -340 467 -307 -695 -224 450 414 -853 -555 -555 -156 560 -917 78 489 619 85 -405 738 -999 556 73 13 511 179 -420 681 -994 416 -613 -282 206 313 567 -318 130 -80 415 -442 -882 -392 236 -100 -100 -214 -743 -443 -102 
736 634 20 136 100 761 48 -227 675 -998 -998 -118 160 536 286 -134 182 402 552 -108 -798 -831 239 -187 279 600 -928 -775 952 77 81 -632 289 492 85 -905 -772 596 223 -368 642 900 89 -999 -799 513 -632 385 918 -26 953 807 266 -605 145 208 195 -983 -227 -912 622 898 890 -107 -107 -869 202 -649 687 -183 851 741 43 -784 -929 -543 90 275 -518 265 535 154 -65 -283 -493 -494 791 -528 622 -4 -849 837 -369 397 -287 -338 694 722 191 -831 
195 465 29 -872 80 184 901 536 41 667 859 574 20 854 334 -703 855 -694 -359 91 -478 -856 -995 875 495 -305 -75 -752 519 888 -610 -980 -927 -969 -933 70 230 900 -988 264 -185 622 852 797 526 782 508 -823 574 302 -385 681 -472 840 615 -819 713 274 -697 768 -795 -812 -212 -110 -244 867 982 815 -630 475 773 -189 -539 -459 -150 -754 175 -950 897 -256 -784 -819 924 851 851 281 473 -128 474 320 -641 733 584 672 58 -750 -233 678 -192 272 
-419 -687 -687 -155 750 70 -411 147 -197 596 -289 287 778 -613 631 331 684 -602 335 -289 372 868 -272 763 -518 482 10 -586 682 682 693 880 617 -754 881 -361 -242 144 700 -15 448 -455 -347 291 286 -292 -200 -998 593 -284 -769 415 30 -946 126 529 -260 -130 -686 878 -873 896 817 488 663 986 -427 124 -134 -845 -430 911 -493 979 -877 -249 -41 966 34 250 -4 -226 -439 449 581 390 -16 847 280 -239 952 762 -371 -922 -837 664 5 -353 70 923 
116 927 -469 503 -706 -351 130 232 -785 35 303 145 -332 -569 -335 -885 311 681 305 -540 -207 -797 989 621 -662 723 -630 -807 928 788 495 645 -466 751 415 -313 -791 -543 -759 -306 -79 551 -648 370 599 -875 433 548 899 -239 -516 968 -139 -226 -11 -557 -400 -231 243 -36 -862 427 -614 917 771 -75 176 -252 -216 -962 -69 216 -429 966 -364 -353 -399 998 760 599 599 53 -889 962 818 -90 629 -828 171 -920 814 -237 386 -247 -870 -171 350 -56 -963 -177 
-498 -986 459 -11 -17 374 581 405 -341 968 -226 -557 -419 786 243 -36 807 944 -85 -614 771 -613 796 -216 -772 -69 -69 216 907 781 565 -364 -364 -353 -338 691 523 318 599 -920 53 -889 -466 -81 -90 -365 278 681 814 -237 -871 -247 549 549 521 581 150 857 -177 -513 -115 702 652 -862 689 581 405 673 636 -921 -973 -999 954 690 -428 -88 -607 171 228 -263 10 -845 308 -340 -784 920 -939 982 -343 -39 580 974 -874 457 -765 4 449 952 -353 -845 
956 505 219 -223 350 947 966 980 374 -404 -957 -419 -21 1 911 -444 -872 -846 -861 726 230 -966 286 -640 -645 184 411 199 243 722 -450 69 356 -708 226 459 -635 -645 -137 -726 -160 846 21 223 -894 365 215 -380 475 580 103 448 -447 385 -580 -688 485 -767 426 37 744 816 103 66 912 -13 329 -335 -379 771 -458 -458 -123 -124 789 601 -254 -648 692 77 293 486 -169 624 -27 993 -170 588 -488 374 -343 -531 -819 232 435 -584 -653 -218 766 904 
-590 655 399 -855 995 926 448 -513 -554 90 -437 -132 -32 608 -908 -386 888 695 255 437 446 446 -294 -764 -286 562 -326 523 534 97 281 864 -847 -298 -454 -515 -482 -874 944 418 -459 802 776 989 -240 -191 35 -110 -776 -921 -469 -947 657 -65 452 -679 -917 -446 960 219 45 -813 -813 -62 58 54 -493 298 214 176 -157 -270 148 541 427 817 -609 -66 366 -103 -765 29 37 -646 -261 428 372 648 424 -365 570 275 751 -164 -811 418 718 625 -624 251 
-166 -779 -105 -105 -271 957 -427 -667 722 -505 -908 250 33 743 181 343 -651 -495 222 668 -703 781 -685 -573 -932 -28 90 408 365 -936 258 -870 -309 945 -887 516 -718 -874 897 887 54 -483 -315 -908 -433 -443 -79 943 -766 -888 -162 -752 749 749 40 739 -161 365 906 237 928 690 631 -954 792 -28 -28 -225 -225 30 -753 -257 358 558 -271 -281 -232 549 242 849 -742 50 420 85 -32 862 358 -39 876 463 216 450 99 448 330 600 -877 -863 -59 895 
191 -932 -425 -701 -729 911 -481 44 -534 -269 -57 -519 -451 354 294 -276 294 395 782 974 -493 1000 -861 -887 262 -819 -51 -68 -832 114 -943 -872 -469 254 233 -415 -14 -671 878 562 -162 560 330 441 364 -961 542 -970 500 873 654 -274 -274 299 620 439 -265 971 97 -598 -737 -301 512 -493 2 -429 -341 -341 -214 372 -78 -518 381 -390 453 -874 -918 -576 408 522 969 507 -500 686 686 -536 -855 669 669 318 -686 680 890 -637 -192 -987 693 956 733 -926 
-79 -921 207 580 137 23 933 184 958 180 -638 -873 -453 934 -673 277 -748 287 821 -476 -371 -149 -1000 284 -503 -611 929 -609 92 -248 21 -645 -830 -780 -812 305 -87 -282 346 -658 252 747 -566 -920 206 946 944 -810 368 690 206 -43 -306 -485 -535 900 -219 494 -498 62 -837 843 -401 879 -763 -224 -223 -473 -80 -718 -948 -456 -933 357 291 539 322 285 -792 18 368 -683 -330 -290 -881 796 210 379 470 652 678 -884 184 677 -911 -513 -49 560 560 -783 
-198 865 982 -571 44 237 247 711 -186 789 -586 -585 841 450 414 182 -328 -156 591 560 -917 -582 489 -133 505 -342 -999 724 556 13 -664 -959 -876 681 -599 262 623 518 -282 -126 553 951 567 -356 -458 417 -660 486 919 833 236 -196 -338 -134 -796 917 917 634 20 136 868 -167 -411 -227 675 427 -998 -690 342 342 -619 286 182 402 623 219 -108 432 927 934 314 365 760 -731 205 -775 219 265 289 492 85 -226 -778 -905 596 825 223 -293 -2 -368 
-211 28 -961 -981 329 -577 535 -899 385 -417 -935 -817 22 -847 -387 511 -960 133 740 264 -670 113 608 367 -95 -104 -112 136 186 -180 972 -188 -343 105 -485 5 761 195 -589 -497 -662 -659 283 -578 -399 -676 206 -399 -159 240 790 -518 -888 -546 -25 -532 8 -177 -110 -56 871 -439 679 -818 773 235 368 -440 -861 543 576 331 271 152 590 -905 -53 957 149 -279 -881 -492 756 540 770 -260 943 576 -601 769 -768 -946 769 -911 -417 -123 311 748 375 226 
913 -502 307 371 290 345 345 -980 892 43 167 -891 -966 831 -707 -897 296 -234 -803 -385 935 568 -569 129 129 -934 -540 -262 276 -980 740 743 8 952 -118 -845 170 -891 -394 -212 633 154 -910 382 944 -885 -429 -186 727 -67 -27 -257 -643 831 -421 -592 577 -401 -314 -451 -816 -996 685 -822 461 790 89 -655 984 -349 -183 -679 122 -638 648 330 -43 897 456 -14 -141 850 -466 -684 -672 103 72 123 107 4 617 533 -566 336 -942 -385 -819 75 -632 -888 
-518 -144 950 -754 354 -361 460 -50 -774 -610 700 -276 961 448 -455 291 897 286 -292 -200 -998 79 -284 415 -239 564 745 -347 -922 -837 394 -6 70 923 794 927 387 604 503 883 -865 -50 -785 320 303 -876 -569 -335 780 -885 362 79 681 305 -540 -207 718 989 275 -662 -636 530 -564 -630 -807 -32 -32 -911 -209 495 -783 645 -466 751 336 415 -313 -742 -10 42 -759 -612 -392 314 551 -648 370 -498 179 544 899 -400 -226 -557 -114 -614 372 -424 -252 344 
-962 860 614 216 907 781 565 155 -399 998 523 318 -55 599 -621 -889 569 786 853 -365 -828 -645 425 -724 -21 718 105 368 -708 436 -714 -872 -645 -914 687 -953 -697 244 -448 365 252 475 580 658 -447 385 522 37 -212 744 -947 103 -765 -831 -34 912 -13 -520 -271 -285 370 996 771 552 699 830 -124 922 601 116 116 963 -635 -635 692 -994 77 293 -586 172 624 -27 -170 -488 209 456 540 232 14 -584 770 -801 -590 921 -660 185 448 -554 342 90 
-466 290 608 138 689 888 551 255 908 446 -451 -286 -726 534 97 578 864 534 -454 -515 297 -240 -974 691 410 -671 -24 -110 497 867 538 -690 536 487 -65 -679 -565 441 960 708 219 640 -62 -997 176 514 886 541 559 -66 -66 -316 -461 -103 -817 37 -261 372 424 -365 741 837 107 -811 -66 -292 625 614 -624 -473 -442 195 -105 -271 -667 722 244 33 -847 -651 407 275 891 83 -491 -928 813 -200 -911 -936 945 516 -874 887 217 200 -315 848 943 -870 
-234 -302 -888 -162 -304 686 -401 -324 -235 906 -933 352 158 -954 -57 778 -28 -639 931 -329 -753 -257 493 358 -271 242 549 -742 523 85 -252 525 -39 -489 268 751 572 450 -157 330 -877 -863 46 895 -335 -425 103 -729 911 -647 -817 651 -519 -630 896 724 502 782 974 -493 127 110 939 -887 -887 733 863 -129 175 -832 317 286 -469 642 -415 -14 -133 925 878 889 -939 -194 441 339 -970 -520 -86 299 -547 156 536 987 -232 -488 -598 -357 -734 -426 871 -429 
-341 -214 372 949 -78 600 884 -390 890 712 102 -166 -317 -500 -382 -574 318 -686 851 985 -407 956 439 -926 -921 -766 137 884 184 -670 130 -638 -276 -599 -512 495 -32 277 -489 679 893 -476 -981 -149 284 -611 929 935 -248 -645 177 753 642 -842 775 278 937 -131 242 -372 -504 378 25 206 -306 -155 494 292 843 879 -336 -224 38 -854 -81 -423 357 899 291 539 322 -652 -792 368 -683 628 -290 -936 796 588 652 678 -353 184 662 -695 -911 -513 857 -182 
-832 -198 -701 982 767 237 247 -382 942 -954 -224 414 -853 -156 -582 489 -133 -342 203 556 13 511 -664 -420 681 -994 -793 206 567 130 417 415 -515 -710 -214 -443 -740 917 269 620 -794 761 8 -644 852 342 999 286 402 182 402 -547 432 239 -187 314 760 600 205 77 -881 -573 492 85 -31 -485 825 -368 602 28 602 -745 -577 731 -632 385 -417 -160 -847 511 -520 133 -733 264 -581 608 903 -43 -623 -664 186 -188 105 47 761 498 -42 352 -497 288 
206 240 -888 249 -224 8 -177 -110 -139 871 -439 679 966 235 376 -88 543 271 152 590 550 -53 994 -881 -321 -102 -370 177 649 434 769 -519 803 840 282 -309 311 -97 226 -46 526 307 371 867 -322 593 980 -688 43 167 -154 630 -966 -707 -151 802 351 -581 247 223 -573 -762 161 -855 276 740 716 8 -9 700 -555 633 -910 382 547 -885 -186 727 198 -954 394 -488 -331 -314 -816 -413 346 -755 -655 984 972 751 685 648 330 -161 -984 613 -466 -466 
-684 103 107 -76 533 -566 336 -942 596 125 634 46 844 -401 88 740 -378 -864 238 381 -963 -275 278 855 969 -283 -323 533 -460 -882 755 438 119 367 976 -787 -22 711 -145 537 765 499 814 814 -653 614 662 96 525 -327 -432 874 869 495 -736 -447 -223 -102 178 914 -699 762 869 760 -814 877 -621 540 -511 -223 -930 -820 -477 589 -262 567 869 -968 -72 430 543 946 494 -245 -914 -806 -164 463 -189 -116 -589 -598 -646 778 638 -110 741 193 741 -18 
-802 -800 508 -900 -995 -840 -669 -743 3 404 -710 735 323 391 45 -861 -913 -640 696 -562 -448 812 -203 432 630 695 -309 -108 -687 -637 935 -202 -486 433 -265 763 80 -311 150 836 -668 -571 -667 761 125 -341 578 378 -742 718 588 720 -221 944 -885 -857 747 -558 -297 -289 785 -105 897 747 -727 633 -278 -724 459 983 -824 -777 120 873 598 933 -838 892 -617 431 180 -274 878 -527 -190 38 479 -445 -594 -234 -840 -840 -937 290 151 392 976 171 -713 338 
90 -959 -933 769 583 -784 -387 303 230 -608 -262 -267 -602 377 -891 973 -628 -72 741 -449 374 -742 -178 -150 -3 933 221 -113 206 -238 473 -829 907 -605 612 -578 918 498 -458 259 472 -821 286 149 -730 -580 143 721 698 -521 -172 -592 504 379 -710 -396 -232 -785 -193 773 -400 558 558 638 730 289 182 -247 203 99 446 -637 811 652 -220 590 453 -649 930 861 -524 124 153 -240 -284 -398 -516 329 -919 -563 670 -114 -270 186 741 922 922 -407 591 321 
321 932 500 -65 -293 -160 97 -672 323 362 132 293 896 -869 -172 -99 450 291 741 787 -889 872 790 34 607 -527 882 -366 907 907 306 -82 97 -913 803 -307 -717 -679 -853 -603 -603 -252 -372 240 98 466 -764 -822 -314 644 -323 359 988 895 -117 -196 286 -407 837 722 141 889 903 743 537 800 -617 -478 -742 608 -786 -930 -31 955 -5 542 -381 652 920 -747 919 -322 818 -752 -511 -857 -487 -9 -341 320 -84 -14 686 589 767 -623 378 -639 544 432 
-343 778 -542 -876 -335 -989 489 -846 834 8 65 831 -28 287 -730 97 68 926 -461 -392 463 -713 -830 -688 305 -39 -996 -1 428 872 410 -355 730 -288 -581 -32 844 -719 368 -229 -451 489 498 -415 -264 -324 -513 670 -209 -902 -9 -117 339 938 -200 -583 -2 -2 672 749 -674 640 -33 731 320 119 861 632 -806 653 282 642 -790 532 -568 -339 -44 839 412 760 760 -428 -722 -577 -463 104 -260 -581 -765 -592 319 -728 -848 -906 726 541 530 -288 759 225 
195 -307 -741 851 -241 -424 994 -288 578 -939 -937 924 -906 -497 446 421 -124 -518 -443 -2 -287 -841 302 -866 598 -486 -584 -545 -664 798 232 -75 533 891 -3 -417 919 -377 120 115 -470 77 278 -734 -973 -743 -280 -280 31 66 459 425 -801 214 243 -21 -664 243 368 -25 436 -367 -635 567 204 -645 -825 -914 296 -160 -697 -694 -409 852 244 21 223 -448 365 -208 215 -380 -208 475 -277 -277 448 448 -447 -818 522 -527 -947 -818 522 -212 485 -767 426 531 
75 66 519 -851 -522 912 -435 -520 -271 -285 -171 771 -339 -282 699 273 -856 -757 -124 -757 -261 215 -912 -365 667 365 634 231 137 418 -974 -292 -689 614 851 -125 437 -391 37 -105 957 663 -667 -854 722 -412 636 250 -505 -908 636 -266 -847 181 589 -192 275 282 255 83 -848 813 -200 -155 540 -936 -870 945 -887 560 281 -718 -149 -149 -881 -975 54 -779 -315 -291 848 727 94 -302 -888 222 264 686 686 503 -701 -570 -324 -235 906 237 -176 -176 -427 690 
-73 -28 -639 978 931 -648 -680 349 -478 -659 -441 -533 715 242 871 -981 -99 -560 -742 523 85 -32 512 -808 -722 -39 480 -489 268 751 -18 99 -157 713 607 -595 -342 -863 -59 895 -932 -425 103 -636 911 -481 -647 452 -57 -519 -630 112 289 269 502 294 394 -876 -876 -621 -523 127 110 295 -887 -887 -756 863 -51 -706 347 -832 114 -943 766 -469 254 -415 95 -671 385 878 889 560 94 330 -864 364 339 388 941 -520 -908 -86 182 -547 156 896 536 971 
971 -168 -168 97 81 -784 -435 -91 -426 985 -429 -341 960 456 949 381 43 453 890 48 -576 102 684 32 969 507 977 -500 686 -356 -574 318 -776 -686 -522 890 -32 894 491 -987 -315 429 -228 -167 -657 -766 986 137 23 184 958 -627 130 529 968 -599 365 -32 277 -489 679 -70 22 -149 -149 284 -876 -611 -512 935 92 -731 55 177 753 642 -842 -51 -658 168 -372 359 -11 206 378 378 -62 449 25 -924 776 206 -485 720 900 -864 429 424 -837 846 
879 879 -346 -346 -215 805 -717 643 -854 -718 -58 -81 828 -423 357 899 -853 -545 247 508 508 -792 573 -548 -683 313 -881 -516 542 765 588 588 -701 678 520 -616 184 662 -576 -911 -604 597 110 -367 921 -701 -571 44 767 -911 -82 -382 -416 872 942 223 -853 -954 -224 -727 -727 414 -853 -555 690 -156 800 527 348 78 14 619 186 795 76 203 413 556 -265 13 786 179 -959 681 651 -793 3 -126 313 -372 208 -356 417 -787 -882 833 -392 -710 -100 -338 
-143 44 -963 917 -223 269 -117 -824 48 48 8 -528 675 427 852 852 -118 342 -619 536 286 182 -134 402 402 -244 -587 -831 -270 279 457 -928 952 -881 -632 -573 85 -31 -485 825 223 817 -211 642 900 602 -164 -799 -899 385 918 -26 -847 74 400 511 133 -520 655 -733 264 113 608 417 -277 -95 -104 -43 136 176 186 89 972 -858 186 972 186 837 -188 626 249 529 657 -365 498 -618 -497 -799 -869 283 -846 206 -399 -159 240 -518 279 -546 -546 -174 
-224 8 -177 -941 668 -139 922 -195 679 -310 368 -895 543 543 -503 -943 -207 -597 550 -905 -70 -881 747 747 -102 413 -370 892 649 838 803 840 417 282 -417 311 294 375 -879 854 913 -419 526 371 867 -456 345 980 892 167 -154 -638 -151 -234 777 -662 -581 734 410 410 410 -573 64 -762 -540 122 -406 740 743 716 -412 219 -594 378 -320 700 782 -394 360 293 -910 -79 399 -885 642 -186 -67 424 524 -643 743 741 -706 -592 577 -927 -314 -583 786 -816 
-996 461 -755 -704 -655 984 972 157 685 122 -937 648 330 -161 582 -517 92 221 850 290 607 506 103 4 -994 533 332 876 -801 596 624 75 -450 634 388 844 -401 88 278 -253 -864 332 -497 -392 181 -880 548 862 -745 855 196 -612 -512 -323 -724 -724 823 -934 755 438 351 -210 367 976 -647 378 -787 -259 -22 -253 537 765 499 -885 -933 -705 -615 -224 641 662 762 -673 -138 -327 -362 -362 138 611 -432 495 999 -385 -318 -223 999 -334 -929 -598 535 801 
801 -816 89 -814 877 -556 -556 390 406 -930 634 -477 -583 -262 -804 567 -968 919 -133 430 365 543 946 -212 854 -931 -806 -721 581 -838 -116 -589 -478 -646 -552 -295 -940 693 -159 838 741 765 694 805 508 -839 -118 -871 -779 -669 965 492 -221 -710 -288 323 13 -25 -861 928 249 171 -562 -448 -83 -934 -643 -203 -820 -594 -232 -322 -322 273 867 -348 -637 -348 -785 -925 -590 -265 218 -671 949 836 435 -571 -411 -667 534 125 -341 73 73 73 -309 378 1 1 
588 176 106 10 10 944 -854 499 499 -372 747 -501 788 -297 635 -289 -289 -956 -997 240 -297 -169 -103 886 886 -842 476 624 199 -739 -80 459 -173 -824 -275 -275 120 -84 933 -838 -868 892 -970 -644 88 564 180 -641 -273 -395 -527 -479 302 -190 38 -266 655 479 -230 -445 526 -892 982 -840 -840 -937 290 976 363 -626 903 653 -617 931 361 769 351 -757 510 -768 51 51 405 526 230 -608 425 -602 377 -891 877 973 -628 698 -925 -449 374 938 54 -552 
-150 689 933 -398 -469 -842 644 -238 -47 15 473 -901 765 233 -345 -345 612 -578 -821 704 472 -654 148 -521 149 -580 -580 -355 -293 721 143 167 163 -899 698 306 -205 -868 -172 823 -641 284 -509 -701 -742 -396 765 765 -295 -295 -470 -785 -644 -348 549 -842 926 323 398 -996 558 -725 730 -507 289 499 758 560 -882 541 -115 -445 99 -637 811 652 -491 -491 -317 -317 986 986 930 48 -524 559 962 -920 -920 875 -391 -773 488 329 -919 -421 -412 -270 -176 -268 
741 922 922 -702 -405 -407 -702 922 -648 96 -407 792 321 321 932 -281 878 -293 377 -160 -795 97 343 323 396 362 145 132 293 695 490 948 861 718 -869 -740 629 -99 -845 -925 741 -157 -889 91 -521 396 790 931 34 247 -268 -268 882 488 -366 -868 739 739 306 679 -470 97 -401 -323 803 -307 -717 -80 -679 965 990 -603 -252 821 971 971 -990 -639 -639 342 -569 466 184 -764 194 -470 -314 733 -979 -323 -605 359 359 447 -140 770 -303 267 -196 -65 
-407 -929 -572 636 243 240 -592 141 -613 889 743 743 244 -627 59 -403 -604 -328 -328 814 814 717 501 -930 -327 -269 501 -448 -5 41 -381 -867 -747 -516 749 824 521 -752 -674 -589 -511 -735 -979 -9 320 -84 686 589 835 -186 -623 -361 -398 428 -852 -354 986 -769 -698 950 495 489 374 468 65 831 -868 -730 68 813 101 -461 891 -392 148 -713 -805 -593 -570 -39 -996 -179 -1 534 52 379 -355 730 859 -581 -440 644 644 -719 368 489 498 227 -264 -513 
-605 726 -217 195 -983 -227 -912 622 -962 573 733 -654 -869 202 -664 467 687 -183 851 43 -784 -929 -543 -578 98 281 908 -128 -36 320 -641 -126 584 155 -755 58 -750 -608 -233 -915 -192 135 -670 -735 492 904 -791 10 750 169 778 -411 147 -326 188 -925 220 -543 731 461 193 631 331 -705 -705 -862 -993 868 -272 -181 -518 -148 10 -586 -144 302 950 931 815 842 825 548 149 -400 -341 599 -139 -226 -11 -164 821 620 786 -260 -36 807 427 -85 917 771 
-75 672 796 344 344 -216 611 -772 -69 216 -429 864 -284 155 -399 691 760 -55 53 438 -466 -81 -90 -365 681 -920 -460 386 -247 549 -870 521 -171 350 -56 -963 -498 -986 550 702 -734 -862 -17 374 405 673 -341 213 946 -164 786 -114 409 944 -424 344 -772 860 -69 614 -690 565 155 -399 691 523 943 -55 -621 -889 -466 -81 629 278 -460 -237 992 545 -247 549 -758 -171 581 -56 150 -447 -177 -513 550 -103 459 652 539 405 668 636 280 -648 -913 -999 
954 999 111 836 171 199 -263 165 -845 -319 -340 -784 767 787 -939 -523 -854 -739 -152 982 -708 -292 816 -255 -692 791 334 -971 -749 -608 -950 -547 271 -967 228 -736 299 -757 -580 -84 401 -908 -74 -260 -856 181 516 -880 369 723 6 729 -44 706 -285 -45 204 383 92 -650 -550 -723 945 758 564 596 -636 -314 812 -329 -334 670 -640 459 425 411 -724 718 69 243 -367 -714 -645 687 -953 -697 846 659 -208 -954 209 374 -597 540 330 232 246 435 -584 358 
770 -589 904 -377 -590 655 399 -855 185 -397 448 -175 -357 862 161 608 689 -462 -178 775 908 446 -294 -451 -286 -715 -326 534 97 578 -847 534 192 -454 -515 -874 -240 944 -550 418 691 23 410 -671 -32 -24 -921 -342 536 657 -65 913 -679 -917 -40 708 219 -114 -62 -997 -167 176 -121 427 817 -533 -421 -461 -103 595 -817 -2 -36 209 -261 372 262 584 332 275 837 -164 -811 418 152 -292 42 -473 -391 -105 521 -854 722 244 33 743 181 -192 407 -638 
891 83 -928 813 90 -911 365 487 221 -309 945 516 -874 897 -647 54 -637 -779 848 94 -234 983 264 686 40 -324 -235 352 158 690 -427 690 -57 778 -639 978 931 -753 493 -271 242 -343 523 -32 -252 525 -39 268 572 -430 448 -157 330 -59 781 -425 -701 -166 882 579 -481 44 433 -519 -178 -451 354 896 -276 502 395 782 -493 1000 131 -887 262 -239 -129 -832 317 702 -469 254 -432 233 95 -133 683 -162 94 -864 736 -961 -825 -970 -520 654 75 620 
791 -265 -488 -598 789 -91 512 2 25 -214 -192 -78 991 381 -390 729 569 408 32 969 507 -500 -382 -649 318 318 -686 890 -987 93 439 -258 207 -766 137 23 -432 958 180 176 -599 -512 244 -489 821 607 -149 284 -876 -611 718 -609 92 -731 177 753 642 -842 -930 -820 986 -939 -802 -531 56 445 11 789 148 979 -225 -88 68 181 -172 -674 -827 884 -767 89 856 992 -184 214 373 -403 696 963 -768 956 -732 -278 302 924 -407 701 -28 695 -132 751 
-327 -299 504 125 498 211 -654 -541 -100 -156 778 812 891 -671 -217 -359 679 -70 -309 -745 -719 -855 474 892 -73 -848 -932 -769 -44 96 -500 390 -145 -223 -335 -914 429 -451 -778 -502 90 -548 -248 -489 -90 -992 299 935 10 356 96 736 421 -971 -253 548 461 -422 371 -828 -365 758 364 -282 -131 -658 252 -566 -11 -600 378 944 25 107 776 206 -43 720 -155 -219 494 292 -401 182 -346 712 -224 -80 -718 -933 -843 357 -853 -545 247 285 -792 -491 -101 628 
-936 796 210 379 652 -934 998 -513 857 -783 -198 -898 767 711 50 223 -695 -727 414 -717 182 -156 -917 489 -405 76 556 73 13 786 -59 -420 -994 416 -412 -126 313 567 -318 417 415 -442 -515 -392 236 -196 -578 44 -740 736 -908 634 20 304 761 -167 -411 -227 675 427 -998 852 342 -247 402 402 -547 -108 -798 -831 -122 -270 365 760 205 952 265 752 -573 85 -226 -31 -485 -293 817 -240 -961 -20 -799 513 385 -425 -26 -160 74 400 -520 655 -733 383 
417 903 -43 -623 -771 186 -838 626 499 -485 -905 761 -559 498 -42 -799 -869 283 206 -159 51 318 -518 249 -200 -224 8 -177 -718 -56 922 -439 -818 376 -895 174 576 152 -131 -749 994 62 -881 -492 -937 -260 177 -344 -946 840 417 435 282 -309 294 -268 41 226 718 526 307 867 345 892 167 630 -707 802 -803 935 223 -569 -573 64 -762 -540 -855 276 743 258 378 170 -555 360 -79 547 -429 -186 -27 524 -257 -643 743 -706 -488 577 -331 -927 -583 685 
461 -755 984 984 972 685 496 330 -43 -161 456 -984 510 -797 -466 -684 31 -294 648 123 4 657 -566 876 -801 596 75 125 634 610 515 278 485 -378 332 -497 -396 548 -275 278 -690 969 -512 -323 -460 382 -934 230 951 367 976 378 -787 -259 -978 -715 -715 -708 -368 499 360 -933 814 -653 614 662 -673 525 916 138 -432 869 335 -318 -958 914 -906 535 -699 869 760 -814 668 540 -511 -683 -718 812 430 432 -594 -309 273 -687 935 -202 890 -265 80 949 
435 -106 -209 761 -495 -341 680 578 -309 1 263 720 -221 944 -885 63 -801 962 -558 -297 635 -289 785 897 747 -727 633 -739 -724 459 -64 -824 873 748 -970 -617 88 431 -641 -395 -190 278 -266 655 479 479 -445 -234 889 922 -937 290 392 976 903 -959 -817 693 351 187 583 -784 -425 -861 303 230 -960 -602 -891 877 -25 -551 -925 741 -449 938 951 -552 884 933 -708 438 206 -238 826 -901 -829 -605 612 -821 -458 472 339 286 -463 -580 143 721 -879 698 
-641 -205 -172 -216 53 992 -701 -232 -193 -348 549 -615 926 -400 398 -996 -314 638 -507 817 758 -54 -247 124 -445 -826 756 144 590 -317 453 986 390 48 861 124 -240 875 -398 -516 -919 -563 -563 -421 -412 954 186 307 741 922 -407 -735 -813 908 -65 -160 559 97 -982 362 293 182 896 646 718 -869 -172 -99 113 -241 291 -925 741 787 -889 872 790 931 34 607 -155 -527 120 882 -366 739 306 -606 679 -636 958 337 -913 803 -307 -679 -147 990 990 -279 
-372 -234 -990 -573 84 961 466 -653 -764 98 -822 -314 929 -979 -323 69 359 647 447 394 895 -804 -196 -65 -929 -858 270 722 889 903 743 994 800 -663 -328 608 717 -786 -31 -269 -448 542 -381 506 920 48 -322 521 -803 -511 -300 -55 772 -127 -175 805 247 875 358 -305 224 507 835 886 -69 506 947 325 454 -967 333 -455 269 863 872 622 852 104 -722 131 -853 -442 -546 576 -111 -411 336 755 -439 456 -97 -31 912 981 -487 -763 -941 76 -110 224 
469 -328 -833 -610 895 -530 -539 718 -214 -459 -86 -531 316 23 -598 343 110 -845 -417 100 -999 742 41 -743 -417 299 199 686 61 593 -98 -386 443 390 847 -175 -239 564 952 -381 -371 337 -424 160 253 364 923 622 927 695 387 215 670 -706 574 -865 -69 -690 -284 -544 -338 373 943 -55 -920 438 -889 569 -81 853 629 278 684 814 -237 386 545 -247 -171 -171 581 -56 -56 -447 -498 -986 702 -734 454 374 581 668 280 280 266 977 -568 999 -728 823 
717 426 -130 -846 -845 -883 -340 787 767 -773 -523 -343 163 952 274 441 -958 147 397 -107 -871 -920 68 -667 955 824 -956 966 -36 191 356 -404 491 596 -859 154 -444 -284 -846 441 -886 440 329 889 889 771 -339 952 -123 952 -924 -124 -757 232 -215 116 963 -648 -994 293 692 77 293 -720 -586 -770 65 -27 206 -208 -488 209 374 466 -531 540 -168 435 -584 23 -952 120 -377 -959 399 995 185 448 448 -175 933 933 862 862 -466 633 608 -671 -386 -178 
-397 -774 437 -950 -294 -764 -186 -612 -715 523 97 600 864 864 -847 -298 192 -219 796 640 -813 -114 170 949 58 -167 -469 320 214 176 304 -449 762 514 740 848 383 113 -344 371 -838 903 -95 -104 -112 -623 -771 -664 186 89 972 837 972 837 -188 626 499 47 5 761 498 498 352 -618 -287 -287 288 380 -676 -846 206 -399 691 240 790 279 -888 -224 249 -224 8 -489 227 -718 209 442 -198 972 679 -310 376 -358 -895 174 576 331 -503 152 -207 -2 
-53 -905 237 62 -321 747 857 -937 413 -260 565 -344 -519 -946 840 417 -309 294 -97 41 -879 226 -46 154 -889 -454 -227 -322 892 27 36 -891 -707 802 351 276 -581 17 223 410 410 129 64 -762 -8 122 27 740 743 258 -384 952 378 170 782 -394 -848 360 969 -76 -356 547 -885 -67 -27 -954 -643 743 741 -488 577 -314 -583 307 -413 -822 255 938 -704 89 984 449 -345 751 -183 -679 496 991 -359 -43 456 -517 613 510 -466 506 72 -411 -994 -457 
-3 332 336 -801 596 -385 -819 75 -450 -888 610 610 -401 505 278 -253 -864 238 570 -392 181 -349 548 -275 -745 855 196 -612 -122 472 537 533 -460 -724 382 -759 -727 438 951 351 -145 -229 -731 378 -787 -259 -253 -145 -978 537 -708 -885 360 -937 -653 -224 662 -673 -138 954 916 -362 138 -522 335 999 -318 -318 -958 -958 914 -334 -929 535 -752 766 -814 668 -556 -239 -180 -321 -448 -83 -934 430 -203 432 734 695 -309 -322 -108 -108 -673 -260 -637 935 -348 -925 
-903 890 -265 -671 -25 949 -668 435 -411 -376 -667 761 -602 -495 -509 680 578 578 73 378 1 588 588 953 -221 944 -885 63 -857 747 -501 -558 -297 -289 942 785 -716 897 692 886 886 -842 476 624 -739 -724 -173 983 -824 -275 -777 975 302 -84 748 -838 892 -617 431 127 180 -641 -273 302 -190 692 278 -266 -949 758 -445 -594 62 982 -937 922 -937 -807 151 227 547 903 90 -959 693 769 187 583 -768 -784 51 405 -861 970 397 423 -262 -267 377 -891 
877 -628 -551 -72 -925 -439 708 374 938 54 -178 -150 -150 -3 -398 -398 438 206 -47 -523 202 202 765 -762 -829 -923 -345 918 -578 918 704 472 363 286 149 -730 -580 -293 -293 -854 167 -254 -879 -641 -868 -35 -512 -592 979 756 379 -710 374 765 -232 765 -295 -785 -348 865 773 773 926 -90 -996 -314 888 266 -542 499 758 -882 541 -115 208 -445 -826 756 811 652 -491 49 590 453 453 986 -649 48 48 153 -240 -240 -284 -391 -516 329 -563 -412 -270 -172 
307 741 922 -648 -407 598 -648 -702 -648 -407 -322 -125 -125 321 932 626 908 -65 -221 773 790 -551 997 -854 343 396 -137 -137 132 182 293 182 948 -85 234 234 -869 -740 490 629 -99 -845 -241 -357 -872 630 91 91 872 -521 -293 794 642 931 34 607 -155 -268 169 488 739 886 679 -636 -401 337 -913 803 647 -307 -717 965 -460 990 -603 -252 -372 971 240 240 -164 -639 98 98 -817 162 184 194 98 -896 69 929 460 124 69 359 606 -846 606 -140 
394 -804 970 581 286 -65 -929 -858 -792 243 270 722 141 889 -719 -719 996 243 994 -627 482 -617 -403 -478 -742 608 501 501 -31 -31 -269 501 -571 -448 -5 -641 634 652 48 79 -516 749 521 604 -511 -735 -446 -487 -57 963 776 133 242 589 589 102 767 -623 -639 432 -232 866 986 -698 950 950 -989 -812 -846 834 -2 831 -28 -730 755 830 926 666 -461 -392 148 -303 148 -713 509 475 -593 569 271 271 -1 109 872 52 675 748 346 859 -574 -581 
-32 -62 368 701 498 -741 88 -324 -634 -209 648 433 -783 938 -200 553 -583 -2 405 369 672 749 548 763 -674 640 -33 731 320 -326 121 991 632 -806 653 -22 642 968 -356 -790 -579 532 -339 31 -44 412 822 822 479 431 -722 -577 782 782 -260 724 314 -765 -592 -836 -836 43 -848 -906 726 659 -288 401 225 195 249 244 244 -741 550 190 -488 994 994 -288 511 863 -868 -937 924 -978 -497 446 421 -2 588 -841 302 598 598 696 -583 580 -651 -321 
-664 232 -6 -75 -239 533 -3 -855 -844 -349 -309 120 -508 -470 -244 371 63 -973 555 -743 31 -280 31 -917 66 -20 -15 7 611 -104 -493 78 418 -513 -413 -553 333 563 484 -52 -778 -787 -331 34 -388 -863 176 -898 555 571 531 -854 228 -942 -865 203 -944 -799 -693 -545 306 -361 -343 991 -74 29 -814 644 -497 618 641 -715 873 924 -206 -722 -381 878 470 -373 -933 183 -744 920 439 32 -92 858 829 -38 -791 -828 -560 838 -465 -493 -288 -932 821 -551 
-901 311 -30 70 981 534 -392 112 387 329 -926 982 -961 -148 549 -924 97 452 756 -460 -917 -850 884 539 787 753 -573 -510 1 -91 88 -416 -442 604 813 -383 387 -112 -300 377 -175 241 -493 712 211 865 -964 687 18 -637 964 557 -778 761 425 955 71 -285 536 463 739 -342 76 450 559 -570 -746 322 -75 875 -895 -926 -372 -339 526 683 639 -595 -81 613 300 -333 933 651 990 -320 -859 177 -510 -797 371 -746 575 -424 -171 119 794 205 538 295 
218 -568 -551 -494 -130 -990 -605 145 -673 624 225 -227 288 622 573 733 -107 -851 202 -649 467 851 851 671 -929 -684 90 90 275 -368 -249 248 535 -297 -65 -493 110 -906 859 622 -4 -849 371 -136 753 810 -190 -338 694 191 -831 -509 790 207 -870 80 184 901 536 -781 368 859 688 -25 621 20 875 -528 -271 -646 936 772 91 -775 -614 754 5 495 -993 -75 519 -183 -820 123 -540 -832 87 315 8 230 457 -802 -424 563 32 741 -181 982 -368 668 
659 574 -385 995 -344 871 938 -827 114 769 -968 -557 -961 -812 -610 -212 -824 224 -65 982 -833 -184 -333 -530 944 -896 -74 512 727 416 -950 -256 -631 98 200 924 -414 -639 473 473 908 474 -222 -777 584 997 -755 -174 -608 -233 -915 -192 272 -419 -687 -687 326 10 265 -411 -232 -197 188 287 778 -148 168 631 331 684 241 -864 -993 372 -272 -470 754 720 482 -148 -934 -144 693 -564 931 815 354 924 -242 122 -697 -276 -885 -455 -455 291 897 736 -454 -200 
143 -761 593 -353 -573 415 818 -946 126 822 529 -260 -500 -856 -755 -391 697 -18 737 488 663 -169 124 507 -426 394 100 -999 -705 -877 -249 -852 212 -958 -26 707 -4 146 -98 310 607 -16 898 270 -117 -393 -347 347 -922 706 5 -353 70 923 794 927 215 670 -319 -351 924 232 320 148 303 143 -332 -625 -335 -759 362 681 -121 305 -425 718 989 -969 -487 530 -630 928 928 687 495 -506 645 -466 284 727 -313 -543 -759 -612 515 551 969 370 -498 -875 
825 330 899 149 -516 -19 599 213 946 -11 -557 620 786 -114 409 -862 944 -614 -556 771 -75 -424 796 -216 611 241 614 -429 -429 647 155 -399 998 760 -55 599 -621 -889 818 786 629 -365 681 814 -460 169 -871 -875 -247 -171 350 150 -447 -498 -986 459 -11 -862 689 374 405 -341 -19 -139 946 -231 786 -114 427 -85 -85 917 771 176 672 344 -216 -962 -69 -429 -690 966 647 -364 155 -399 691 998 564 318 -920 -621 -889 -466 -506 853 -365 -828 171 681 
-237 169 -875 -247 549 -171 581 -56 -963 -177 -115 652 670 830 405 636 668 636 -921 -973 -568 -225 -428 239 -607 445 171 228 -130 -845 308 -883 920 -558 -854 -343 -52 580 416 517 441 -708 449 397 -107 -941 -107 462 505 -758 955 -687 686 -670 -484 585 -565 823 596 -778 -903 399 625 -505 -861 -972 230 286 52 -645 440 425 411 214 722 -664 105 69 356 -708 -903 226 -367 567 165 -137 296 955 -160 846 431 21 970 365 252 -380 215 580 103 448 
641 385 -212 744 -947 426 608 -688 744 38 103 -765 532 132 -435 -762 370 771 -458 -458 952 273 -124 789 232 -215 963 -635 -994 77 293 -586 486 -745 65 659 -208 -954 -488 456 -597 540 -819 330 14 -891 965 -653 -830 766 -377 399 -855 -805 185 -397 -513 -513 -357 862 161 633 -898 608 138 595 -178 40 -590 437 -950 -294 -764 -186 -715 -726 534 97 578 864 -847 534 192 -219 -515 297 -240 944 -974 -385 370 691 23 776 778 989 529 -32 35 -110 
497 867 -469 -342 336 487 -414 -679 -90 319 -537 708 219 640 -114 968 968 -62 -34 -167 298 -137 396 -461 -858 -270 -578 427 427 -609 366 -103 766 595 29 -36 209 428 428 648 -780 570 741 837 -164 137 933 933 418 152 -292 42 -624 -38 -442 -779 -96 -271 405 -427 722 -505 -908 244 33 -81 -847 -750 -192 407 222 -638 -703 83 -685 110 -928 -932 -687 -28 -658 365 487 258 -870 281 -273 -533 281 -873 -149 -647 54 -779 -315 288 848 -79 943 -766 
-888 -430 222 -304 749 -955 -701 739 -324 365 906 237 928 631 690 631 80 778 -28 -639 -225 931 30 -680 -257 358 -533 715 242 549 -281 -232 -720 120 50 85 296 -1000 862 -808 867 876 268 408 -18 -430 -30 -157 330 -576 -342 -59 -650 895 -335 781 829 -729 579 752 -647 -825 651 -519 -178 -451 -423 45 269 337 396 395 782 -876 127 -861 -887 262 -819 -706 175 595 114 720 855 254 -415 283 -14 -872 925 683 -162 -224 94 -864 736 -382 542 941 
19 202 -86 -274 350 620 536 932 987 202 -488 422 -939 -598 -737 -301 512 871 -429 25 -341 921 960 -674 -78 600 -953 453 -730 729 -2 102 522 172 -317 507 -382 -536 -536 162 -649 -649 651 -776 -881 680 890 491 -192 258 -139 693 429 733 -258 -538 -921 207 986 23 933 184 130 -638 944 -599 934 244 -947 -748 679 934 -70 -981 -149 -1000 284 -876 -503 929 935 -248 -589 55 753 806 -842 -87 937 242 -658 -372 -566 -504 -58 378 -573 449 25 690 
206 -43 -306 720 -155 -674 429 -230 741 437 846 -401 879 -763 805 -717 -717 -458 -212 -81 -423 -843 357 291 -853 322 -652 285 -792 368 -330 -330 -936 -502 796 765 588 652 -992 -884 -934 662 651 206 -49 -49 110 -182 -367 -198 -701 -262 -571 767 44 -911 247 -544 789 -853 -586 841 -224 -727 -717 -555 206 113 800 527 -917 348 489 -276 186 -405 203 413 556 -265 -143 179 -420 -876 -599 262 416 623 518 -126 553 -372 208 130 -458 -660 0 919 -515 236 
-196 -900 -743 -740 736 917 -223 269 620 374 868 761 -167 -411 -528 675 -998 -690 342 999 726 -247 193 219 -922 -587 432 -79 934 53 279 -925 760 457 600 -775 219 81 752 -573 300 85 -226 -31 861 112 223 223 79 -2 602 -226 -961 -981 -20 -999 -799 731 620 -417 -608 -26 -160 -534 -847 511 -520 -520 133 655 256 383 -405 -620 608 903 -104 -43 -623 186 -180 89 -188 -343 105 249 -485 -905 -340 761 -559 498 352 -799 -659 288 380 206 380 206 
-846 -159 240 318 827 -888 462 -25 -532 -912 -177 -110 209 871 775 -818 235 376 -358 -895 -861 174 576 -503 -943 -647 192 550 -53 144 -626 62 -553 756 756 540 -370 356 576 434 -170 -444 -768 182 840 -417 -417 -309 311 748 -97 -723 913 -46 -502 -889 867 -322 345 -771 -688 43 27 -891 -966 252 -707 -897 -151 802 -202 351 -385 -581 247 568 -573 129 -762 -331 -262 -406 -980 279 -384 952 -287 700 960 -891 360 633 -875 -910 -387 -294 547 -186 424 198 
970 -486 831 -421 -706 -592 -735 680 -927 -451 136 -996 -413 346 461 790 -955 984 984 804 751 -679 -937 -638 496 421 -359 897 -517 -572 510 -797 -684 103 648 72 123 4 617 533 -566 -752 876 -801 624 125 634 46 844 388 -275 278 196 969 -122 472 -580 -323 -460 -934 -191 -727 230 951 119 119 -210 367 976 378 -787 -770 -518 -757 -22 711 625 -715 -715 -708 -718 -885 -342 814 814 485 -653 614 662 96 -31 525 -6 916 138 138 -432 -432 -522 874 
869 -223 -736 -447 988 -223 453 914 -906 927 535 -699 762 -816 766 75 -814 668 668 -621 540 540 -683 -228 57 116 696 -562 -448 812 -934 430 -144 206 734 -594 -232 -29 -309 50 273 683 -637 -348 141 99 433 481 -265 534 -671 -724 949 150 435 762 -571 -571 -411 -667 -209 761 907 -827 -495 -341 -917 680 578 -344 -309 -742 -742 718 718 263 588 720 584 -221 -156 944 162 -458 -885 -372 -857 -857 -801 -827 962 788 926 221 635 -997 -683 224 -105 897 
-297 747 -727 -727 749 633 -739 -724 459 82 269 -824 -777 975 -866 -777 -275 120 198 933 -838 -868 892 -617 -644 88 431 564 180 -507 -681 878 -527 692 278 -479 278 278 -266 372 -949 479 -230 -445 -608 -694 -234 889 922 -937 266 290 151 392 -626 547 -713 653 90 -195 -959 439 -817 693 351 653 936 583 -784 -387 -738 977 -861 303 970 -525 46 -960 -262 -738 -267 -602 377 -891 27 877 -25 -551 -551 332 679 708 374 54 320 -178 884 689 933 933 
-708 -113 -842 206 -238 -380 473 -901 765 907 -605 -737 612 -578 -458 472 -821 -667 286 -463 291 -730 -580 70 143 70 143 -921 -134 -879 698 306 -641 -205 -868 -172 129 930 53 992 -720 -436 -15 -396 433 -232 -295 765 -470 -785 -644 -348 549 926 -400 398 -90 558 558 -811 638 -507 -507 817 817 135 758 474 -736 -54 541 998 -50 -826 547 -637 144 652 969 -220 974 590 -317 453 -649 390 930 727 727 861 124 -524 124 153 962 559 -240 875 -398 -773 
-516 329 -919 692 692 670 -114 -412 15 954 306 666 307 922 598 -702 -648 -405 96 -407 -260 -322 -7 -410 792 591 -125 321 -735 -893 932 598 -702 96 -260 598 598 -702 -405 -405 -407 -7 591 321 -735 -893 -813 47 -976 -65 -221 758 479 -160 962 97 -982 -484 -672 323 -821 362 -805 132 977 490 977 490 -452 662 566 718 147 -404 -293 505 -172 490 629 -597 -844 -525 -241 -357 741 -872 -872 -157 -862 -889 -521 -521 -761 166 218 931 34 607 927 -155 
-527 120 991 -709 -868 -868 907 907 828 886 -606 679 331 -141 958 337 380 -983 -307 -717 -344 -679 174 -853 990 -603 411 -372 -234 -234 -990 971 -990 -573 84 342 -639 -569 961 466 -310 -653 -764 616 98 -470 583 -314 733 644 -620 -979 -323 -605 58 -846 58 647 447 988 770 895 -303 970 -450 -196 286 -65 -929 261 636 837 -440 722 141 141 903 135 135 743 -939 -803 182 -663 -728 -997 -478 -742 608 717 -786 -786 -930 955 955 -269 719 -448 -641 -337 
190 -381 506 -538 920 -747 -503 919 749 749 -593 818 -803 -389 -389 604 -511 -979 -183 655 963 -341 710 133 -425 686 589 390 767 -872 887 378 -639 432 152 -969 396 -542 978 -876 -862 -989 489 -827 -126 65 685 -28 287 755 97 -546 926 666 -461 -303 -392 891 463 -713 271 -805 186 305 -39 -996 271 -1 26 534 872 360 -131 -355 730 346 -288 -939 -585 -32 69 -719 368 -229 -451 701 489 -741 -962 -324 -324 908 670 -9 -902 43 -768 -200 5 -583 
-2 672 548 548 -674 43 884 884 731 731 -184 320 -965 -476 761 632 653 -159 866 642 -304 -681 -790 532 -568 -339 287 -44 412 -369 519 -722 -463 -463 -260 724 -205 -581 -765 319 -728 -523 -848 726 541 659 530 -492 -536 -536 -332 195 -648 -307 -183 851 -241 -88 -424 -288 -288 578 511 489 688 688 148 -497 -648 421 -2 -404 302 302 -866 598 696 -999 -432 -953 -545 -664 798 798 232 -953 -75 533 766 891 -3 -710 919 -377 -191 120 -345 -470 -129 77 
545 509 -973 618 -743 -280 -251 46 712 845 775 296 -844 146 13 -206 -431 -962 -553 -899 647 -842 -578 202 988 379 856 -179 -388 -378 10 -447 -898 209 -798 -465 -213 196 -520 -615 -865 621 -236 -372 -783 452 423 -521 485 -958 -770 116 199 -814 -223 -652 345 -898 351 324 965 -52 -548 193 -911 470 -373 370 939 -744 920 -979 530 -745 890 906 170 452 904 -822 -560 838 528 -493 973 763 769 -752 -834 257 284 -336 59 -964 305 332 -847 -570 -899 88 
-945 -148 -475 944 -137 -124 529 808 558 546 706 476 -960 -895 95 115 -510 1 -91 959 -416 -793 -517 447 287 757 -178 853 -39 -357 241 -347 -591 -996 -928 687 984 -637 -363 100 -585 -876 -167 901 -53 -285 -180 416 -788 -352 12 -455 559 -570 -723 -485 9 -382 718 -577 255 581 -728 458 490 224 -700 -713 588 867 444 990 -320 627 -409 663 898 32 395 -460 407 -488 646 -632 137 955 286 728 -473 948 120 852 -823 362 74 998 487 -516 -680 -271 
320 -956 -604 973 -767 -98 933 471 829 -634 -645 -562 423 475 -987 -279 229 -367 341 778 -123 -381 186 586 325 211 -703 -693 -461 -708 606 877 -108 -357 485 -742 523 191 565 -956 276 -29 852 -458 -244 -872 -250 137 -324 604 736 733 -468 235 761 123 -356 -835 594 -158 458 -759 724 947 -312 904 967 -722 -481 715 821 470 -475 -305 -931 -608 687 -967 56 602 -222 -194 929 834 -946 -888 704 689 -826 -889 878 -387 2 -837 897 78 -741 400 878 292 
-108 -433 -523 -692 572 293 -291 392 -29 -553 -852 -868 494 507 169 -423 665 200 -628 -47 -155 612 -370 -718 779 226 -982 620 -101 611 472 -278 -743 293 -308 400 546 -660 912 -756 254 622 691 848 -260 -401 205 -350 878 951 -890 342 -175 -849 380 89 -569 -962 798 -782 -397 545 -257 -980 -622 128 166 -333 273 179 859 -82 -757 260 -961 -130 -859 -538 -480 -880 -987 4 751 215 115 599 623 -881 340 -254 -306 972 -49 -451 -8 962 -962 606 842 593 
-578 104 -978 -942 -418 -691 707 -487 -46 560 305 342 -836 -425 357 -741 -407 -131 333 526 -265 -913 -483 -851 273 -628 370 -954 142 284 821 -698 -160 -397 668 378 -840 -408 961 -294 25 -955 360 733 187 -322 -56 -736 117 -751 -131 779 -819 -500 -746 -506 477 -379 777 979 878 343 -284 824 350 -13 773 108 932 -729 -669 -607 -772 -568 961 -111 -955 844 857 -963 922 -424 -784 -123 989 666 87 -365 -495 -545 111 -67 -418 219 -835 419 -767 -69 -498 -682 
