-890 742 838 -23 -207 -292 -625 -839 -839 639 -117 -779 -592 258 -16 464 -469 -814 653 -669 -669 921 370 400 559 126 633 126 -264 382 280 -482 441 741 -61 -871 160 -202 -646 -317 542 -942 -498 264 -548 887 -246 624 854 473 369 369 593 -512 -362 913 782 -547 782 782 866 -308 923 -255 -357 -43 -281 395 585 -107 601 -960 -894 -177 -508 603 971 496 406 -336 -280 843 661 -518 710 520 786 931 211 403 968 809 194 -332 -253 290 -557 257 -600 -101 
47 47 351 -874 507 -516 -516 616 -660 -660 640 630 850 759 709 142 -943 973 162 -54 305 -938 780 152 -81 -163 -163 578 890 -578 497 497 988 405 802 -847 -847 -727 -781 359 -148 98 285 285 454 210 -291 -75 209 -645 -62 -403 -403 -444 -303 550 376 234 19 283 -276 859 861 422 521 956 -691 322 -1000 -576 -320 -241 -323 486 486 -399 -829 -594 656 -255 -563 -969 -414 994 99 -686 -991 878 552 788 -149 -415 -535 922 256 313 -341 -341 -888 -724 
-939 -574 338 -688 -339 276 -190 -127 -399 647 29 429 -270 827 852 923 -987 -577 51 581 463 998 -924 617 -961 -451 -430 30 458 952 -885 -885 306 624 -77 -77 -31 892 -258 773 -28 498 522 -607 989 64 64 951 -311 407 717 717 666 -358 666 749 -315 495 40 -659 -655 32 267 -592 618 792 -681 797 -752 514 813 517 617 617 -985 -239 -915 -851 172 -113 609 -585 -580 2 345 775 -411 -645 -317 714 -622 884 -312 -698 -519 -249 -249 789 855 -620 
379 -592 -460 -957 -61 845 -327 951 -151 213 -306 -469 -306 -577 -370 951 678 -103 -972 -468 23 -684 773 -818 316 -735 -898 -585 -585 -928 -511 -818 504 628 -953 -992 793 497 52 318 -203 -203 -152 -386 660 -248 455 -266 897 -491 817 -584 -497 -890 58 -810 -129 399 913 -333 -605 951 -350 856 -833 962 -266 -983 -482 -291 434 -465 -552 155 548 -686 989 90 -804 -319 185 434 710 -246 911 -87 -17 871 234 526 -997 -836 -138 -726 -341 -622 -268 -678 -53 -141 
767 874 543 -971 543 -666 963 -478 921 568 252 568 -297 168 908 -887 655 888 -154 536 270 -526 -323 797 859 677 887 -291 681 718 -88 287 859 -225 810 690 -179 491 -326 114 -863 -622 546 429 -459 355 -349 19 -994 -422 -181 -244 167 -843 -135 -489 -729 -852 -893 820 -270 -992 -988 -499 226 885 -806 890 652 -54 -475 838 -461 -7 659 88 307 -674 -377 -499 65 -762 248 -704 483 -272 -168 830 -307 715 -906 -647 -240 -981 324 -637 -404 -726 -113 569 
-424 637 430 -347 48 202 202 239 171 -124 235 235 704 809 589 493 -948 866 -680 953 -917 -687 34 -917 -452 -734 -819 -186 -994 -294 -294 -557 205 -520 -354 207 207 207 207 -301 -90 599 -739 979 864 140 233 306 -770 340 -418 -115 -430 -763 -578 -947 -379 490 -164 -131 142 -654 -226 553 -434 -674 -870 -674 -633 231 -475 298 660 503 -725 -233 -314 -259 -810 -322 385 -708 -760 826 -189 -865 11 556 -459 405 426 822 346 -109 -566 -566 70 -317 -877 87 
143 -882 -490 855 -289 672 -512 -919 70 -901 -919 -655 615 954 242 -834 -880 270 815 -706 -678 -597 742 525 -757 -696 -108 -823 187 -776 766 399 437 398 -409 389 -788 761 -699 313 298 -575 -108 -993 -704 -843 -843 -954 968 -190 -94 857 383 443 383 585 138 13 508 -900 125 684 -816 555 -2 629 741 -765 -445 -858 -875 -716 181 -211 -52 -52 286 69 -521 155 -290 155 101 174 -246 -837 -288 587 -90 105 -865 -215 867 867 -15 602 -185 -422 -773 382 
361 925 941 979 83 -119 695 337 -858 -433 107 7 -888 -53 -22 689 16 175 677 204 -114 -18 79 -906 872 612 476 -635 152 944 -155 523 -169 -97 508 947 -916 483 77 290 -3 -177 -592 417 873 -339 957 406 -338 384 -299 490 490 693 270 -263 136 136 -867 -98 -581 -866 -135 -926 432 11 -955 464 -705 -146 395 686 -380 659 715 -466 489 133 -612 -651 540 485 -12 -278 -657 419 405 55 102 545 956 426 -913 685 685 471 796 -567 280 257 
165 -463 -404 210 687 -865 -712 -154 871 -872 -341 649 -616 385 -472 -241 951 -241 -241 -61 685 142 933 496 136 853 -879 727 -71 -984 -39 913 -179 629 -811 -455 -145 544 -181 975 -790 975 704 -422 558 799 368 657 220 -528 -629 732 -605 933 -659 -387 -66 -476 934 -126 -74 -672 -833 148 647 -155 20 49 37 -85 353 -725 -725 -501 -752 -201 -707 486 -596 849 718 878 -449 482 -710 -265 655 -813 537 -118 -933 -477 -723 -156 96 473 -101 -258 -193 -971 
-971 827 827 676 7 -138 -773 118 505 934 -471 398 850 110 940 420 -532 -151 289 -959 -85 -512 -975 -346 9 -100 -469 -902 918 -404 -155 -692 367 -819 38 -958 -563 -41 -963 -722 637 826 -405 -144 922 -284 52 552 742 -365 60 -51 -915 151 -580 925 887 -567 26 971 308 733 26 28 315 -553 -833 -299 784 -419 814 -872 -66 -482 -481 395 -303 533 99 -336 -965 -336 598 -224 598 -512 -258 49 -144 -250 162 -393 -665 719 33 412 -463 451 -753 294 
26 986 -313 311 886 89 569 -689 69 996 -926 158 158 -617 -785 278 -617 -731 20 20 20 -259 305 -411 -59 -491 -715 363 -594 225 -79 -528 -525 -144 603 -213 743 -931 -228 511 -854 854 -568 223 210 534 748 625 -538 768 751 209 541 209 -854 -45 -998 673 -456 -267 592 -514 -882 -77 864 -377 716 940 786 509 -703 -616 627 -395 -122 -714 -714 239 203 -753 485 923 920 920 53 -89 472 -883 -896 -699 320 919 335 -287 -923 321 -450 327 803 86 
-751 -751 777 733 345 -696 853 -73 -81 87 -851 -422 804 493 732 95 829 -821 355 -476 494 -124 775 -434 -285 -962 684 -198 164 259 -39 696 -980 -337 -541 -917 -158 -336 751 -336 242 285 471 515 677 -116 186 828 675 516 -893 -746 -393 42 635 42 779 -632 -764 -756 768 354 768 212 680 614 -503 638 784 784 408 546 84 -198 849 -77 -730 -936 927 468 716 308 -611 851 -364 -243 -458 -412 924 662 -856 340 642 -238 211 -2 18 -297 -302 666 
666 -37 312 433 -171 -303 249 -172 735 19 247 247 534 -557 -161 671 380 -293 686 -313 653 -31 136 -30 -459 -944 13 -178 93 -846 -94 641 641 -770 -118 -118 -857 588 917 952 364 -927 -651 216 692 946 481 -228 -371 817 -587 -23 532 -292 -27 -625 617 477 -515 -779 -452 756 47 -469 -431 -345 785 -669 123 921 -45 370 687 126 31 441 741 -601 -61 160 -646 218 -498 264 634 -246 -232 854 826 -812 93 -623 -732 590 278 167 866 879 -295 -255 
-976 -778 395 700 -508 -508 512 496 -566 -280 908 -518 520 53 53 322 540 194 -253 -834 -317 -273 -238 -101 627 351 -516 403 -660 640 517 930 142 -943 -785 865 413 -938 -271 659 -163 -275 -275 -578 208 57 988 -149 -152 405 530 519 -695 -365 359 395 -64 723 232 -75 -645 -509 -305 -669 -444 250 -4 234 19 -664 283 977 861 821 521 624 322 923 -8 -6 520 994 598 -509 -594 -655 -563 268 778 560 -981 -686 -484 788 -415 -149 176 776 313 -54 
-93 -272 -645 -171 -171 -587 -837 -815 -442 -78 -220 -858 -577 -585 581 463 309 -924 507 89 -531 -451 -430 -836 877 952 -885 241 -403 -809 -806 -258 -560 522 989 -607 529 64 -858 407 730 664 877 207 749 -29 249 -659 -402 -319 267 -275 618 -681 174 994 514 813 517 -117 663 -616 -616 -915 -851 -643 -585 -226 -884 -645 -317 -774 -546 681 379 -108 757 -460 743 -443 -712 361 -865 -151 -974 776 463 -370 160 -468 23 252 -684 -735 -898 314 326 680 -818 504 
547 793 611 345 -386 -248 24 -266 -58 915 -497 -890 907 58 -170 -129 356 833 951 -350 856 -590 -119 308 -255 -482 434 -452 706 90 472 -804 434 975 -246 -685 315 -783 526 -568 -341 -622 399 -268 -26 767 297 -971 -98 19 -630 921 398 -757 -887 -639 -946 -281 888 -651 536 -526 797 677 898 -291 -765 -29 859 341 230 60 -687 -237 381 79 -424 488 -197 285 -347 925 -573 239 171 235 35 -221 16 953 34 967 -452 -734 -994 -933 713 205 -892 -354 
207 525 -75 738 778 -659 -596 -349 340 946 -115 -60 -578 356 -783 521 -379 391 -230 -192 93 -131 -739 -654 -899 -870 251 231 -475 894 -725 -810 978 820 385 464 408 -269 -189 -865 -565 64 822 -109 70 -535 -466 143 855 -512 329 559 -423 303 255 908 922 242 -680 -42 862 -180 815 -478 760 64 -597 496 -696 -215 724 -866 636 545 381 900 -108 594 -843 267 442 586 585 -900 -919 -816 404 -228 -2 -853 -445 -875 -716 181 -310 -211 341 -723 69 -112 
155 -290 69 155 -290 174 -112 101 174 -994 126 1 172 20 665 -863 -990 -15 69 -985 -601 925 979 -987 -764 -790 107 -888 987 -53 689 175 -114 -627 566 -809 433 476 -971 -778 -97 947 864 864 -916 483 301 -3 -177 742 -592 873 957 812 384 651 634 -263 244 -866 -135 -67 11 -498 -179 -295 823 590 -532 500 -655 167 646 133 -612 -651 -978 -278 419 100 -230 545 426 -194 -913 685 -567 165 664 210 687 -168 871 -424 -341 385 951 865 685 496 
136 -879 727 -908 -39 -477 332 -954 593 544 -181 -480 -422 756 -80 -556 656 -884 939 -436 -212 -387 739 -785 -672 244 -155 971 49 37 800 542 -255 -752 17 486 323 -172 -57 743 -190 -550 111 537 -933 901 -40 904 -902 -404 371 -692 367 474 -164 637 -405 -144 -284 -284 843 331 52 165 742 60 151 -580 -532 835 -87 971 308 -809 419 315 -847 -833 725 477 -66 -481 99 186 -261 -681 -954 34 399 -250 -248 729 412 569 451 -753 26 -148 257 -834 
707 -256 -136 69 996 707 158 -54 -617 908 20 -777 -438 -59 -715 363 -594 -130 -10 -270 785 -213 359 -931 -844 138 223 469 -528 748 -740 768 624 751 541 -854 -45 961 -456 444 -514 605 965 -703 802 627 -395 -607 855 664 -446 -244 -896 533 335 -537 327 -943 -955 239 -846 -572 -751 733 -617 -73 -660 87 -851 409 493 -50 -821 192 281 561 -810 -434 497 -962 -206 -39 -980 725 104 -178 678 473 751 242 471 552 677 219 186 828 -765 516 -268 635 
795 -632 -756 354 305 -107 424 590 578 638 -525 408 896 84 849 -77 228 108 927 -412 -611 851 -709 -243 727 -412 -223 924 -6 -191 211 -297 974 -302 743 666 312 145 -303 -559 735 19 784 247 -421 671 686 -313 -703 794 794 641 136 761 532 764 555 57 987 863 -260 928 715 216 -228 212 -439 -49 -913 -31 880 -532 -773 478 532 442 899 179 -54 739 -984 -908 597 554 -387 480 -386 239 44 520 951 -576 -255 -48 776 764 213 620 770 381 
-111 884 525 123 -327 769 -552 -208 -714 557 -249 372 -571 676 934 712 -968 -563 -944 933 -52 -622 -657 -581 106 -403 -496 705 -764 -596 -238 -15 -768 220 625 -500 157 411 629 52 343 83 -59 343 361 -163 -122 -496 -763 -505 -751 -154 -820 550 -466 -878 868 595 -142 -369 -547 -657 928 -24 284 793 -431 -179 -844 -135 720 -923 -886 714 276 855 371 968 -884 -610 392 20 -90 755 462 -986 441 49 -184 -494 279 -420 764 -729 -651 -51 -408 -709 -3 -758 
-803 274 -685 879 -459 -867 319 956 339 -303 405 957 -123 -41 52 -541 670 271 -982 -428 619 -723 484 -940 245 -484 -532 -940 -518 99 -532 -476 856 455 631 537 -95 769 883 52 602 -439 318 325 645 8 -694 -183 93 572 -291 912 570 -469 496 346 -294 989 171 -505 -670 -867 498 -244 486 171 352 179 215 -988 -297 -799 -366 230 -523 697 -373 -499 259 -278 -555 -595 -544 -836 866 -64 -379 -788 994 140 210 -377 956 -872 -122 996 930 -28 -296 379 
260 723 -816 -468 -430 192 -187 796 -734 -866 -292 -205 350 476 -54 -77 -745 86 -462 -94 -977 77 30 -785 992 414 367 -466 -212 -460 -92 -11 771 -960 832 522 -230 692 422 915 -210 -391 545 -700 846 293 193 859 -211 -677 957 343 -427 -146 217 293 -380 308 -697 381 49 -584 -45 878 897 411 582 823 509 306 590 -634 -423 675 768 201 745 102 -829 -103 -480 -733 -444 724 -748 -668 -487 -693 264 -332 574 56 -119 -331 -715 191 -623 -334 318 645 
721 534 322 423 630 -458 -866 486 -829 437 -991 -828 9 -500 0 402 -808 278 -34 182 -995 361 -372 -662 -838 142 -478 315 -128 951 553 60 973 808 975 -979 -922 -141 806 88 -490 -942 466 -208 -463 420 938 -603 -296 -655 744 -25 94 524 674 842 -277 316 217 977 -307 -753 60 -32 702 -264 114 727 306 -835 200 -61 -767 -943 369 862 -118 -113 -985 435 99 -943 -164 -600 -25 257 -933 -461 -464 812 954 889 -775 -672 -966 940 -586 840 823 -68 
959 -23 224 532 37 617 477 -839 477 477 529 -779 -172 -408 47 -469 464 -469 -431 653 785 916 123 916 921 992 -45 370 559 155 633 382 633 852 741 394 -871 -646 -646 218 -757 -378 -51 634 -246 -232 -396 854 826 -812 -929 -570 672 288 913 879 879 -295 -233 485 -255 -357 -765 -43 -43 942 -28 -894 971 -177 971 255 512 496 -566 908 798 53 322 432 931 -756 211 968 -478 809 194 -332 -109 -521 -600 -101 351 -438 507 -516 -830 -796 -312 640 
517 830 -395 478 961 961 162 -54 305 -938 -231 89 152 659 -81 -585 -751 447 54 923 578 -7 -145 -668 57 988 -152 405 -44 84 84 -732 -470 -396 -365 359 995 203 693 723 -709 232 -709 555 -382 -858 688 -444 183 250 -681 461 234 -664 283 -276 977 859 702 422 521 -715 624 -616 -1000 -576 -881 310 -241 960 520 -323 994 994 -399 -793 -509 656 -255 865 -414 268 -414 778 428 994 -981 -826 99 936 -614 878 -152 -415 788 -415 981 256 506 923 
-389 -300 -272 -645 -171 -724 -574 -688 -339 -127 623 -108 -105 647 -383 415 -78 661 -220 399 -458 901 -458 -519 166 -585 -289 -576 -924 -652 -652 -408 -451 -61 877 -824 30 -824 -727 952 573 443 54 -187 -77 892 -806 773 776 522 614 -607 989 315 791 -224 514 407 306 -485 877 -358 9 610 495 -63 -659 -248 267 -592 -275 -592 695 792 792 350 994 -984 813 -697 667 -985 663 -239 -239 191 -851 -602 -943 911 -202 -585 145 -580 920 -291 -959 -959 -317 714 
84 376 -596 -151 696 644 -108 -592 -460 743 -277 -508 122 951 -865 -974 -155 -306 463 951 951 -747 948 952 23 -74 -645 -684 -818 -735 -779 316 314 948 680 -729 -11 502 628 -520 -210 369 369 170 -767 -257 660 578 455 888 -24 915 168 807 -890 615 58 57 -129 399 120 913 961 872 -584 8 856 -936 -590 -570 -266 308 -255 -269 495 706 -686 871 -841 472 974 975 -246 902 -17 315 526 98 915 -568 279 -813 188 -268 -268 -678 303 303 -476 874 
297 -666 -971 510 -150 625 -729 -729 -297 398 -757 908 908 -887 -139 -396 888 -154 -651 536 -319 -526 -404 898 -291 -316 -316 -688 -29 849 -225 230 -49 -915 -197 285 -347 -851 -573 239 171 -512 -124 704 704 809 981 -941 527 -815 221 734 -734 -994 232 -933 713 205 96 -26 815 -85 953 193 -73 770 525 178 738 -831 -453 -659 140 344 -457 -770 -349 340 50 50 -418 -514 -430 -763 -578 -783 -143 -649 88 88 -230 -164 -925 -739 -824 142 613 -226 -226 -984 
-984 -89 -870 857 857 251 -952 733 810 503 -725 340 -233 714 -810 657 -322 -998 -998 385 464 408 -305 54 346 346 -565 -726 -212 822 -846 545 879 -109 -566 70 -317 -535 -882 -271 -466 -271 5 5 -40 967 -512 -846 -423 303 303 908 -653 922 242 -680 -167 862 -180 322 377 -678 64 -597 -12 -12 496 -696 -80 -823 -80 -823 187 483 -776 766 567 437 451 -145 545 -807 381 900 -941 935 298 -575 -39 -844 -120 -843 -838 -954 442 -355 176 586 -94 383 
989 383 585 138 13 -900 -832 -816 -150 174 -261 -2 -228 558 -445 -159 -716 73 -716 -716 40 597 -211 -52 438 438 402 69 -112 174 174 -994 -874 -246 -874 979 172 105 -431 -215 -215 -863 -990 -15 253 -185 -312 -773 -601 -601 669 925 160 606 -655 -242 337 619 -790 -882 497 -888 -675 567 840 204 495 141 79 332 -809 -379 288 288 -716 476 -635 17 -158 98 -97 508 640 947 384 290 568 -3 -455 -733 866 -733 -296 270 225 437 267 406 -338 -683 
651 490 693 634 -184 921 -397 -98 -894 -135 -67 11 -955 -837 464 395 686 521 -436 -532 -655 -113 646 668 192 79 79 -651 235 76 419 -877 -26 55 -160 513 956 -12 426 733 -913 921 796 590 -567 607 257 165 360 687 -285 567 -712 112 -43 -341 316 951 865 865 744 685 933 496 142 496 -692 -155 -778 850 -169 -21 -908 -984 -21 274 -984 -39 -352 -780 -179 -891 -179 -477 -891 140 354 -51 836 920 770 332 -954 629 -620 -455 -145 544 157 975 
-181 -790 -422 558 558 799 869 -80 243 687 939 -436 -354 939 -659 -399 -581 489 -410 -126 -74 -157 -743 157 780 -155 20 685 -887 581 -286 -569 -255 -201 -707 530 -626 486 914 530 -366 -57 580 580 -718 -718 -190 -550 -260 537 -933 -575 70 96 608 -397 473 -702 128 483 -139 -275 -268 -344 -344 -138 -773 -442 329 -423 505 824 775 449 398 -439 850 110 597 -350 -793 -338 -166 516 603 418 38 -959 -584 -85 -657 652 134 -595 -100 853 -750 -102 371 974 
367 38 -647 -164 227 596 -294 918 -405 -385 -955 -284 922 843 -713 -509 -920 1000 -741 738 -468 -915 -580 673 835 925 887 469 -567 215 -567 -567 -809 28 315 -847 832 681 681 320 814 -66 490 -872 490 -481 -303 448 -376 -965 186 -336 -681 708 -258 49 -838 -144 920 846 951 -665 33 -213 -457 443 -316 294 986 966 945 381 707 914 961 215 434 -489 -54 -785 27 -617 -566 -566 -731 426 20 -777 325 -438 -539 -539 -491 363 -635 -594 -114 -467 785 -10 
-528 19 935 785 79 359 159 -130 917 -844 511 377 -568 984 907 210 -716 -538 625 768 514 541 541 -854 354 354 673 961 -267 444 444 977 864 -331 611 -452 379 716 -482 802 898 627 692 -522 -940 312 664 27 158 -507 -89 -812 -494 531 -161 259 259 321 321 152 58 -960 83 431 -572 -751 305 733 345 494 51 -73 -660 -851 -851 674 637 804 493 86 -518 732 869 355 281 561 -476 775 450 -738 -285 -962 978 374 164 259 -39 -980 180 725 
104 -178 678 678 -158 -680 285 -230 552 219 684 -376 503 828 -765 300 -483 -893 84 635 -425 -632 830 679 354 768 -125 212 680 680 -831 590 578 -221 -919 -525 408 -928 896 48 896 -198 561 -702 108 -117 -28 -417 468 -412 466 -611 927 851 294 -709 355 -243 -458 -412 374 924 -536 -6 -856 -926 -825 -297 -67 -2 -302 422 151 -285 454 681 312 -171 -261 329 -296 -142 735 295 222 534 -616 799 -844 725 -313 -703 -497 164 -217 -772 761 732 532 -546 
-84 -878 641 -298 -770 -260 588 -441 803 364 -995 -651 -551 -478 -317 -857 -228 -371 135 -37 666 -439 -164 -298 -629 -31 27 -328 -773 478 -125 293 899 325 179 458 -54 -548 523 37 554 802 480 -386 239 -350 -74 44 -911 -445 -556 742 959 -23 -207 -292 37 -839 299 477 -515 -779 756 160 -16 464 -814 -814 -345 916 916 921 400 400 -955 559 -997 633 -955 155 382 -997 -482 605 741 334 151 -871 628 963 -202 -646 542 -30 -777 -876 -548 634 887 271 
271 624 854 650 -812 -278 593 672 -512 590 278 -547 913 -547 879 623 -255 923 -357 -778 -778 -281 585 21 -177 -177 -508 512 -893 976 -336 -280 661 -715 53 432 931 420 -478 420 -478 949 -109 -834 -557 689 621 -101 47 47 351 -874 -472 -516 403 -796 -610 630 630 179 179 170 142 -299 652 319 -785 961 865 413 305 -231 780 659 -163 54 -585 -275 890 -275 890 -145 -668 497 569 718 -363 519 84 -847 -396 -727 -42 -64 285 723 454 210 -291 555 
555 -645 -62 -403 -403 -880 -48 740 250 461 19 261 601 -276 541 125 -142 821 731 -146 624 956 307 -691 -1000 -1000 590 -320 -8 -8 -6 486 520 -399 860 860 -793 -124 -655 -255 865 766 -414 -27 560 994 99 415 -619 878 -149 -415 -149 -415 -535 -624 176 506 923 923 -54 -341 -300 -645 338 -724 -862 -257 -587 -310 276 -644 -399 647 -383 29 -916 429 339 827 852 901 -134 -302 -289 -948 463 -924 617 -652 -961 -531 -430 877 934 458 -118 -885 -885 794 
54 -403 -809 -809 -806 773 773 -28 522 989 529 26 529 315 951 -311 -311 407 -27 -410 -358 207 666 9 610 276 -63 495 -659 -402 -248 -655 -319 267 -592 146 160 830 830 -157 174 -984 514 29 -117 667 663 -985 -616 -915 -851 -113 911 -643 -585 -580 811 -580 775 -291 -645 130 714 831 -622 84 641 -698 -519 -151 789 855 644 379 757 278 -957 -277 -837 -327 951 -136 -136 776 -155 -306 -155 -306 678 -370 -747 -103 -972 -913 750 252 -684 773 -645 548 
-818 548 316 316 326 -622 486 862 -961 -961 504 -953 -287 547 -210 277 52 345 -386 -971 -990 660 -248 258 -266 897 487 817 913 536 -497 -890 907 -810 57 -129 509 -996 -246 -605 872 -350 -402 -833 511 962 -266 -255 -291 -269 -230 155 706 989 -686 90 472 440 974 975 -246 476 -685 281 315 234 526 -836 915 -726 -341 279 916 -566 653 653 767 874 297 963 543 558 386 -833 477 846 568 -535 -297 -788 -757 908 -376 -376 -281 119 536 -526 -95 -540 
859 -430 806 681 240 -730 -99 -989 341 341 -225 889 530 637 924 48 -573 -512 -512 685 235 367 487 809 589 -323 -964 -680 953 34 -917 -687 131 131 734 -767 532 532 532 -933 -294 713 96 -26 -459 -85 207 770 -826 525 850 738 -739 -639 140 676 -402 -520 340 -354 -514 -430 -60 -148 -947 -379 490 -164 93 142 -128 -128 -899 563 -870 -674 -633 286 268 -475 298 503 -491 -233 -259 688 820 385 464 408 -269 -526 54 346 11 556 -565 761 405 64 
426 822 879 411 -109 -566 -147 -840 -147 -840 -535 -458 -466 -458 -815 -618 5 -289 -709 559 887 -901 215 -575 954 -150 409 -42 -880 862 149 -706 888 -448 525 496 -696 -108 187 -215 478 766 451 48 -145 221 -178 141 761 324 381 900 -911 -980 -39 -108 118 594 -680 968 968 180 848 101 383 13 -164 138 508 138 585 13 989 989 62 -992 555 -150 404 -669 741 -643 -853 -445 -858 40 -318 -318 40 181 417 341 -52 -52 -723 286 402 69 155 -290 
-497 174 126 1 -288 398 -90 -865 -863 -990 -990 -899 602 -773 382 -601 361 925 377 979 -244 -778 -764 337 -258 -790 560 -888 -53 16 204 -114 -18 -18 -561 -627 -379 433 -716 -971 -278 152 -525 -155 98 508 508 947 864 4 384 290 77 -177 -592 873 417 957 406 372 -338 -683 651 490 693 270 -263 -275 -397 -484 -293 -581 -866 -135 48 588 -955 -179 -705 -788 823 -146 521 253 121 500 715 766 927 133 -651 540 -278 -657 419 51 513 176 546 318 
733 -913 685 685 471 -567 981 -567 280 257 -789 165 664 -580 687 -168 -154 871 -872 -341 942 316 385 -472 951 -61 685 -445 142 702 142 136 702 853 -155 -879 892 -71 -39 913 -863 -789 -954 -811 -45 593 454 -821 544 975 -790 157 529 -422 -222 756 799 -528 -556 -884 732 805 -605 933 -946 -236 739 3 -785 -74 -157 -672 -777 647 -155 971 971 49 -887 -70 196 -725 542 -201 -501 -501 -752 -752 -626 -596 637 849 785 -26 878 580 -710 -190 -265 -550 
111 -118 -118 -477 901 -156 608 -397 473 380 78 128 -971 -139 827 224 -344 -138 -773 383 847 246 824 -471 -638 528 779 940 -504 -338 478 -151 510 289 609 -537 899 -40 -100 393 276 -902 -907 -692 974 367 38 474 -803 227 -963 214 -294 826 944 -144 843 922 -713 -920 742 1000 60 -51 -915 764 151 673 673 925 887 703 887 971 -34 -543 -567 308 -34 733 -34 215 419 315 -847 725 681 320 -419 814 838 -66 -872 472 472 -481 -744 395 533 99 
186 -965 -681 -681 -512 34 399 -144 920 846 54 162 -583 -665 -273 729 412 -463 -463 -652 698 -753 -385 -313 -313 311 -834 89 487 69 996 127 -39 -54 158 278 -566 278 -617 881 20 20 20 -259 897 305 601 802 -411 -411 -491 -491 207 -956 -396 225 785 518 -528 518 192 19 -525 935 785 809 359 743 851 -931 -844 -228 854 151 302 984 405 -537 -630 210 625 -716 768 728 728 541 541 209 176 571 -267 444 -456 -882 -926 -893 -926 -714 -748 965 
-703 802 -616 898 200 -522 -122 -714 855 -753 239 664 664 -446 920 -561 -561 -812 -896 531 320 -161 -161 919 -704 321 -450 475 513 522 327 415 239 -751 -999 733 -321 -617 51 51 853 -73 -660 674 674 409 804 493 829 829 829 47 869 355 281 -476 775 840 414 497 -82 684 -491 -206 696 696 696 508 725 -178 678 49 751 905 751 471 -230 515 225 -116 186 828 -45 516 516 -268 -393 658 42 590 795 -632 -764 -756 768 745 -107 -831 680 424 
-978 638 784 -525 408 546 -198 849 361 -730 108 927 468 308 716 -306 -564 851 -284 -709 -364 -458 -176 -412 924 -909 153 -175 244 340 151 211 -67 -2 -2 -713 -302 743 454 -285 312 681 100 137 -290 769 -172 735 -217 222 247 247 -421 534 -684 671 448 740 -313 -507 -703 641 -217 576 91 761 -30 -459 -944 -178 555 57 -846 631 863 -179 -770 -28 -118 -702 -421 588 572 255 255 -927 -651 -551 941 696 -55 -228 315 315 817 212 213 -439 -675 -49 
959 -821 224 532 37 -625 299 -839 299 477 -117 529 -762 756 47 -469 464 -971 -431 -493 -712 -669 928 921 916 921 992 -45 687 126 31 155 633 280 441 741 -202 -871 -646 628 542 870 -51 -450 887 624 -610 473 -812 93 -898 -623 278 167 879 888 687 -295 -32 485 -695 -765 -43 942 145 -894 -508 -508 255 512 -893 180 -280 908 -518 520 53 322 -744 -756 540 518 809 -478 535 949 -834 -834 -317 621 -600 -238 351 -438 507 403 -796 -312 -312 630 
517 830 -299 -395 -654 961 -54 873 -231 89 -271 785 -81 -81 266 -810 447 447 923 -275 890 -145 57 988 405 519 84 -470 -470 -444 -781 -42 -353 -353 995 -878 723 -878 -878 232 -75 -786 -382 -305 -187 -444 -33 -681 640 234 287 283 283 -945 977 541 -637 821 499 -715 624 322 691 -881 136 -8 -241 520 486 486 994 598 -793 -124 -748 -255 -969 268 151 557 428 -470 -981 -981 99 -82 269 878 878 -484 -484 788 552 981 776 313 -54 -93 -272 -888 
-171 -939 -724 -171 -574 -587 276 623 -105 -945 -442 -850 415 429 661 -735 -458 901 139 -585 -804 198 -576 -126 -924 -652 58 -531 -435 30 -836 596 -824 952 -118 306 54 -187 892 13 773 776 498 522 614 989 529 -858 791 514 688 407 -357 -410 877 -358 666 749 249 971 -659 -402 -319 -592 -275 -592 695 695 -681 160 350 174 994 61 514 813 517 667 663 617 663 -616 -239 -915 630 -602 -943 -643 -585 145 -580 -884 -411 -560 -317 714 -495 376 634 -596 
696 -620 644 -592 361 -460 743 108 122 -669 -865 -974 -155 463 -306 951 -577 -370 -103 948 -972 542 23 -74 506 -735 -818 -779 548 -898 -187 -928 -622 680 -928 -153 727 628 -743 -5 497 369 369 -753 -767 -257 15 578 455 888 897 -24 -180 778 -497 -890 -170 -170 -129 363 509 356 833 -350 8 659 -936 -936 -590 -570 -119 -983 615 -795 -465 -686 -841 472 229 974 137 975 911 -87 871 -783 -818 -836 -358 279 -813 279 916 -268 -566 303 303 767 558 874 
-666 -971 -932 510 -150 -630 477 -535 -991 -297 470 302 908 -376 -139 -281 -396 119 536 -319 -765 -430 898 887 681 253 -29 859 -225 230 -49 -197 430 387 -347 -573 202 -340 171 -512 -124 235 367 704 35 -941 866 527 -815 -917 -734 -819 -186 -933 68 -557 96 -26 815 953 770 -856 -90 178 -263 778 -659 -905 -596 306 -770 340 946 50 570 -418 -430 -578 -947 -783 -143 521 -379 88 -230 -925 -131 -739 -824 142 613 -128 -226 -178 -984 -435 -435 -633 857 56 
56 -952 268 30 -41 894 -100 -233 -233 -457 688 978 -998 820 385 268 -708 -486 54 -865 -459 761 64 822 545 411 -109 70 -317 -535 -908 -882 -271 -806 855 491 -709 -846 -990 -423 303 303 788 890 -449 922 409 409 -687 862 270 815 -706 -478 760 -12 -448 572 496 -696 -823 -215 -108 -215 724 646 646 -866 437 451 398 -11 761 -699 381 900 65 935 -980 -980 538 -120 594 -838 -838 968 442 -355 -754 586 157 138 857 138 -900 508 -900 443 -992 555 
-2 -228 558 404 -261 -765 -445 -159 -539 -858 -159 -716 40 597 -310 -52 286 -723 402 69 101 174 -994 979 -246 -288 -90 665 -215 -863 -15 69 -185 866 -985 382 361 669 941 979 641 475 207 -242 337 315 -433 497 560 -888 -53 567 16 840 204 495 -208 141 566 740 -379 -716 288 -936 476 -278 -778 944 -169 508 640 483 384 301 -232 -797 -177 866 -733 -592 -695 -296 -339 437 812 406 -340 384 227 490 693 634 -263 921 244 -98 -581 -135 -807 -67 
-498 -659 -179 -295 823 173 521 -604 421 121 122 -655 -113 646 668 79 235 79 -978 485 -12 -980 -26 51 -230 409 956 693 -157 426 167 -913 685 590 -567 257 807 687 -285 -753 -168 112 -424 -596 -341 990 316 -472 -1 -954 -789 76 284 -744 -821 172 157 529 698 -790 -222 368 657 -80 687 687 687 939 -436 939 -659 -399 -581 -859 -126 976 -672 -833 157 110 685 685 -887 581 37 -554 800 -501 -752 530 510 -626 859 637 -366 718 878 -449 482 -718 
-718 129 655 -118 -118 901 -595 853 853 -902 333 371 974 -692 -819 -249 -647 -164 -865 637 -600 -76 -385 -405 -385 922 843 -713 -713 552 742 -741 -365 -468 -408 -580 925 887 835 382 -87 733 971 308 308 -809 -543 419 -483 -833 -92 681 -105 477 490 -872 -872 -481 -303 99 -965 -261 -261 -336 708 -258 -258 -838 49 399 -154 846 -894 -273 729 33 -213 -457 451 -316 -753 26 986 -54 945 89 -256 961 996 434 -489 -54 27 -785 -617 -566 881 908 20 -259 
325 897 508 802 -539 -773 363 847 -594 -558 -855 -10 -267 935 785 -160 -213 -992 893 -844 917 590 590 488 -517 469 -528 69 -716 625 -538 624 -663 541 541 309 354 354 -45 571 -267 -267 977 977 -514 543 611 -452 -893 605 786 -703 898 898 627 -395 -481 -940 203 -753 27 53 -89 -812 -494 -445 -161 259 919 -923 -537 321 152 327 58 83 239 -572 -252 -826 777 733 345 345 -617 -73 87 87 674 -362 637 -524 965 493 -608 -518 732 149 869 192 
281 -476 436 775 -738 118 -962 -198 374 -824 -39 508 -980 616 725 266 678 905 473 666 225 515 -116 219 186 503 828 -765 -45 300 -893 84 -393 635 -630 795 -632 679 -756 354 -401 -125 680 -128 -831 -831 590 -503 918 -221 -525 -525 546 -928 1000 -811 1000 561 849 228 108 927 392 -686 468 -269 308 -377 -100 851 294 -364 -243 727 -412 374 -223 924 -536 662 665 -191 -825 -67 974 -297 93 562 743 -285 681 312 145 492 -559 -838 -365 735 222 222 
784 534 -684 -506 -648 686 -313 -703 794 -497 641 -31 761 732 -944 -77 -84 -298 641 -770 -298 641 -28 -421 -291 -632 255 -118 -995 559 -551 -478 -382 -317 732 -854 756 135 -37 -439 -164 -298 -913 -31 -301 -532 484 478 -125 442 639 325 26 179 -54 -908 -548 482 597 37 554 438 480 -386 -759 -350 44 190 51 951 951 -576 608 -255 809 -48 455 776 164 -376 237 213 685 -546 770 291 71 -253 884 525 650 -327 769 -552 -210 -208 227 -335 -714 557 
-249 372 -571 -760 996 597 969 676 -734 -473 704 135 -691 712 -968 -494 -454 -563 -576 933 -944 933 -862 -298 -657 -581 396 -717 -536 -536 -976 -586 -496 705 630 -596 414 -15 -15 -768 220 220 858 -533 -537 101 -619 754 -885 -915 89 89 569 961 215 337 625 707 158 27 27 -617 353 457 908 20 702 -259 897 897 -995 -438 600 802 -59 843 -715 -635 207 -594 -130 936 -467 -79 -10 -267 437 -270 -144 785 -213 159 112 -931 917 -130 377 377 -228 854 
-901 -568 692 469 -528 210 534 -630 -484 603 69 -716 768 159 768 906 751 541 309 -854 975 -45 961 -456 -331 -452 -377 -882 543 -77 -257 605 -542 -456 400 -703 802 63 63 627 692 -522 -481 234 969 -697 855 664 312 -832 -573 158 129 -244 -89 472 -561 -540 -699 -699 -863 533 -161 919 335 259 -450 321 -537 -537 919 732 522 58 489 -955 86 239 -751 -999 733 305 345 -148 51 -696 36 -971 -971 -660 87 -851 -422 674 637 -524 409 804 493 86 
-980 -185 -608 -518 898 732 95 829 30 -50 86 -185 -518 732 95 -50 942 192 192 281 -909 494 -902 -902 775 414 -738 320 -285 118 -962 684 -206 -824 -824 -980 532 180 532 535 560 560 -178 -158 473 666 473 49 166 225 -230 225 -230 471 677 684 684 684 -538 828 675 664 -45 -893 502 -746 84 635 -630 84 -393 690 -632 -632 830 -881 -756 354 305 411 -128 -128 424 424 614 973 590 578 638 -615 918 698 698 -919 -525 408 546 -811 -928 48 
-198 -620 -702 -77 228 108 -7 321 -686 468 -412 466 716 -306 -154 851 -709 355 -243 727 -739 446 168 661 -223 924 -536 823 -6 -175 -998 -926 642 -423 211 -297 -2 -517 -285 -37 666 -37 312 433 -396 -261 249 -559 -365 -880 19 784 295 784 247 -325 671 -506 137 686 -313 -507 -703 794 -240 136 91 -583 -30 -30 -617 -401 -546 -178 900 555 93 57 51 -94 -770 -179 -770 -260 588 572 -441 803 -118 551 216 692 946 -735 732 -654 -997 -228 212 670 
767 -45 -164 -386 -386 -913 893 -532 -773 282 577 -215 293 750 -504 141 899 355 766 -198 458 739 739 -908 -548 482 597 -357 554 -208 480 -759 -350 -74 44 520 51 868 868 273 608 809 -593 455 776 164 764 237 213 209 410 770 291 71 -111 71 -158 884 525 48 937 -327 769 -552 -552 -208 -208 -714 227 -714 463 309 -249 372 -571 -760 -75 114 676 -734 -734 719 704 934 934 -29 -234 -968 -494 -563 -589 -944 -576 -944 933 -862 -34 -839 -657 705 
-581 -581 -451 106 -146 -403 -403 -976 974 -496 204 -345 -45 705 -764 -596 701 -238 -15 -768 716 716 220 -568 -850 922 -90 784 876 -647 636 -215 577 -640 -27 -603 892 -20 530 -902 -817 -500 -435 731 157 -543 -597 411 -325 18 822 369 983 83 83 488 133 -880 737 -810 -917 -163 -219 -122 586 -941 329 579 -505 120 -154 838 -753 -246 950 -588 -564 595 247 -777 -771 -866 -903 62 426 -504 636 -786 -90 -414 -221 -82 -179 -844 -135 -431 -699 -6 999 720 
-855 -644 -921 -347 960 912 -926 979 -136 -499 -288 -884 -621 -610 112 -497 -90 431 -470 844 -167 172 -639 -856 49 741 -905 -494 279 166 -908 -206 337 -651 350 615 977 -709 -181 -758 -803 -561 12 303 879 -809 996 956 849 41 -303 -578 -897 -366 757 97 300 568 -82 114 -1 -167 -982 -428 -731 -822 920 160 -281 435 867 -691 -46 570 -174 408 408 -696 -768 902 -698 971 -829 634 -781 -648 -964 721 769 832 872 411 -558 -551 737 417 -580 645 -88 573 
-694 155 241 320 -447 20 -263 976 -406 929 358 981 -779 -836 -653 -412 872 -50 342 498 -175 -505 486 791 -220 352 179 215 -140 -102 138 270 854 -742 -715 -690 -640 746 110 104 234 -544 391 898 68 -379 -477 994 -833 664 210 -488 -872 451 -459 -928 500 967 -472 379 260 723 347 -642 418 652 -152 252 -734 759 270 -866 600 -292 -917 350 -891 -54 -77 -507 -745 -108 86 -789 275 845 -977 -197 -927 -492 -541 -391 -785 267 -436 -641 194 -212 -58 -92 
-645 -267 -11 572 887 -960 392 832 522 -603 906 692 422 201 915 143 -659 422 809 315 846 -37 293 -575 -581 -799 -623 -482 881 -211 481 -145 308 -902 -44 450 -441 944 464 383 600 -817 -750 691 343 497 -939 -1000 490 -829 12 962 532 -245 758 -50 -393 -584 -694 -694 -45 -532 -681 409 -929 411 95 582 227 398 -786 306 930 -256 -273 124 -415 -90 -105 552 -543 -483 374 147 -215 -198 -102 997 257 724 -181 -817 -304 130 418 264 44 56 -747 -749 
-295 791 889 -623 -901 -334 656 318 67 645 721 -886 210 322 231 368 -169 -501 -947 -479 -866 486 943 -11 -306 403 -224 -991 -142 -613 -545 -440 -500 -543 0 402 283 -85 -492 477 355 182 -879 361 -372 -662 -838 157 622 -341 262 -128 951 -483 -400 -171 -245 975 -384 582 -810 105 88 -161 524 466 588 698 420 938 -603 -296 -810 536 -25 -963 94 182 389 -941 777 977 746 -351 -686 158 -282 245 -5 -981 -112 259 -494 -33 278 632 943 627 -400 414 
18 335 -102 824 328 24 102 256 911 814 -144 864 412 -11 -366 -722 -218 285 -318 -24 -755 -653 402 -546 516 -876 -920 604 -286 -38 -579 -886 662 -463 66 890 471 -898 995 398 -601 -862 -923 678 219 238 640 618 -406 -625 -326 -342 217 179 265 -757 277 224 -966 -413 -399 -804 102 -744 781 -280 381 896 831 252 620 -689 -846 -192 -230 983 -83 686 -610 473 107 -141 -524 -598 552 615 -438 135 -972 -717 -550 306 -846 26 -585 -634 321 807 946 124 
-779 -494 -497 434 40 405 809 165 -331 -549 -316 939 -780 253 -194 483 -304 975 415 -735 -639 413 717 -682 244 367 -338 -191 202 -471 -726 507 959 59 876 -716 -661 -825 503 543 524 -162 -770 -447 131 -585 735 -48 853 -568 31 859 -402 -107 -425 112 795 -997 150 186 438 -929 -573 -150 203 -620 985 -215 -506 312 -831 854 580 -65 -342 -991 851 573 845 -412 -931 804 237 -339 552 953 182 -534 -952 -242 106 -278 552 192 -729 918 544 -756 632 -590 
671 -207 -275 -476 592 -231 904 836 348 -297 -69 -220 1000 -832 -979 -926 105 -5 -611 -223 223 330 -998 573 -368 -506 563 -275 -88 1000 -915 -950 -894 252 -889 -194 534 92 -742 -754 520 853 104 675 258 131 330 86 -156 -41 -100 862 228 -689 -176 -863 423 751 -915 703 883 628 -198 144 -877 927 -269 -99 -790 172 447 764 -166 -893 501 906 307 -586 -144 387 -25 -645 -840 -600 323 329 523 -385 -927 342 429 580 -383 952 790 -512 -481 -663 -399 -934 
982 299 -684 760 -592 -172 756 258 200 -16 464 -469 -493 -493 -493 653 667 785 -669 916 928 123 -819 992 -952 -45 -591 232 155 382 280 232 -997 31 155 31 972 441 334 741 -601 846 -996 -61 963 -202 -646 -317 93 -827 -876 930 264 271 -232 -396 854 473 855 -812 369 -152 133 93 690 -732 -647 278 -13 167 782 888 -777 989 -295 -32 -233 21 -930 -976 -976 720 -281 395 -281 -43 -281 -43 395 700 -108 21 -28 -894 -508 512 255 -893 496 13 
-566 -280 -280 148 564 -185 798 -340 -835 520 53 53 322 786 931 540 211 518 194 -253 -109 -834 -317 -557 257 -880 47 -101 627 627 -874 -874 -830 403 -808 -796 -660 -312 640 630 517 759 -881 142 478 -943 319 -733 -785 413 873 -938 -271 659 -81 -751 447 266 447 923 -275 -275 485 208 57 57 -563 -149 802 -269 -802 -802 -444 -695 -365 -781 -42 359 203 -148 203 122 -64 723 232 454 232 454 -878 177 -226 -75 555 -786 -645 150 -645 102 688 -975 
688 266 -444 740 -720 -720 -850 640 -4 234 234 19 601 283 977 -276 -945 -637 -761 -142 821 422 521 731 -146 -715 624 -559 -186 322 -576 691 590 166 200 923 -241 -6 520 994 -399 598 -829 -529 -748 -939 -594 -655 683 656 -563 693 151 766 557 -27 560 560 -470 -826 415 612 -991 -614 -152 -152 788 788 -149 -415 -149 -535 176 776 506 -54 -54 -389 -272 555 -645 -939 -574 -888 -645 -724 -171 338 -587 -339 -190 276 -190 -945 -442 -383 -850 -905 -78 -735 
-940 -940 339 -858 852 -987 166 -577 -248 -248 51 463 463 -576 -924 507 719 617 89 -652 -961 48 -863 -985 51 58 -791 -408 -531 719 89 -863 51 -304 -531 -435 942 -430 30 -836 439 877 -836 439 780 780 952 -118 534 534 -77 -809 892 826 826 -560 776 498 522 614 989 -607 26 791 -224 -224 -687 407 53 -485 717 -528 528 666 -358 9 207 749 971 -315 891 -136 -659 -102 -402 -248 32 -319 -411 -411 -275 -275 618 146 146 -681 571 310 61 310 
994 61 -752 514 177 813 -117 617 -117 -985 -312 -985 -312 -616 472 472 -915 -418 -851 276 276 911 704 -585 2 345 -226 305 -580 503 -884 130 -645 -907 831 682 526 -622 884 869 -546 696 681 -323 -620 379 -108 -258 -790 743 -668 -47 493 -712 -327 361 951 155 -865 -151 776 213 -155 463 -469 951 678 -747 160 -913 542 23 252 773 -818 -684 -735 -898 548 -779 -779 -898 316 316 -928 326 948 948 -597 680 172 727 -818 -285 504 793 497 277 497 611 
318 345 -767 -152 -990 -140 24 56 904 904 487 913 915 36 362 807 -497 615 58 -810 58 -170 -810 -170 57 -129 356 365 -574 427 533 872 -350 659 659 856 -983 -685 -598 615 -598 -291 434 -795 434 -465 -465 -230 -224 -452 548 -686 90 871 472 -804 -136 440 -846 -246 808 811 -685 871 -497 -77 -783 -997 526 -997 -568 -726 -622 279 -30 -238 916 551 -678 -26 -825 767 297 -666 485 297 485 386 -98 937 778 -630 921 477 252 -297 795 -757 302 -887 
-887 -669 -639 -946 -281 -154 -651 536 -166 -540 82 -211 -291 367 367 718 -929 926 -787 -691 849 859 849 -225 -974 810 865 -481 79 -583 488 -915 552 924 430 924 387 206 -347 925 202 -573 796 171 -512 -175 235 367 235 704 367 -382 809 -151 -964 -815 -815 551 551 967 967 734 -767 -819 -994 -294 640 205 -520 -892 -85 -85 207 193 863 178 -75 178 -263 39 778 266 1 864 613 -596 -457 -520 306 -349 946 340 946 -115 -354 -514 821 821 -148 -148 
-763 -148 -16 356 -783 708 391 -230 -164 -192 -458 93 -739 -739 142 -824 -654 -899 -178 563 -984 -89 -633 251 56 -542 231 -475 -975 -41 894 -454 -233 -454 -725 -233 340 246 688 978 820 385 138 464 -760 408 -486 826 -189 714 -642 -459 874 426 64 -846 411 -109 -238 70 -147 -535 -535 -877 -908 -466 -618 855 -806 855 -40 53 -709 -512 -919 559 -180 70 613 -901 -919 255 -671 -575 52 908 -541 409 -167 -131 -167 -131 -834 -574 862 -180 815 149 -478 760 
64 109 -696 -757 -696 -215 -80 -823 954 478 361 766 567 398 636 -409 -188 -788 545 324 987 900 357 926 298 -39 221 590 594 -843 889 -954 968 794 -972 -754 898 157 -335 585 -900 125 383 508 -900 989 310 -919 684 -816 -2 629 -228 174 629 404 -228 741 791 73 -875 -539 462 462 181 597 482 341 387 341 387 -723 -723 286 69 155 -497 101 577 -112 -497 101 174 -994 -994 -246 97 97 172 -224 -224 20 20 172 665 -863 294 -899 294 -899 
-244 -621 -621 866 -985 -601 361 669 361 669 925 377 979 606 606 165 83 -987 -764 337 -884 -678 -433 -501 107 -888 987 -53 242 689 621 621 175 677 204 -114 141 -125 566 -809 -379 872 433 -716 476 -971 17 -635 69 -778 -155 -158 -525 98 905 -507 947 -916 864 -916 4 301 384 77 290 77 -232 -3 742 -592 -592 -733 -296 926 225 957 -715 406 -340 -338 384 -299 -683 651 351 -263 921 -275 -636 -867 -293 -581 -866 260 -135 588 -489 -400 995 949 
789 -19 -179 -788 -146 823 173 395 -383 -786 -172 -912 -912 -380 -532 500 659 734 766 715 927 -682 -43 133 -978 -869 -651 235 -869 76 -278 -931 419 405 342 -230 30 102 -811 -811 -960 -960 318 426 733 423 423 -913 796 471 796 981 -492 590 207 257 -567 807 664 971 -285 687 -285 -14 -154 871 -424 -341 -203 -175 316 -539 -472 -376 865 111 111 -445 104 136 -692 136 -692 -879 850 -36 95 -570 892 95 -39 169 -863 368 -80 656 243 243 -884 732 
732 -669 -354 -38 -45 939 933 -659 -387 818 489 37 -785 -74 976 -672 244 -385 156 -410 -155 -570 -570 37 -887 -70 -569 -725 -501 -201 196 -255 542 -752 -866 -707 530 17 -61 859 859 -382 917 530 530 -172 -57 -905 743 -710 811 643 655 706 537 537 -933 901 -100 -100 904 -902 -404 371 -819 38 38 138 -803 -164 598 227 598 -963 629 389 -320 -294 918 417 -141 -955 -405 -955 -144 -284 843 331 -486 11 165 -201 -365 60 -646 764 939 673 -580 -532 
-532 925 887 -87 985 308 -809 985 -567 308 -34 -809 -809 733 215 215 419 315 -483 -847 648 648 -828 784 -419 383 477 -66 472 -482 -744 302 448 -965 186 -681 -261 -681 265 265 -224 -510 -954 34 399 -144 399 49 797 -250 -587 -23 37 617 477 -515 -452 756 160 464 -971 -814 653 785 -669 921 -45 687 126 633 441 334 160 160 -646 218 -498 264 887 271 -396 650 -812 93 -623 590 278 167 866 -295 21 -257 -695 -765 -778 -43 585 -508 -893 -619 
-280 -518 53 322 931 540 194 -332 -109 257 -238 -101 351 -874 -516 403 -796 -610 640 630 142 319 413 305 -938 785 -163 923 578 -7 208 988 -152 -363 519 -365 -353 -64 723 -226 -75 209 -305 -975 250 234 261 977 125 821 521 307 322 -462 -8 -6 520 994 994 829 860 -655 -563 268 428 994 -826 -686 -614 788 552 176 313 -93 555 -645 -724 -574 -688 -339 -837 -190 -815 -442 -220 -735 -858 -577 581 -576 -924 507 89 -531 706 -836 30 -836 952 -885 
306 -403 -403 -809 892 13 -560 522 26 315 -858 407 -357 -27 -358 666 -29 -659 -402 32 267 -275 618 -681 994 -752 514 514 177 617 -117 663 -239 -915 -851 911 -643 -585 944 -226 345 -884 -411 -645 -317 714 -774 869 -546 696 855 -620 379 379 -108 -592 757 278 -443 -712 361 -151 213 463 951 160 952 542 252 506 -684 -735 -898 326 680 -11 -818 504 547 -210 793 611 170 345 -971 -152 478 455 -266 -58 -497 58 58 -170 363 356 -980 427 533 -350 
8 659 -590 308 -598 434 -230 -452 90 -804 975 -246 871 526 -568 -341 279 916 303 767 297 386 510 921 -991 -757 908 -887 -946 888 536 -526 -540 898 -29 341 -556 690 -975 -179 67 946 588 -622 -272 -734 -459 -50 -580 -601 -994 -422 -945 -447 -596 351 988 -729 -852 -433 68 -875 -988 -499 617 486 290 652 -548 -475 838 431 982 -207 84 307 -521 -333 721 58 -309 248 -200 -395 -930 33 830 -307 719 -906 -647 739 324 -404 -687 -237 889 530 488 285 
-347 202 -230 171 -175 235 809 -221 -964 16 933 34 131 734 -819 -994 -933 205 -892 -354 -85 953 -90 599 -739 1 864 -596 -457 -349 340 946 -115 -430 -60 -148 -611 -783 -379 490 -458 93 -739 -128 563 -870 251 -475 894 -725 -233 -810 -322 138 -486 -269 -865 -459 -212 426 411 -109 70 -877 -466 143 855 -709 -512 -919 70 -423 -901 255 52 908 -167 -42 355 862 149 64 358 -696 -823 724 766 567 451 636 -788 545 -699 900 65 298 -108 -843 -954 442 
-754 -335 383 13 508 989 -919 555 -228 -2 741 -853 -445 -875 -716 181 597 482 -211 341 -723 69 -521 -497 101 69 101 -112 101 577 126 979 -90 105 665 -15 -990 69 -601 361 669 925 979 -987 337 -790 -882 -888 -675 16 840 175 677 -627 -809 -716 872 -936 -971 98 -97 508 947 947 -916 384 301 290 -3 -177 866 873 225 812 -340 384 693 -263 136 244 -866 -135 588 -498 995 -179 464 -295 823 173 -604 -532 -655 646 133 -651 235 76 -278 419 
-230 30 545 693 -194 -913 471 -642 165 664 -580 687 -168 -43 -341 316 385 -472 951 -241 685 496 136 -879 -407 -908 -39 -863 -1 -789 629 -455 -333 -181 704 -422 -222 756 -66 -556 732 939 -669 -45 933 -946 739 -785 -672 -743 -155 971 49 -887 37 -85 -569 -725 542 -255 -752 17 486 718 -57 743 55 -710 811 -550 537 -575 -975 -156 386 96 608 -397 473 -702 128 483 -139 -139 -275 676 -344 -138 -773 189 118 246 505 824 863 -638 336 850 -116 -43 
-532 -166 -830 603 418 -959 -537 109 899 9 904 -902 -907 371 -692 38 474 598 637 -405 922 843 -62 -713 -920 151 -580 -532 835 469 106 971 308 -34 -809 26 315 -833 -833 42 -299 784 320 -66 -481 -744 99 186 -336 -681 708 -954 34 399 -250 -393 729 569 451 -652 -753 26 311 307 -532 89 569 961 996 707 158 158 -54 -617 20 908 20 -777 897 -438 802 843 363 -635 -130 -467 -10 192 -270 -144 -213 112 -931 854 488 469 210 603 -538 624 
751 541 309 176 -998 961 -456 -331 605 -542 965 -616 802 627 692 -395 -481 -607 855 -753 -832 -446 129 -561 -896 533 -161 -923 152 522 58 -943 931 -955 -846 -751 733 225 36 -73 87 -851 409 493 869 281 -909 494 775 414 118 -962 684 -206 -824 -980 725 -178 678 473 -158 751 242 847 677 828 300 -483 -268 635 -425 -632 830 -756 768 680 424 614 590 -503 -615 918 -525 408 896 84 -702 -77 108 927 -269 851 -709 355 727 -412 -223 924 665 -926 
974 -302 666 433 137 -290 -559 -147 19 247 671 686 -703 -497 136 -944 13 900 93 -94 863 -770 -260 588 715 803 -478 -228 212 -439 -49 -31 -532 -647 -332 750 899 26 766 -442 458 -54 -984 482 523 554 -626 -811 -759 239 190 -445 951 608 809 -48 455 764 213 -549 770 711 71 525 769 -552 -714 309 -571 114 676 719 704 135 -29 -234 -968 353 570 -563 -944 -52 -657 -403 106 -146 -403 -496 -109 -764 -15 -15 -768 716 625 -500 -543 -597 411 18 
-111 986 369 983 -59 -709 -419 -87 -163 -122 967 -761 579 -458 -18 -154 -709 550 488 988 -619 247 -349 -369 -634 -903 -877 -150 569 579 603 887 -750 -431 -6 999 -888 -886 -782 960 276 -926 230 968 -621 -570 392 557 512 -470 462 -167 172 -202 -856 49 -184 -494 -420 839 -651 85 -408 -3 300 752 442 303 -960 786 956 849 -303 -913 578 -302 -19 -193 509 236 144 -84 -822 619 920 -621 962 -484 536 -940 408 99 -915 -694 -919 -884 631 -821 -299 -859 
832 -206 52 -558 889 532 -643 -580 -614 573 490 -496 -231 912 -978 514 798 -247 215 173 536 -754 104 -772 322 -244 567 791 431 171 -996 -675 -297 527 -799 285 230 949 -299 -3 -499 -152 597 891 832 -898 107 531 -379 -477 -832 672 -149 -377 -819 -522 490 -817 906 578 -37 379 723 -816 -468 652 -530 -19 -734 270 -866 600 -141 -917 -36 464 519 -507 -108 -310 -94 845 -977 -197 -378 30 -391 267 -436 -752 272 308 -58 -645 -11 -67 522 709 692 -290 
201 -336 -468 -919 -700 -37 -575 465 -581 425 -211 809 343 -664 -185 -824 -239 86 -245 567 49 -393 -43 -694 322 690 -929 95 227 -934 686 306 -256 -634 -423 -325 768 107 -771 551 147 -198 -480 -545 -790 46 -86 -748 669 3 130 418 490 -486 48 575 -473 889 656 318 67 721 534 947 736 -264 -479 486 -11 -829 -306 -506 -991 -142 -828 9 -440 -543 817 402 283 -808 -534 278 -790 -842 907 361 -662 157 -325 -128 -362 -83 -483 507 390 975 268 -585 
