-388 -241 -608 -545 -139 -131 -295 -554 262 227 438 17 -669 -24 736 161 800 -60 96 965 -960 411 0 -295 633 984 258 -649 732 343 208 -560 138 -165 256 -878 815 -552 -483 -212 -212 -890 758 -831 -777 -808 519 670 383 -705 -61 -139 -939 99 -303 -128 864 -410 -410 -158 -116 167 -682 -644 405 464 -152 -141 13 542 60 13 -269 -616 -269 -616 28 230 125 -245 853 -773 -773 -610 195 -915 -113 338 643 -185 265 405 249 320 587 392 945 -684 51 228 
228 890 498 669 -483 -645 -598 545 761 -801 855 -437 781 184 847 -918 -855 -855 -312 -312 734 -363 -363 -781 489 -407 -842 765 639 -561 -472 122 -642 -642 68 315 -452 -293 305 -120 596 -416 -700 -957 -671 -993 -993 300 580 -574 771 887 -51 -115 932 -42 -702 -217 -141 456 911 -17 665 601 78 168 -729 497 559 607 -365 -217 -926 -733 942 804 -887 -48 -142 -701 -757 191 527 -701 527 607 527 -580 -242 525 -466 118 470 -138 461 101 235 61 672 -689 
-689 -544 -952 -268 -843 229 -850 -850 -316 -298 -606 438 613 613 441 497 497 761 657 52 -642 -555 -397 -964 103 789 -61 -520 758 -793 -877 -261 -413 -182 299 -622 -771 -678 -503 -465 -942 -942 834 -288 -758 -846 -781 -437 -519 392 928 627 -4 -481 -476 -881 -690 633 -949 902 722 567 567 1 396 -850 -942 -97 842 -604 849 849 755 781 -955 543 -980 870 -11 -487 551 -691 203 100 100 283 765 207 24 -49 -66 -483 340 839 954 -830 -283 927 927 927 
223 -254 -310 745 848 -793 848 460 -723 -606 687 -491 193 472 -418 448 524 -70 510 -727 595 603 436 436 816 600 215 215 -560 237 718 719 -838 687 718 719 687 415 -296 167 687 415 -296 167 969 -398 -117 134 626 149 149 99 -109 531 -908 -418 458 -600 -62 259 25 29 587 213 923 -99 453 112 -386 215 566 -873 -455 -455 173 -912 571 -497 606 337 131 923 533 178 769 -893 815 101 -279 -279 -821 357 80 -737 -888 -626 631 224 147 -45 
-835 -447 736 -604 -122 -828 -660 -285 574 247 -166 375 332 794 -427 938 -903 -673 -673 402 -246 157 870 682 556 780 -259 24 283 -44 -44 -361 774 -254 862 -455 512 -822 -88 -163 48 89 89 160 207 -674 170 -91 249 788 665 -194 -911 281 -113 -983 601 -987 -636 -680 -563 898 -246 -961 304 -204 175 -780 -857 -857 609 -754 -68 350 -94 514 -777 13 789 -59 421 -910 -464 974 130 -787 745 745 -236 -263 -765 -765 -978 -787 411 -610 -431 489 -332 550 
-948 -521 100 784 546 81 -28 -380 78 -508 -554 -226 -886 -456 783 404 -229 -191 107 914 920 -194 -227 -194 -194 -619 335 629 -378 -378 43 -383 165 427 619 903 737 -823 -773 -813 -813 -599 -774 -585 -45 673 -128 -45 230 230 204 -20 77 131 634 -74 773 674 -884 -884 198 198 -783 -725 942 7 -904 572 961 640 -578 -446 -943 134 -943 134 158 -451 448 891 -735 -113 -27 873 188 873 -668 -533 -467 922 351 43 -999 -999 423 -304 894 -363 -444 219 
-779 79 654 -356 -910 -421 -421 266 718 -883 912 912 795 937 451 699 699 -311 452 -969 -846 -917 -534 865 422 230 773 -770 733 733 480 777 -735 -468 620 819 -792 676 -792 258 -464 -353 434 -136 -318 167 211 -604 879 458 -882 -114 755 -394 -394 510 379 -463 831 -517 351 289 523 -308 -140 -598 874 -122 -58 -114 -672 -672 -331 640 77 766 886 754 754 189 114 -256 -20 57 -849 -414 580 469 -223 -453 583 38 38 -88 977 616 -470 -205 90 90 
582 -606 -842 327 0 -627 764 -627 -851 660 -536 -281 -368 -455 109 431 -998 -242 -242 -112 408 -669 -257 848 -555 -440 -440 773 -732 743 -439 154 -509 -321 -450 529 -476 -821 -616 50 449 990 738 -720 -910 660 -80 -990 -990 509 736 857 102 32 454 -68 329 843 -35 921 -35 -760 256 -442 188 -462 209 -923 -923 -636 242 667 431 961 -882 573 -996 928 572 828 -58 977 -493 98 568 949 -558 941 -744 891 266 962 -802 -913 964 450 -596 -566 547 860 
-988 -119 274 -633 -687 -135 961 388 596 -564 -734 -268 -852 717 -754 86 -853 -653 -211 -642 451 -104 61 -25 643 -651 450 -708 -771 606 547 -759 -630 -311 -293 173 139 552 528 14 827 190 190 981 -494 980 -976 243 -185 342 366 -505 -42 -390 125 -929 909 -548 109 105 -849 -225 699 -548 -733 -770 -548 -664 -664 -733 -609 397 -743 -104 -460 484 933 479 763 763 25 937 25 -871 -871 -751 645 435 704 749 -386 457 -927 -927 73 113 -800 -984 -259 785 
-944 -84 785 -944 -66 -773 -710 913 -326 132 -10 -174 -271 -847 -770 175 -234 393 701 608 -773 -769 -246 466 -58 782 -809 -556 -274 -274 -965 347 265 -470 -403 191 791 373 452 -403 -157 4 474 -256 -822 -822 -254 431 -981 -265 -651 -753 910 550 550 -514 821 886 56 -954 -119 876 -524 -482 704 809 809 941 -408 638 -975 -66 449 944 -247 -782 683 -721 -542 896 434 372 -407 471 898 -101 -715 871 55 116 116 748 -504 -587 -534 767 -461 313 -239 -701 
274 767 -65 -953 219 169 935 462 -170 853 996 -734 -291 576 896 -119 226 216 -492 771 532 62 479 -777 -956 127 321 791 -917 570 717 129 -661 745 250 697 250 745 -386 -666 -407 -314 840 882 -148 677 -25 554 944 677 -27 898 417 -96 287 -922 881 543 -293 291 -835 794 -563 -20 -463 187 -823 145 -53 -384 -162 -838 -774 -545 -310 260 -958 669 301 -874 -564 601 45 -868 528 -310 -33 203 -789 -571 482 689 -66 827 -21 -80 950 370 266 368 
305 92 727 602 -23 -884 939 -222 81 -450 -877 -730 908 -678 373 199 -117 -926 156 612 -646 -168 -400 118 535 -604 -836 -699 -636 -64 312 212 -919 801 352 -783 223 495 -713 912 175 571 361 -876 -190 583 467 637 -665 -711 -655 494 431 76 -967 -817 -199 -118 770 -678 690 -28 -902 311 317 -156 103 -683 617 -215 106 355 -307 521 824 -428 -288 -335 -291 -567 -465 -543 112 988 -270 2 507 837 241 -255 -531 497 894 854 -596 377 83 864 162 458 
-891 124 -369 -640 441 50 -159 -918 56 859 -216 -729 -573 783 -593 -138 349 -121 -943 230 252 -28 -997 -952 948 -525 562 -822 96 -979 835 175 -905 431 975 439 -628 -43 -348 -855 -727 -297 173 -557 433 -480 -450 28 278 -164 -470 -139 -609 652 -511 262 227 161 17 -669 -24 736 161 -178 969 965 -543 -960 411 0 -295 212 634 339 130 661 343 208 637 138 256 -878 815 393 -239 -483 -212 -890 758 -831 -777 -131 137 383 -705 -61 -139 -510 99 -303 
-128 -559 -410 461 -501 366 444 477 23 -480 60 -269 -203 28 -616 460 -245 -245 784 -773 -610 790 195 -113 -96 -364 643 -185 -664 249 -631 587 392 532 500 669 -483 582 -598 -936 545 761 855 -437 -700 184 707 -918 -855 734 -781 -224 489 -582 -407 992 639 -561 -472 122 -339 -382 -642 315 13 674 -120 -416 -700 363 -957 -671 -993 -437 810 -574 771 68 68 887 893 440 -42 -702 -217 -141 -141 456 911 944 -17 400 601 168 774 -465 -323 -926 -733 804 
942 -142 -190 607 -757 527 433 -815 -466 -466 118 461 101 235 399 672 -829 -53 283 -952 -268 -843 -850 -316 -316 -606 438 613 497 441 -351 657 52 -642 -397 -555 950 -61 479 -337 -971 -261 -413 299 829 -799 -771 -889 425 -503 -465 -942 -288 -758 -929 -437 -519 392 627 -4 -501 -481 -476 902 722 44 396 -850 75 75 75 842 -538 103 -749 781 -955 -177 484 -390 -487 296 -849 -691 211 100 283 207 -144 -66 969 954 190 -607 927 -254 327 461 658 -606 
-122 -550 -561 193 789 524 -286 -536 -821 603 -238 -823 436 -138 419 237 719 415 -296 -296 292 -672 -630 626 -210 149 -109 531 -466 458 -62 681 -176 29 -339 -893 -487 213 453 -386 215 566 -924 173 -912 -497 606 150 337 131 -501 533 769 -893 815 -530 101 -279 -38 -737 -888 -626 631 770 147 -432 -447 -122 -181 -660 -285 574 375 750 332 866 794 -903 657 402 -808 953 13 157 870 281 682 -259 -649 283 728 774 5 795 434 -88 48 89 160 -324 
-674 170 66 -380 -911 301 -113 -774 -983 601 -987 993 -563 898 -889 990 67 -576 816 -754 -951 -94 -777 13 13 789 421 974 -787 745 -263 334 985 -787 -978 550 -521 100 129 663 -28 238 -886 405 860 -456 783 404 -344 -191 -757 107 -928 920 -227 -194 43 -711 -635 -378 620 165 -799 903 149 -823 -773 -599 -774 -585 -128 -165 545 -67 -20 77 131 634 -74 773 -884 -783 -725 -375 7 -904 -904 572 961 640 -578 -333 -116 134 -45 158 158 -763 -735 -627 
-27 873 652 -668 -668 609 -630 63 43 853 423 -304 639 -779 -31 269 -613 -421 -481 718 718 456 492 795 208 -223 123 297 699 -801 -311 -650 -846 -534 865 -917 -534 -534 865 -821 773 230 -770 480 -333 -468 620 812 -449 258 -464 -136 545 167 211 -604 -806 458 -882 -114 -184 -639 379 -463 831 178 351 -602 -588 -201 -623 192 513 -509 857 -848 -423 218 -423 -17 -87 -901 -886 -782 -891 885 -391 468 709 -946 589 4 -505 -514 47 359 -930 564 -994 225 
-698 112 -480 -160 128 -540 135 579 -542 89 279 -636 776 -315 -510 821 182 404 613 886 -115 651 220 0 -123 574 -99 134 -141 -970 -739 -56 717 720 -189 180 -17 506 -96 -126 570 0 -173 -505 745 -491 907 44 -651 951 221 634 382 371 -925 301 -772 -681 -239 -164 -726 323 -513 641 -4 -445 202 -351 -274 742 273 -587 -110 393 -166 407 -310 724 151 -490 415 729 716 199 552 583 762 -612 -944 434 -303 811 -278 -612 -285 -631 756 848 -865 -53 
302 848 -176 834 570 -458 573 -147 478 164 -411 -386 907 -75 -456 34 -147 66 935 620 511 948 622 649 -412 -886 -130 -562 212 -273 -607 38 -792 716 -866 394 960 -435 -725 417 548 -122 -425 563 871 -771 94 19 -260 -930 -117 311 280 240 -705 -859 103 -682 477 -938 -25 432 -331 13 173 -288 199 642 -238 -722 -700 -335 362 365 142 803 14 -252 -628 -134 -241 254 -767 -31 -627 336 -112 475 -622 276 276 -107 -993 223 329 -18 -144 -846 -319 -782 
-642 -642 -569 845 658 -772 62 -353 -672 -988 -677 -456 -296 -52 601 -800 -631 759 -917 299 -567 455 243 -81 -484 -955 212 346 -980 680 219 442 -21 26 327 568 776 480 18 -954 246 219 -140 -140 -598 203 -997 -58 228 766 -580 886 792 -256 -20 -467 920 292 -849 388 425 -639 372 372 -802 -54 194 -829 592 155 582 -772 -659 -205 938 0 764 -767 -847 -368 951 -319 -455 -319 431 807 363 -221 848 -440 -875 -496 -732 -439 572 -509 265 -476 218 -685 
878 267 990 612 -720 -281 -865 533 -170 -170 -853 102 -853 301 489 -282 -282 921 256 879 188 -462 436 873 772 242 -107 -882 -386 -553 -859 413 -528 -207 835 844 601 598 -698 -588 -387 -111 -529 288 667 -743 -356 -880 -735 473 421 -921 -728 52 341 -874 687 560 560 -273 -989 477 -411 -111 514 593 -760 -91 -319 -319 -319 -267 -213 551 -214 -350 316 381 -779 -610 -969 -87 -968 989 -126 747 286 770 686 28 -747 466 466 -146 531 496 453 -43 473 -756 
-25 -610 169 220 -331 -968 379 724 642 -95 -839 -741 901 -560 304 -645 891 406 -467 -445 -810 21 -221 -832 841 -137 -225 570 -383 -428 668 668 -918 856 288 -298 119 619 965 -153 67 90 -902 585 -871 819 638 638 728 891 72 326 500 -114 926 -788 -115 55 -147 794 -27 486 395 -351 -771 221 -26 759 918 756 -316 -737 -587 56 4 77 -605 501 -898 506 773 -29 991 649 -31 -662 -813 -22 290 257 89 350 -223 810 -346 -958 661 -631 -390 -325 
953 -60 -396 635 600 -371 -140 119 -403 685 949 -933 531 -826 -211 184 709 584 -359 -141 934 -626 538 501 -843 -210 553 553 797 259 662 152 275 255 -190 476 551 38 -602 -795 -877 -291 -282 -562 -908 -235 -146 -693 -809 -59 317 578 796 -690 -868 269 112 -546 -833 224 -284 694 -701 92 -28 -486 -74 -311 -33 587 580 -280 -420 -803 175 -618 -471 0 -824 -771 -587 851 -902 935 -128 288 -580 898 -189 -570 -424 -597 972 18 -173 -927 504 496 -266 -336 
264 -489 -174 696 875 -9 393 195 276 746 -602 -75 844 -158 137 -306 -238 -426 -187 -304 379 -23 -106 -672 396 -401 691 473 719 -130 -67 720 -787 826 843 54 205 -53 541 225 284 -195 -30 -951 557 902 307 -35 -825 -742 -972 4 321 -173 -609 949 -826 -637 -231 755 -95 287 932 -409 623 908 264 916 302 -30 369 621 -154 -46 573 -198 456 -770 -346 -178 -102 -884 689 149 974 -695 -493 -351 -412 -817 776 884 -840 941 -93 242 -88 266 -312 -277 
-180 -758 600 787 681 686 -698 -629 -71 -771 -860 -861 547 -248 -630 -268 351 835 528 190 805 827 981 -790 -699 980 243 -185 -754 -505 125 -853 -169 -671 -225 699 -770 192 -270 -290 962 -664 632 397 -885 -641 -496 -328 479 937 -871 763 25 -871 -809 -106 -391 704 536 245 -462 909 -456 -984 -259 293 785 293 -841 43 132 -478 -847 -154 577 393 701 -863 -264 -264 -769 478 553 145 466 -665 -880 782 433 347 351 -458 -283 791 373 350 -680 4 559 983 
559 -254 61 354 431 542 841 910 550 114 -97 -634 397 -397 -894 -524 530 -315 704 -528 508 -362 508 126 572 -813 13 -782 288 714 640 -177 -77 646 318 888 919 441 116 -80 788 -534 941 -658 -545 274 847 978 -414 99 996 988 590 734 226 624 246 371 317 473 -587 284 -858 -121 717 129 -979 31 781 -849 145 806 -912 953 869 -213 903 480 -463 -96 890 -970 -163 -19 986 291 -191 -353 -53 -572 -313 -312 330 -384 -806 -5 621 -283 260 78 
436 951 274 208 45 986 479 -720 -823 654 291 -974 827 177 101 674 -433 672 -48 507 893 -227 -454 -730 -130 843 -443 922 565 -281 -604 189 -132 482 -667 -587 -41 -713 -586 263 -968 869 -876 290 589 71 327 327 146 494 507 -967 -513 -399 810 -699 -29 225 265 -521 458 488 -174 -215 770 525 -343 356 -567 -454 536 -414 -281 813 -70 56 -255 -531 -791 227 324 -863 -545 -85 679 689 -834 -326 278 -211 178 783 -174 668 881 -225 141 573 558 898 
851 -38 431 439 -557 -253 -365 -450 -164 966 -2 799 41 21 -526 -164 736 -993 986 -173 -303 805 -638 818 809 -259 -336 118 -524 -285 161 851 -989 514 208 -406 -541 -463 951 327 -486 -226 -489 -238 734 -479 -205 -8 930 884 -112 -78 -637 -653 34 -304 856 -333 882 -665 -228 -278 -128 219 -964 920 219 594 -868 -733 868 863 318 -653 767 657 532 566 -9 131 429 -201 -751 339 177 -277 500 6 -461 -638 -909 386 -204 -296 -980 140 424 306 789 937 
-315 -318 -239 -592 194 -287 776 209 175 212 97 393 615 827 747 -822 494 -86 973 821 425 -318 285 131 452 -729 -473 690 -932 333 735 889 958 335 589 335 -660 -873 476 879 -764 -775 -723 -876 913 679 -896 -764 8 965 -179 357 180 78 -699 -954 -525 752 811 -374 -799 340 -203 -654 125 -813 -128 809 -440 -671 461 200 201 484 -564 701 -839 -620 -240 274 848 133 -481 -912 55 148 -561 -937 582 -823 525 610 876 408 -336 -161 -932 30 149 -232 
-443 -635 512 -537 150 432 544 335 564 -53 -409 58 727 750 -955 253 -250 -297 419 750 -806 176 -5 -952 -100 -428 -94 -392 -548 -792 -254 370 -507 541 792 -172 -222 483 -814 3 198 -197 -928 -852 -451 -68 -534 358 158 146 -23 -979 -597 -450 -907 3 -480 -560 705 -444 521 -461 296 521 -577 -708 -480 -961 -838 677 -848 -953 -87 321 -697 -631 -588 246 994 207 790 -129 -338 -119 -515 -893 -200 -963 -941 -544 -414 -532 424 -456 -454 -320 -85 591 -188 -321 
-911 837 57 -408 466 122 517 51 757 -455 -104 -808 -196 207 341 -745 -383 -130 490 -267 -992 276 225 -561 185 -628 -648 -80 -650 -789 529 -40 463 -960 -310 -427 -185 -959 -248 881 314 795 292 -689 688 812 126 -838 -869 521 -327 -109 -14 -621 370 -443 -579 -499 -329 850 488 -424 -958 -885 -855 208 529 735 926 321 251 568 -846 -156 -257 -106 -781 -596 893 -933 -972 -881 78 -368 -9 -991 597 -853 -596 -639 256 990 -447 554 -250 252 192 -25 990 723 
992 -536 274 -221 746 462 188 -9 180 494 616 -336 195 -380 370 -135 -296 620 -912 654 -848 -844 -664 333 311 -280 -521 -911 919 901 -72 -905 -633 -559 -932 665 874 -700 845 1000 405 249 265 355 -43 -855 330 173 -557 -253 -68 1 -450 714 278 549 -575 -277 -962 84 300 682 41 891 -369 -930 -526 -164 736 772 -993 358 -25 986 -173 -616 -303 459 947 -647 818 966 -87 932 -461 54 -336 -621 118 -524 512 -285 -924 102 -144 -196 -714 -989 152 514 
231 208 -158 -259 -542 -541 -463 -993 969 16 -913 -611 -473 -140 850 -92 106 168 -238 -479 625 -940 -479 212 -205 -263 -287 850 876 930 325 -338 884 175 -112 684 -78 322 376 -38 -653 685 849 -230 80 -304 -919 -127 368 546 -333 -957 -271 -665 802 165 -228 334 -278 169 859 -911 -786 472 -431 -964 651 202 920 -749 219 401 278 61 -211 25 444 468 499 37 863 759 821 510 612 -249 -502 -741 953 814 117 157 370 657 271 -227 532 566 619 -9 
-176 -651 429 756 -201 587 641 -751 869 775 177 38 -277 -880 650 500 -208 6 198 -306 -941 -638 -909 -636 446 -204 39 121 -980 -869 -344 -109 424 349 221 805 -26 -312 755 -315 -286 -285 112 -318 -472 -246 -760 162 89 720 194 47 -287 776 584 -344 209 -228 175 693 -147 97 -101 -587 -330 166 615 -831 -667 827 804 747 882 -972 584 494 -564 -86 275 512 176 296 -274 425 364 -318 290 -506 -939 -859 452 696 752 -473 909 33 737 -257 333 -765 
753 735 313 958 -178 -419 589 93 595 90 61 -660 -932 -873 454 471 -385 -954 879 -764 -205 495 524 -155 -876 -173 611 148 867 -352 679 107 284 -896 -316 -764 -492 -417 8 208 965 -179 741 867 357 -704 865 180 584 78 512 -463 -699 597 -954 -562 554 800 -525 -718 -892 -127 752 367 -697 524 811 -410 -374 -432 -799 -464 -14 340 -886 -33 -203 -587 -392 -654 763 125 157 -949 -207 -813 -789 -370 811 -128 433 -548 212 809 391 -455 805 -440 581 445 
-960 -671 788 -237 461 696 302 200 -15 -616 201 422 -574 -214 484 125 -891 530 -564 -340 701 524 740 767 -224 -839 -721 -150 -620 -872 -240 484 182 45 274 -788 -614 848 157 133 163 848 280 -481 -90 -884 -347 -912 -763 -949 55 -974 148 -670 -561 928 -670 -940 76 -937 582 459 -823 -348 361 996 525 -155 -3 -946 610 876 -134 442 -888 408 -397 -254 -336 -161 800 -614 -932 -690 -515 30 440 -390 149 762 -232 -92 -443 671 -635 -890 512 -145 -136 -537 
955 -78 150 -651 -853 432 987 425 544 -478 433 335 711 335 564 133 -53 -409 -133 58 -561 727 750 546 511 -955 203 -939 -766 253 -933 -250 -154 -297 88 349 690 419 -659 788 750 -453 309 -806 176 604 -5 -141 255 -952 18 -596 -698 219 523 -308 -72 -997 -114 -58 -392 -637 242 706 754 754 754 -101 114 -493 -256 -459 920 334 -849 -414 -987 256 186 -818 -572 -88 -54 -802 977 -470 -829 -205 592 90 155 582 -772 737 327 327 -182 938 0 -646 
-767 -536 905 -987 590 951 590 431 -37 -851 -78 419 -221 848 457 -440 -555 -496 773 526 -901 -439 -602 529 853 -450 853 -821 -106 878 449 612 990 612 738 -720 -910 660 -952 -876 509 -170 -853 857 256 -853 32 454 -68 489 329 897 -317 -411 897 -317 -411 79 79 188 873 772 321 242 667 431 -339 -386 512 -553 575 -722 21 -661 835 707 290 -3 844 678 -261 598 -985 -4 -714 -924 -588 -788 568 -111 -559 -286 -897 667 -682 -356 -880 -195 176 185 
-497 54 544 52 -966 339 192 -226 -868 616 702 477 -433 614 32 514 -546 -760 668 184 -233 -267 -149 -574 -214 -38 -650 883 -759 120 381 316 -904 378 504 -610 61 130 4 -968 700 533 387 -735 -388 747 286 307 770 -266 686 307 770 -266 286 -266 28 -250 -178 -276 -680 466 974 -146 531 149 590 -986 -311 -693 371 -756 467 -610 -356 678 494 188 -968 688 123 724 100 837 837 72 837 -839 741 799 -560 51 -645 -467 344 -445 674 -183 -959 -848 
841 -765 -864 581 -225 570 570 -383 -166 209 110 856 -469 498 521 498 965 376 -153 101 -584 -851 -902 775 610 499 585 284 -949 -829 -119 574 728 574 728 891 420 326 -150 500 -430 562 -493 954 -115 -465 -147 84 794 -362 -582 395 987 -351 -743 -743 -771 440 -26 -26 759 -283 918 756 -737 -587 -776 -735 248 56 175 4 77 591 -92 -5 640 773 -952 991 -437 -437 -31 -31 -662 980 775 -181 -699 -199 524 -258 810 -444 -346 -170 661 328 894 -390 
477 953 354 -691 -40 -396 -495 988 -543 104 -931 -223 119 119 -265 685 -976 234 531 553 -220 667 709 -478 785 -840 -359 -374 -337 -841 934 -126 -944 -257 538 501 -580 -38 -210 -575 250 553 -45 -212 584 925 259 -278 152 -190 275 648 -611 928 319 -190 476 -494 38 -66 -602 484 -795 -795 -291 701 -321 237 -13 -908 -235 213 -146 -812 -247 317 506 578 114 -817 -756 -373 -327 112 -467 -833 694 -790 786 -28 743 -486 -74 -311 356 -33 587 -725 467 580 
-775 195 -803 333 -618 930 801 248 -604 -877 -587 851 -886 946 -785 424 288 598 898 -189 -424 -424 -466 -597 972 -478 212 165 794 -349 209 958 -266 84 457 321 901 574 -22 97 -9 -734 195 -809 -658 -602 710 386 844 801 -158 -313 -402 -929 -306 -238 -426 -837 454 -304 391 -788 861 -106 473 -831 -842 -401 174 473 719 904 -180 600 668 681 -149 -651 -180 195 87 456 -71 260 -725 -248 -499 -759 -630 -311 324 266 -519 14 827 -178 -178 827 610 -790 
580 -542 342 -267 -861 -390 -853 -853 -548 -548 909 -728 -849 699 -290 962 676 -548 962 192 -732 -885 397 -76 407 -741 559 144 144 479 -809 937 -871 -751 833 -391 704 536 245 263 -462 205 306 -456 -800 -984 -259 -259 -753 -796 -66 -944 -84 913 -398 387 623 -10 132 -685 -271 12 12 -154 175 -109 14 99 -264 -773 -769 478 -355 145 -771 466 154 -58 -880 782 -493 -556 433 -989 -965 -965 347 347 146 351 960 -283 -823 -823 854 -403 350 -763 -256 -763 
-256 559 61 -254 929 228 1000 -914 296 715 -883 910 550 550 -643 -514 -937 886 808 -954 -980 -27 -524 -482 -315 -31 -31 -31 687 -851 119 543 340 319 813 157 288 996 996 43 101 -177 -23 -221 -4 616 -730 81 -342 36 441 -530 -3 -999 -927 -66 616 610 804 834 -228 835 847 -340 -981 516 -462 44 425 41 -506 -868 -461 34 -739 -594 391 -800 252 11 570 692 421 -125 -886 873 284 -205 -827 717 250 697 -661 594 129 -661 697 594 -969 -900 
-314 -321 534 378 -25 -912 953 565 -908 582 -27 995 256 -145 528 -98 -922 -904 571 -697 200 -725 -150 291 -601 -200 681 763 -876 187 -38 464 -384 444 267 385 -782 429 260 796 -573 796 -573 -127 -339 185 503 756 -220 45 -45 -452 -52 -588 -619 -686 291 482 -838 653 -751 383 -13 825 682 857 -416 -838 489 672 -241 204 -592 497 641 -348 -927 585 67 816 82 -237 -186 -577 -512 250 -806 870 249 110 -735 -463 784 -699 27 -218 -680 -599 966 -692 
-252 123 -713 572 223 -899 203 -876 589 -736 767 630 529 749 921 852 562 764 95 718 66 169 -683 620 748 762 522 -686 -685 -521 -943 -470 -246 845 -842 770 398 -635 215 -343 88 -644 -435 -987 -544 867 852 -902 -715 813 328 260 332 820 -531 -69 -666 -255 -964 236 -628 -901 236 160 679 429 -402 -442 -712 893 -372 871 -326 68 363 -211 623 -113 747 -664 907 -833 401 680 843 -376 -476 -987 -118 701 -854 558 10 -796 478 392 768 -326 234 -410 
439 -348 612 330 -521 -557 -680 547 -68 1 28 -164 -277 -2 -259 300 682 41 21 891 -930 -592 -164 -121 -898 358 -787 0 -138 909 -182 459 947 -647 966 -87 932 -461 -675 151 118 -524 799 -988 102 -144 -196 -702 152 514 19 57 -454 -542 215 -993 16 -611 -473 850 -92 106 157 -73 734 -940 -178 -205 -263 -287 850 876 325 -338 175 -112 684 -219 376 -8 685 849 -230 383 -662 -127 546 -957 -271 802 -229 334 -278 859 -911 219 -431 651 202 -749 
401 278 61 53 444 468 499 37 863 821 612 -249 -502 -741 117 370 271 -227 304 619 -176 131 -245 756 587 -751 869 775 -883 -343 650 -208 198 -306 -941 -638 -24 386 -961 -796 121 -344 -109 424 349 306 -26 -312 755 -286 112 -543 -246 -760 162 89 720 194 -220 326 584 209 465 344 693 -147 -101 -587 -330 615 865 -895 804 882 -822 -838 -440 856 512 176 296 -274 364 290 -506 -939 -106 520 -729 673 33 737 646 333 158 958 -178 333 244 93 
595 61 725 -787 -682 471 -385 -954 -363 -205 -775 -155 -247 913 611 148 -352 284 -316 -417 208 965 -179 867 -704 584 512 -699 597 -562 800 -718 -127 -697 811 -374 -799 -14 -886 -392 763 157 -207 -789 811 433 212 391 805 581 -960 -237 696 -15 201 -214 125 530 -340 524 -224 -721 -872 -240 182 274 -614 157 280 -884 -912 55 -974 -670 -670 76 -937 -348 361 996 525 -155 -3 -946 610 876 -134 -397 -336 -614 -690 -515 440 149 -232 -443 671 -890 149 -232 
720 -435 -725 -603 548 873 -122 -522 -771 94 -260 -117 311 280 -469 240 -705 -675 -468 103 -682 539 791 -107 434 432 -331 13 -672 619 843 199 736 -367 259 254 127 -550 142 803 14 -366 796 -628 -134 -241 30 -691 -31 379 -627 -226 -784 -112 739 -35 -474 276 276 -107 -993 -411 -934 -911 409 -810 -192 -782 -642 -248 -300 611 658 374 62 319 -672 -988 588 -677 -456 -296 -52 1 -687 -800 876 356 759 -739 95 -567 -517 550 243 718 -81 -536 -955 212 
-426 344 -921 680 -911 693 142 -596 -576 -546 -945 568 455 776 584 18 -596 -901 219 523 -308 -17 -997 -672 -58 228 -502 242 -580 886 754 754 114 -256 -20 -459 -467 334 -849 -90 521 -639 -753 -572 372 853 -88 977 668 -470 -205 90 155 582 -606 -842 737 253 -205 938 -627 41 -536 -368 590 431 807 -851 -221 848 -440 773 526 -439 262 -321 853 218 -106 878 50 449 990 990 738 -910 -281 158 -876 509 -170 857 256 -853 32 454 489 329 -317 921 
-442 188 242 667 -882 -386 512 575 -722 413 21 -115 -207 835 707 -3 -172 -261 850 -4 -714 -588 -387 568 -286 288 667 -743 -682 -880 -735 -195 176 -497 544 52 339 408 -226 -868 -989 477 960 -970 514 -760 668 668 864 184 -267 -149 -214 782 -650 -759 120 120 -829 636 504 -610 130 -87 -968 -474 989 -735 747 307 -266 770 28 -747 -276 -680 466 974 531 453 -101 980 -693 473 -756 467 -610 441 220 -331 188 -28 639 100 642 -95 72 837 -839 760 
901 -560 304 -645 55 406 -445 -810 -183 -318 -689 -574 -225 -383 -166 209 856 288 -298 -448 965 376 -153 192 -851 610 499 585 -42 -829 -119 728 891 72 420 500 -430 -114 632 954 -115 -465 -147 950 919 -582 965 395 760 -466 -351 -771 440 -26 759 413 918 502 756 -316 -737 -587 -546 310 56 175 253 -605 228 22 640 773 991 -437 -31 -31 -487 -813 -22 -728 818 89 132 -258 -346 36 661 328 -631 854 -325 477 -304 -396 -495 988 493 -529 256 -140 
119 946 -736 -146 949 -806 576 -64 -211 771 709 -840 -585 -841 934 -126 311 538 -580 -38 -210 250 553 -457 584 925 -278 152 275 648 255 319 -190 38 328 -602 484 -291 701 -84 589 962 -146 -812 31 959 317 506 578 796 944 -457 793 -47 -327 -546 -833 -284 694 -790 786 92 -28 -486 646 -74 -311 356 -313 -725 273 -41 580 -728 195 333 175 930 801 -824 248 -877 -587 851 -886 -785 288 654 -580 898 -189 -570 -424 766 -597 972 932 739 209 504 
958 -336 84 318 457 321 -402 696 875 972 -9 -656 393 195 276 966 212 -602 -977 386 844 231 889 -402 -306 -238 832 -837 454 -304 -684 861 -106 -672 473 -842 -401 473 719 -982 668 121 600 -976 -25 -651 -180 321 -71 -771 547 -759 -630 -311 438 266 552 528 14 827 190 192 580 980 -976 -542 -185 -861 -42 -390 -929 125 -929 909 578 -849 699 -548 962 962 -270 -609 737 -359 933 -328 479 937 25 435 -391 -120 245 -462 205 113 -562 -800 -984 -259 
-928 -796 -84 -710 623 -98 -685 -847 -154 175 -109 393 701 14 608 -277 -769 71 466 -58 -665 782 -556 -989 -965 347 265 351 -283 791 452 -403 4 983 559 559 -254 479 929 1000 715 910 550 -239 875 -514 886 937 -954 -119 -980 -524 -482 -362 -528 -362 -240 157 -90 -949 -974 928 -937 459 361 996 -155 -3 610 -888 -254 -336 -161 -932 -515 30 149 -92 671 -635 762 -232 -443 -635 512 -136 955 150 -651 987 433 711 564 133 -409 -133 -561 727 750 511 
203 -766 -933 -250 -297 349 419 -659 -453 -806 604 -5 -141 255 857 -642 -428 -422 -94 -180 -548 -358 -96 643 707 -507 -405 -263 -613 -897 266 90 -210 -379 95 964 -132 -451 746 -534 840 890 158 -344 22 36 -860 -979 85 -450 286 731 3 -504 -480 705 679 306 317 -461 514 573 -577 808 -480 -961 727 915 -848 275 -573 632 969 528 703 -320 587 453 614 174 -472 821 790 -129 -338 846 887 -821 -893 -200 527 -160 215 -666 620 886 -414 -809 -806 -456 
714 -454 -633 -216 694 -943 591 -466 -314 800 -426 -776 169 755 -152 838 466 -687 -659 723 206 -455 -914 268 191 -196 -653 -158 695 -319 -745 -383 -130 474 -992 276 318 840 -561 -702 938 -628 908 -906 -259 21 983 -292 -792 463 -960 -310 -252 -582 -959 134 881 -58 292 277 -689 -891 609 812 926 -838 765 521 277 617 -41 -14 -621 536 248 -443 -579 -32 354 -459 605 488 57 -606 -423 120 585 208 756 315 735 -539 789 390 568 -846 -161 504 -257 270 
-919 -596 893 820 619 -972 889 78 -318 -368 -471 -406 597 523 896 305 256 990 549 554 -408 -134 252 192 768 405 890 485 207 -335 -431 -103 485 100 -589 188 -506 109 180 737 234 -27 -336 117 -380 -746 784 -296 917 620 -912 602 942 -848 -5 -945 -638 685 311 -691 -927 -521 -911 -265 -358 -398 671 612 -905 717 -15 -27 -932 -522 874 505 845 -676 -534 405 949 -745 265 495 629 -326 612 -828 -297 -557 -253 433 -68 -365 -600 171 -749 -208 966 75 
-2 -259 300 799 330 21 -369 -930 -526 -592 -121 -898 -993 358 -25 986 0 613 -138 909 -182 805 -638 818 -425 809 535 -259 -675 151 118 -368 512 799 -988 102 161 798 851 -702 152 -51 19 57 -454 -406 -541 215 969 951 -913 -611 327 -486 -226 -489 168 157 -73 734 -554 -178 -205 129 893 -8 -718 930 325 285 884 175 -315 689 -219 -637 -38 -8 685 660 34 80 383 -662 -127 856 546 -899 882 -826 802 165 -229 891 169 348 -128 219 -702 -964 
651 -498 920 -749 401 -901 594 -868 53 444 -733 -530 868 848 759 821 510 612 318 827 -653 953 814 117 767 370 657 271 -637 532 304 619 -9 -176 131 -245 756 587 641 128 694 339 -822 -883 -343 -880 650 500 -208 198 -461 957 -913 31 -24 386 -961 -796 -296 -980 -869 -344 140 562 -758 221 306 -26 789 937 -203 -286 -285 -318 -543 -239 -660 -592 -935 194 47 -220 326 776 -344 209 465 344 212 97 -101 -305 393 166 615 -831 865 -895 804 747 
882 -972 -822 -838 -440 856 973 568 821 -634 425 -318 290 285 131 -859 -106 520 -729 673 33 690 -932 646 -926 158 889 55 129 335 333 244 335 90 61 -660 725 -787 -682 476 -954 879 -363 -205 -775 -723 866 -247 913 148 -480 13 -203 28 -29 460 -245 125 784 -773 -610 78 195 -96 787 -364 643 323 405 763 -631 -631 -324 -349 392 963 963 -923 532 459 500 669 -483 890 426 437 27 -598 -936 545 4 4 -992 -437 -437 -437 -916 184 847 -918 
734 734 -781 620 489 -259 -407 -842 920 -561 122 122 481 -887 -382 -776 315 13 -452 -31 730 -120 -557 -700 -671 -671 -993 -888 580 372 771 -51 -105 932 -702 -702 344 -141 47 456 911 944 -558 -276 618 601 168 -729 400 -207 -465 -986 -157 804 804 942 -744 -190 -190 -757 702 607 -907 191 -907 957 923 553 553 -466 525 118 554 331 814 101 101 -400 -400 -455 -829 -829 25 -53 516 -952 -268 -592 -843 -441 -441 -850 195 195 548 -606 -477 989 989 497 
-351 441 98 52 -397 -397 -630 446 -631 -61 243 -971 -687 -844 -844 -413 -535 936 299 188 -799 307 705 -678 -465 -942 -942 834 120 -929 -343 772 -519 -519 392 627 926 453 -62 -481 902 902 -149 630 -581 902 722 384 611 787 396 -850 -97 -942 -97 -538 75 842 313 103 849 128 -955 -688 -427 870 155 110 619 -487 -691 978 -372 100 -364 461 207 -144 -66 -373 954 -25 -607 -607 927 413 -254 327 461 848 553 -793 -912 470 -475 -314 661 347 -637 789 
-286 -53 -467 -823 -238 436 816 816 -138 -425 237 -838 969 718 -838 415 -296 -398 167 292 -117 183 -630 -210 -233 99 -188 -538 -908 -466 -62 681 61 -197 -339 -104 597 -487 213 923 453 -386 215 566 -924 173 116 -64 116 -64 763 150 -784 337 131 -501 769 178 -893 491 491 366 101 -38 80 -38 -821 -737 -438 -878 631 631 337 147 278 -780 736 736 -122 -181 -181 -285 574 577 574 247 966 375 -834 332 -714 476 555 555 -871 -673 402 657 953 157 
575 870 -449 -449 -288 -259 -649 -44 223 774 473 -165 -88 48 -152 89 763 -670 160 207 -674 -106 66 -91 249 865 -380 -911 -128 701 -983 -113 -774 -983 -987 993 658 -563 -729 -33 99 -889 372 67 -576 -204 816 -754 -857 -722 138 -399 -94 203 672 672 146 146 -903 -910 118 -182 974 -787 -236 -236 -263 745 -263 985 -787 -52 -438 -539 550 -851 -521 784 784 -127 989 663 -456 -28 78 -380 238 -739 433 692 405 -456 783 -523 -974 -704 -64 -191 -757 -393 
920 -227 335 832 335 832 -711 -635 43 -571 165 171 903 46 441 149 -773 335 335 -599 673 -128 -585 -165 545 -67 -20 -511 131 131 -522 773 773 110 674 -884 -112 126 -783 971 -725 -375 -91 -91 -904 -777 533 640 -578 426 -534 -116 -534 -116 134 -45 -45 -363 -763 448 762 323 -27 652 -668 -533 -467 -139 216 63 43 -999 423 -304 639 219 -363 -779 -31 654 269 -613 -481 -2 266 718 456 907 -453 492 -275 795 -223 -639 123 -556 92 92 -311 381 
-163 -846 -534 865 -534 865 -534 865 -821 773 -770 252 517 -333 777 880 812 812 125 -464 -464 -353 -178 -552 545 211 211 265 -58 -297 458 -232 -882 908 908 -114 754 623 623 -639 379 -463 785 -517 68 351 -201 -623 -535 857 218 -423 493 -541 -87 -541 -87 -901 -331 -170 128 115 453 656 536 -381 -624 279 846 809 -698 267 -266 -561 -83 412 573 488 824 -903 270 -407 -850 -998 326 -457 107 59 -568 -804 -481 517 391 -532 -636 617 -622 9 -66 -579 
-419 404 29 -233 582 660 842 965 433 -649 650 807 414 -777 -199 -122 -717 -138 212 -822 327 -686 531 259 326 45 -828 673 278 -603 950 56 554 647 -766 293 -14 -955 345 -365 -646 -81 352 401 461 -871 -912 -877 -534 663 -892 291 -479 -94 410 -403 -685 -79 -803 82 248 -637 64 -214 -879 771 427 -305 394 483 692 372 -261 -755 -413 -867 -370 505 16 -346 187 671 -924 -444 -91 -702 54 287 13 -561 934 552 791 -816 899 -531 463 -352 282 -960 
-342 -329 696 -252 182 -687 513 482 -843 -275 417 319 155 -436 -295 814 319 -284 238 -521 928 215 573 -741 921 292 218 143 -9 -100 -95 -967 -415 -283 -208 766 764 637 -809 -486 962 823 -715 -120 480 982 -299 132 -506 -170 -334 478 344 -232 336 235 -107 -992 254 59 -811 -343 626 -507 807 -374 -447 -670 -6 260 -43 577 781 -647 -805 -459 410 -806 -248 330 -199 62 -884 174 680 -763 910 186 337 -747 955 -961 -572 -975 -894 294 668 646 -256 -700 
-658 -782 -495 507 -280 -703 -915 -582 410 -861 -391 -737 -436 610 -853 47 320 -425 411 716 407 429 -167 -266 -381 935 543 -967 -584 -30 734 -383 -593 -597 978 840 -403 823 -1 -919 -618 -697 -219 -441 -711 642 -193 515 892 892 -802 -973 -167 -93 -49 496 249 -719 -296 -501 231 826 -477 -686 -740 -31 175 -179 94 -69 730 672 806 771 -201 -415 479 59 634 891 -228 -823 -226 -109 -691 -41 721 -896 132 -863 507 775 602 -194 -526 724 -870 -702 -416 919 
-722 -68 -502 -786 273 -241 -12 388 230 -660 -614 -378 116 -149 237 -835 -159 588 -655 796 -770 227 -778 -357 858 -934 -796 -208 4 -248 418 401 39 889 -485 -495 191 -289 147 908 -999 248 -513 -771 -254 592 311 -58 -501 -777 -557 -238 -432 934 -116 -891 958 95 268 537 -310 451 873 258 4 -800 -13 -623 -224 47 -46 857 -892 464 -292 225 -917 171 139 -43 567 359 -540 -750 -108 -812 -904 -848 -332 -790 -202 299 821 18 -174 -349 -545 900 -492 79 
390 -652 -814 -896 -859 130 -563 -634 359 -739 -56 830 -985 237 620 444 819 506 949 -126 -583 914 -134 -505 -636 -491 423 66 643 951 -372 311 -865 -858 -925 622 -681 505 343 107 -664 296 781 -208 641 -691 -237 785 660 339 -846 762 436 988 393 843 -245 7 248 -145 -808 -337 316 -490 415 781 716 -679 -395 314 -64 -669 -944 302 434 567 861 -186 901 -885 848 -556 751 -663 525 834 -892 794 -147 175 345 -386 -900 -830 402 546 519 144 -85 111 
620 769 56 -914 -309 962 -123 855 783 -80 -704 -866 -646 -422 363 892 -725 417 548 -51 -877 -22 -922 -771 -364 -260 -117 494 -106 -667 -225 -844 84 -682 791 -938 591 434 861 -331 618 619 814 199 642 398 736 259 254 127 142 803 14 -366 538 538 -628 611 -974 30 -691 -31 618 643 755 -112 739 800 -35 -474 276 276 -107 -993 -411 206 -934 -911 409 -810 -846 313 613 -904 -248 -300 -814 658 -402 728 62 319 886 -672 -988 -456 -296 238 -52 548 
103 -139 -954 -609 652 -511 262 227 100 707 -918 -918 -24 736 -782 851 -746 965 -543 653 0 -103 -945 -566 496 386 -746 -508 343 -560 637 138 256 30 30 468 -239 -483 -212 758 -831 -777 -131 -961 -270 -61 -139 -510 -939 -303 -303 -3 -559 -410 461 -485 101 -613 521 467 444 477 23 -480 60 -141 60 -799 -203 -203 -799 -616 -672 -781 460 -245 125 784 -773 -610 790 346 -96 204 -364 643 323 -664 397 320 -631 886 587 392 963 532 -961 500 669 65 
228 669 65 835 462 -936 545 527 855 -700 -437 -921 231 184 707 -795 -918 483 483 734 -781 567 686 686 221 -407 39 639 -472 481 481 122 481 -382 13 905 -592 -80 596 -416 7 -732 -957 -437 -993 -437 -532 810 372 46 771 68 68 887 440 -702 -942 -942 47 911 911 118 118 400 601 168 -729 -833 146 -313 -157 -733 804 942 942 -887 -142 -190 702 527 -336 -815 -466 525 615 554 554 918 588 461 235 235 399 672 -829 -768 -53 283 73 -174 
-268 229 -592 -843 -603 -603 -858 -858 548 941 -477 613 441 657 52 52 -642 -397 -555 -248 -27 500 -61 479 -971 -793 -23 -261 113 299 -643 -771 -771 425 -686 -465 -942 -758 -167 614 -437 636 392 360 627 926 -4 453 -476 902 -526 -442 620 902 722 772 -663 788 -850 -97 842 -538 190 -301 -955 -657 484 49 113 -487 296 296 296 -691 802 211 -372 100 283 765 -364 -49 -144 -721 969 839 449 190 -607 -372 -254 327 -310 461 658 460 553 290 733 1 
-446 -604 193 472 789 524 -286 -286 647 -563 760 -706 -238 -238 816 600 -463 902 237 969 -95 -95 292 -672 626 -233 149 318 -109 -538 458 458 -418 -62 681 878 29 624 -620 -916 -487 -99 453 -386 -865 566 -924 -455 173 571 -497 -912 455 70 70 337 131 131 -305 -529 923 -768 -768 769 -182 815 101 -38 357 -38 357 -821 -438 -438 -878 -496 -496 337 147 278 -51 -432 -835 -447 -122 -660 577 574 -887 403 750 -836 866 -714 -427 -903 657 402 -808 953 
-345 157 -811 -811 870 780 556 657 -259 283 5 -254 811 289 682 -411 -88 48 -152 89 -468 240 -324 207 -674 -909 346 788 346 168 627 -380 -748 -911 281 -113 701 -113 -774 601 601 158 -987 -636 -680 658 -563 648 99 -33 -889 212 67 304 175 816 609 -865 60 -777 13 146 -59 -932 421 423 -909 974 -107 -787 844 745 844 334 334 334 985 -787 -100 -435 244 704 550 327 100 -127 129 663 81 -380 238 311 -170 -19 -768 405 -413 -967 -456 783 
-716 404 -271 -191 107 914 -393 -928 -227 -227 335 -194 -619 -102 -711 -318 -378 -378 -366 467 720 903 149 -773 -813 -179 -179 -165 -585 -128 204 702 77 131 -74 773 110 198 -783 -112 -783 -725 942 572 -904 -777 572 533 640 -726 -353 857 -333 134 -45 158 -363 505 -763 -627 -27 873 -946 -668 -668 609 -533 -115 320 853 423 262 -304 -444 894 -453 -779 -31 428 -910 -613 -421 -2 266 718 456 492 912 795 208 -629 796 451 297 -556 -311 213 -846 -917 -9 
865 -917 -9 -9 -9 9 9 773 -770 773 230 -770 -317 480 -302 517 -735 693 620 819 812 264 264 -464 -957 -957 -814 -113 545 167 265 -58 -806 458 63 -882 908 -114 -184 -639 -302 379 785 831 351 894 -938 -384 -686 -886 -588 -623 497 560 -509 857 218 -848 218 -423 -17 566 493 566 -901 -456 846 -326 468 925 -741 -913 -624 774 128 -333 -402 -783 101 -561 -368 573 -61 47 91 265 1000 -850 -582 198 -514 852 -602 -533 47 354 705 -8 -156 347 
-154 19 -65 -908 -875 -592 -641 -189 -300 938 -117 -311 -130 755 118 919 -917 -688 -935 -892 106 -685 -965 -959 883 -458 645 81 -34 243 442 428 820 -73 85 -94 -536 557 934 -977 983 -799 -433 -463 -945 -834 298 -716 759 774 271 131 -115 -991 587 -422 -772 130 182 614 -282 -26 554 -169 -137 -36 -561 567 -207 220 890 698 297 847 -613 317 -708 -224 -378 -143 -808 -357 -4 -224 -524 862 -866 -504 -364 -229 -748 771 795 -581 -727 -732 -388 478 586 940 
-160 -502 -370 622 101 184 -865 376 170 422 247 585 -347 950 361 -297 141 -920 272 918 -280 -998 943 -351 532 -710 788 950 886 640 -744 -853 417 402 -248 637 -654 369 -50 -373 230 450 -863 -340 916 -899 -763 -198 834 663 -48 417 273 -487 -591 -501 621 -490 -560 81 441 -248 -108 -971 -893 -77 740 657 -442 110 -244 -890 -979 235 -338 -762 -987 735 198 577 934 486 -205 945 -924 -933 150 -17 -600 -934 417 -492 826 577 33 927 -334 -123 -432 -400 
146 -231 -221 -725 731 -604 -764 972 -288 220 519 524 -26 -88 645 -619 170 -123 359 -81 328 -394 -923 -671 511 -478 -813 -409 -56 -183 -797 -817 74 -814 648 242 -788 221 993 603 -365 -700 156 -348 -120 855 -915 346 477 446 -359 462 423 517 592 -828 763 -339 -829 -24 553 191 -568 -848 -790 -38 -40 19 -439 176 40 -160 806 -128 708 517 391 -532 355 384 -824 -971 -461 -895 -692 799 -407 404 384 373 -233 219 -468 -716 -152 626 -458 542 -367 -155 
387 700 -923 378 -122 -334 662 -336 611 -625 -580 186 289 576 -429 449 -724 -141 106 309 658 -547 465 754 293 -14 -589 -365 306 -41 649 -119 142 911 -708 700 53 965 -693 176 -94 -22 -259 -584 -973 82 415 -21 -550 470 771 407 -732 -439 -62 372 -854 393 -707 -560 -306 203 505 -398 -163 -462 -547 -455 -32 -91 -156 -909 958 -885 345 362 28 -302 670 -886 49 494 380 303 -424 -262 -899 -201 -687 -608 946 180 632 -408 240 -607 325 -426 -693 841 
65 -499 -465 552 -271 329 391 -579 292 -229 -767 -9 -100 -95 -778 -533 197 478 248 -920 -711 361 -549 646 823 -715 -510 102 -534 -734 -925 -50 900 -334 -597 -265 112 -663 512 -122 398 -765 -217 -349 364 -257 626 -281 264 548 818 718 781 232 -719 -604 182 451 307 -930 972 62 -833 605 -274 856 114 -857 -71 -961 782 542 -325 -537 646 210 39 868 -766 507 89 -601 753 -282 513 359 -86 -816 707 -710 939 -489 -250 393 407 652 -302 506 515 -468 
576 852 864 734 -587 41 -597 -70 989 -474 -728 -441 135 370 160 -441 567 642 270 576 -866 91 994 -431 911 -207 257 -725 -708 -365 -762 -477 350 210 344 969 -879 -491 942 730 671 -819 871 806 -302 361 -706 479 668 -64 209 494 952 -667 554 -457 -682 791 -107 -25 861 -331 13 173 -213 199 642 -722 671 259 362 365 -998 142 803 796 -134 -241 254 -691 -767 -627 336 -647 739 -35 -474 276 276 -107 -993 -951 -934 -911 409 -144 313 -904 613 -642 
-300 611 374 62 319 -353 -799 -988 588 -456 -296 -52 -582 -687 -800 -716 356 759 -382 -612 -517 -412 243 813 -668 -955 212 328 -921 -980 -31 -687 -21 -596 -576 -945 -996 86 -755 -563 689 -901 246 523 -140 -308 -598 -997 -392 -672 -637 242 -580 637 754 -20 -467 334 -131 388 740 186 -88 977 668 194 -829 592 90 155 582 -772 -659 253 938 477 477 -847 -281 -987 109 -987 590 431 -37 823 -221 -875 -440 457 773 526 -822 572 262 265 529 218 -685 878 
267 449 990 738 -281 660 -865 -170 509 736 256 102 32 489 843 -760 -760 -411 -442 879 -462 -462 -213 873 772 667 -339 512 -859 225 265 -528 357 835 -3 -172 598 419 -516 -588 -788 -559 -286 -3 418 -743 -682 -712 413 -287 473 421 -497 544 52 339 -874 -226 560 428 702 960 -111 -868 593 -91 -319 668 -319 -176 -267 -213 -214 -38 883 316 -904 381 -610 -969 -968 700 387 715 747 770 28 -747 -680 466 671 496 496 590 -968 -850 -756 -610 441 169 
-484 494 188 688 639 355 72 -377 -839 -741 741 304 304 891 891 406 -467 -816 -810 -810 21 -521 -832 841 902 570 -428 668 -918 -139 521 119 619 619 939 -244 -153 90 317 610 182 585 -871 -829 174 174 891 635 72 69 -430 -8 -8 926 954 -115 55 -147 950 -627 -27 395 -466 -351 -741 221 65 65 413 500 918 -316 -316 -737 -735 -587 310 56 4 77 -165 -432 22 -1000 506 -428 991 -31 649 -487 -662 -813 -22 233 -258 350 350 -258 -346 36 
661 328 108 477 268 -40 -396 11 493 935 147 -140 -403 -146 -976 -933 -64 -211 709 584 -840 -530 -141 934 311 538 501 -485 -210 250 553 797 925 -278 152 648 -611 319 -190 476 -494 38 -548 484 -125 -877 -291 -282 -452 589 -146 891 -812 -809 -786 -646 -646 114 -195 -457 214 -327 601 477 -546 224 694 -790 786 724 -486 109 -311 -311 -396 -313 580 -728 195 333 175 930 801 -824 552 -877 -933 -902 946 -128 288 654 -108 638 -189 367 367 -424 766 -597 
972 -745 -132 739 209 504 958 -336 84 264 -489 -174 706 875 -9 393 195 276 212 -602 -75 844 231 137 -929 832 -426 -670 -684 -114 -23 -672 473 -842 -401 691 256 -844 719 536 927 451 451 61 787 -121 -651 772 -666 810 -771 -860 -725 547 -499 -759 -630 438 -814 266 528 805 805 827 -21 -538 980 243 -185 -861 943 -548 -929 578 205 -849 699 676 -548 -270 -548 962 192 632 -885 407 -552 752 479 937 -871 25 -871 -809 -809 435 704 -120 -386 -462 
909 -562 -800 -928 -928 293 -796 -841 -398 -398 623 -98 -478 -770 -234 577 393 -863 -863 -277 -769 478 -246 -267 154 906 -880 -292 -556 -274 347 351 191 -458 720 373 854 -680 -763 474 983 -254 354 354 1000 841 910 -239 -97 -634 886 397 -954 -894 -27 530 -482 704 508 -315 -31 116 126 -606 -925 880 683 714 640 434 -632 -730 413 -602 -530 -3 16 -688 -658 872 -787 767 978 635 567 -170 7 -984 734 -594 624 -742 697 473 -660 801 -618 85 717 -661 
-979 -314 -849 -797 199 -173 565 903 572 -463 528 -922 -904 389 549 236 291 70 -803 -53 498 -312 545 -384 985 -806 -774 344 260 78 796 948 951 208 -220 -252 986 -720 -33 654 -571 209 -583 -751 177 -652 238 92 -48 -839 893 -829 -585 -626 -994 365 -608 -302 -519 -281 512 -636 -219 246 109 977 68 -713 784 709 -968 36 -876 684 -254 327 749 921 852 507 95 -399 -199 -699 -678 225 -176 308 901 458 834 845 186 528 -969 691 -729 728 -454 -414 
-555 124 193 921 56 -615 -791 227 -255 -267 -597 683 613 429 -712 158 -186 68 461 626 178 907 -174 -664 -348 -225 -568 -520 562 -85 373 815 397 439 -557 -333 -600 -450 -164 75 -962 84 330 21 -369 -592 -898 -25 613 -616 459 -638 -425 535 -259 -621 -368 512 -285 798 -714 -51 231 208 -259 -541 -993 -913 -473 -140 -92 168 -479 -554 212 893 -718 285 175 689 -219 -38 660 80 -919 368 -899 882 165 334 348 -786 -702 -964 -749 -901 61 -211 25 -530 
848 510 318 -653 814 157 -637 304 498 -651 -201 128 694 339 38 -880 -208 -461 -913 31 -636 446 39 121 -869 562 -758 221 805 -312 -203 -285 -472 -660 -935 47 326 -344 175 97 -305 393 -667 804 -972 584 494 275 568 -634 364 290 -506 -859 696 752 909 -932 333 753 889 55 129 335 244 90 -932 454 -385 -363 495 524 866 -173 611 867 107 -316 -492 208 965 741 865 78 -699 554 -892 752 524 -410 -432 -464 340 -587 -654 -949 -370 -548 391 445 
-671 461 -616 -574 -891 -564 701 767 -839 -240 45 -614 848 848 -481 -763 -949 -974 -561 -937 582 361 525 -155 610 610 442 -254 -336 800 -690 30 149 -92 -443 -635 512 -537 -78 -853 425 -478 335 133 -53 58 727 546 511 -939 -933 -154 -297 690 419 788 309 176 604 -141 -952 -100 -627 614 942 679 -548 -358 598 370 -832 541 541 -263 -807 940 483 -274 604 -379 95 -682 -857 288 616 -534 358 158 -103 -23 -860 847 38 148 731 -504 -560 705 -897 521 
595 -606 573 521 808 -480 739 740 -848 170 -87 969 -631 -320 721 -193 -22 821 -129 138 -427 -499 452 -200 776 -941 886 95 -532 -456 714 -454 -287 303 -665 -11 -956 -25 -426 -776 -408 508 122 -951 517 373 51 22 -850 -104 689 -903 207 102 695 21 374 514 -161 474 -992 -595 -473 -561 185 -648 -636 -259 430 737 -792 463 -960 649 353 -185 252 -248 314 314 292 277 -962 249 126 -869 765 -738 -327 -41 -14 -621 536 248 -443 886 -499 -329 605 488 
-958 120 461 -262 756 364 776 -539 903 -320 -216 80 -156 -106 -781 -306 -178 -130 386 971 889 889 -881 -318 -967 -9 -991 -753 523 -627 -361 -753 978 549 554 -408 744 196 373 768 405 -907 207 -536 274 397 485 100 462 558 -9 494 494 616 270 195 195 -519 370 -135 -30 -156 800 847 -848 987 -284 333 -901 -968 752 -911 -265 466 -845 612 -891 -15 -80 60 665 138 -959 845 415 750 -952 200 -405 -329 -348 -727 -521 -557 547 -333 -480 1 28 278 
