-915 -168 206 946 775 775 -732 -732 -506 614 813 229 -568 79 -159 -917 -323 -293 -674 623 522 -307 -476 706 -283 804 -898 742 742 709 -110 602 -229 469 -70 -522 -945 -550 -212 824 703 -457 -457 -927 869 -102 -493 -802 503 514 514 412 623 466 764 473 473 -880 -309 -505 59 -270 -12 643 -290 -204 -784 12 12 -184 318 42 -459 243 17 -469 -448 -603 868 -12 166 -510 621 -71 -882 -174 699 -491 -883 -642 235 659 -476 269 936 -577 986 -406 477 -624 
-589 379 -753 712 837 -666 531 329 -410 554 861 223 -370 -328 786 988 349 -745 -952 -581 -41 321 -500 998 583 351 -877 -105 209 998 692 -91 -697 245 -752 -648 676 680 879 -149 -693 862 458 -334 -15 -745 -645 280 772 -913 578 -476 566 -530 734 -525 -801 505 790 -31 762 698 -911 532 426 -19 460 832 -743 354 -351 -955 -170 265 -717 -45 -34 -630 -999 831 -541 91 -128 -471 -545 -494 16 32 -268 -268 -793 -248 -820 382 -416 -277 709 -462 693 -497 
-27 921 32 449 79 -543 -586 807 913 468 -614 649 483 -905 935 -390 -962 -629 -873 -873 145 124 146 976 -754 880 880 409 556 -997 734 -418 405 -86 976 333 785 -988 -207 -301 -164 329 555 -170 -834 726 487 -706 13 505 -814 431 542 -529 329 329 730 -424 -424 -854 831 156 252 706 -734 -844 -499 433 198 -180 -180 -639 -560 -578 0 0 -905 -401 960 -900 -900 699 -643 740 476 -821 -732 140 -818 -457 479 383 -973 379 548 548 900 -769 16 -252 
-403 -853 603 -674 210 -171 -492 -494 -751 -348 82 -166 -395 -730 261 -901 -431 -780 797 -615 -90 -615 31 382 800 -317 -994 171 592 724 -185 -448 -620 4 -179 436 27 -723 638 -268 -639 805 -606 944 -864 -34 -171 -171 469 635 320 320 376 234 -577 780 -82 -935 -844 -844 -248 582 210 -335 123 -780 11 -929 178 202 -300 350 -122 -831 437 -681 -570 -412 979 -429 -231 16 -692 841 -704 -805 -973 -140 -253 500 38 -205 -940 679 -407 -67 5 5 -295 -524 
813 789 390 968 -116 749 749 -148 -148 -916 -670 -957 -605 -358 532 919 -509 298 298 -713 -660 -658 204 -181 511 -582 144 653 -841 -501 678 262 -861 -405 -204 -656 -971 -211 -951 522 -277 -897 414 -469 30 162 728 -71 -60 -956 -162 612 -677 -890 234 -593 -1 158 323 -750 709 -50 -758 -181 974 -549 -538 365 -772 -466 -586 -417 -479 -331 573 -899 -901 -154 -856 -505 -615 -615 -159 -710 -95 812 812 556 676 -10 709 709 593 -779 -676 166 -520 221 886 455 
977 -284 705 -87 645 -591 632 632 -33 520 294 751 -352 617 891 797 -540 328 -592 -1000 -723 703 -70 719 -212 889 372 19 -218 431 876 -6 -551 -990 995 -819 -21 -782 500 276 -254 -249 171 -623 -874 29 -997 -601 -588 739 -314 728 -752 531 -777 771 -21 -635 -12 -528 725 -843 -841 -306 551 512 417 -365 880 -548 997 -548 55 -282 -803 55 -666 230 -858 35 564 575 989 -761 369 581 -823 949 85 85 545 -177 949 363 -636 -493 -308 -953 881 -780 
-295 8 398 466 511 537 -836 -825 -945 -344 568 -2 -261 -891 512 473 473 473 668 229 -302 -69 363 -353 457 -23 451 -379 518 -162 687 496 -110 9 -976 -424 438 194 853 -405 521 10 804 -165 -198 -459 -428 -638 197 197 -396 -550 408 130 -390 589 -73 137 503 -986 44 -679 -166 -166 -92 -420 281 -413 281 -62 -424 -995 694 -811 930 -289 -6 -12 325 192 612 -39 134 653 831 262 -904 -403 -313 -547 -800 -800 -200 368 -287 -748 530 253 565 -117 
625 881 720 -92 390 153 -322 303 5 -862 -230 209 209 380 447 -848 -848 -456 895 499 649 432 981 -184 556 446 -164 426 -748 390 830 -173 193 565 39 39 -728 -950 157 933 137 666 134 -386 28 577 577 -542 -490 -972 -540 -910 607 287 -428 719 105 898 -554 869 206 -156 -310 -310 -52 -497 -162 613 613 -729 776 -729 389 58 -443 -203 181 555 -442 -362 -932 397 615 9 594 594 -788 110 -600 -80 -638 222 649 152 -965 502 -544 162 426 825 
605 605 878 213 815 -505 -765 -700 -700 -735 -735 579 -112 593 598 -446 -753 -753 -661 -487 -972 -71 -744 -559 -628 292 -85 45 -982 846 846 -336 -458 730 966 -681 871 871 45 645 131 55 -234 -161 -117 259 -117 -117 -292 -886 -487 -878 -602 77 194 -431 -971 350 407 413 886 -29 921 -890 -890 -942 -376 64 -63 -63 112 -774 -469 -83 311 735 485 663 -224 -487 -311 -707 -663 -427 977 276 -397 98 39 243 171 -867 637 466 -51 358 508 -160 -385 -668 
378 847 -639 388 -313 510 -998 889 -262 -516 -528 -891 870 154 950 -315 304 -955 920 16 927 610 -875 843 -253 -932 393 393 -565 986 555 -432 672 -887 297 664 655 209 -153 -597 -356 702 206 159 -411 352 546 95 831 718 -538 -94 143 -432 -384 -881 -881 -122 273 -885 751 751 -563 459 396 -952 846 -451 718 265 188 -500 213 210 686 507 595 435 702 303 658 950 783 255 129 -133 -687 -339 -785 -686 311 -367 -805 418 449 -369 106 852 65 315 
802 85 -947 626 -819 918 316 -11 -173 -384 -929 424 424 -378 -993 -595 -597 -978 913 365 -6 -566 -566 257 -582 -92 -535 -92 -235 534 928 879 -404 -155 33 33 -438 -292 -292 400 -214 173 -214 173 -187 493 -781 872 101 -100 -465 17 -520 815 828 -851 717 214 -157 -458 -815 998 -434 498 522 957 -484 -299 246 -723 244 443 387 900 332 745 349 306 -147 804 -536 209 -707 209 -365 930 -994 -994 538 -428 -152 504 343 897 855 -618 -36 -293 -427 100 
289 -791 711 540 371 -365 -4 -4 -922 53 786 -27 107 -728 -310 -413 -946 -16 -16 880 -22 -233 364 -793 -82 -561 234 707 707 740 588 588 -448 297 348 -702 265 -685 403 265 265 -685 -647 201 842 698 713 -268 -997 -341 874 138 -880 133 -601 -520 -113 -694 -694 358 -153 -9 585 -946 -195 -273 -120 895 604 -899 -500 -113 -113 -419 -419 246 -240 545 -417 -847 180 -195 525 205 -690 -727 943 -439 815 -873 -873 447 -652 -786 280 203 -127 30 -84 771 
-251 -92 -577 357 347 396 -345 677 -570 997 601 47 479 -880 976 -409 -878 676 -762 -762 -660 -660 -919 -934 529 648 -215 472 443 463 -506 450 -925 -925 297 -179 419 -941 -310 391 -292 703 100 930 -948 -310 -389 -383 385 385 -693 -342 -732 -732 -506 813 229 412 -283 -159 -917 -323 623 -307 88 808 -283 -308 -898 321 709 811 -229 957 -400 -917 -511 -157 -304 -927 220 -92 -816 776 412 623 810 473 621 59 567 643 -260 -753 809 837 -500 765 873 168 
956 -137 382 -672 -824 396 -762 -491 -83 550 -703 269 -71 287 -180 850 379 137 45 -666 -410 554 223 328 -911 988 349 -952 -132 -41 57 435 71 45 -910 -105 -436 -320 -730 692 885 -398 1 594 -244 -149 -985 -523 -523 927 954 -645 772 -913 -704 -476 -948 566 -275 -218 -801 -671 807 188 -499 -699 426 -162 354 -71 265 -174 -45 -97 -306 -679 833 -969 603 98 -494 32 21 -268 751 -176 -238 145 -277 709 -519 437 109 983 -392 688 807 -849 -329 484 
-902 -42 -490 655 975 50 -883 627 217 302 452 136 911 -152 -761 -673 529 381 -444 544 533 -606 -171 489 759 -507 541 -637 518 -98 -719 -648 -524 702 -378 -137 -441 -819 -332 -100 453 766 591 -170 464 152 266 331 852 578 -474 -404 908 908 -333 -731 -928 -692 -760 4 470 -87 284 109 -597 778 -419 -605 709 -824 514 943 663 263 568 -455 -464 -454 381 811 -721 -688 -88 564 345 739 9 425 -649 675 499 -312 803 918 -686 -135 -542 640 -156 947 
484 587 24 -358 -994 12 -811 483 323 59 896 802 92 -682 129 527 527 733 -734 -739 26 196 233 -498 222 965 913 161 92 -597 -280 -614 995 269 483 55 935 -527 223 146 146 -56 -754 -123 -123 -15 737 220 -418 -902 -86 333 845 -357 -301 -758 -758 -834 555 -170 687 487 -195 505 -814 631 730 -711 -424 827 831 252 60 706 -499 -18 427 -320 578 45 375 -891 -905 936 699 -480 -643 -821 476 -732 298 352 -575 -457 -288 -134 -973 437 548 844 
-605 -252 -531 -531 -853 578 210 665 -492 75 -751 97 -730 422 -901 -373 -780 -615 382 -338 889 -799 577 -541 592 -185 4 -179 408 -720 638 -234 -61 -606 -179 -179 -34 -616 469 2 475 376 -781 -577 188 -935 -603 -769 -916 -569 767 11 891 178 734 350 -122 -122 -570 167 -412 979 -231 16 569 -805 -441 -924 662 -253 1000 434 231 975 952 117 -671 564 -753 -524 789 813 968 480 -636 749 954 -670 -605 532 -509 440 374 -658 -170 511 907 907 -32 -501 
-861 -204 864 -870 -214 432 522 -277 -897 247 162 728 -533 -956 705 -996 612 661 234 823 968 158 323 198 -324 -758 972 497 245 892 -549 365 431 339 -417 686 573 361 -364 23 -505 274 -292 -568 196 -95 -237 -237 -508 806 109 109 -779 887 197 -520 886 -788 455 -27 -719 645 645 632 -33 520 751 -61 1 -98 -35 328 -144 -655 -313 597 889 708 304 -950 650 -551 -805 -990 -192 197 -205 -183 -254 -623 -249 -874 -878 -588 616 278 728 728 -410 -777 
520 -635 -246 -713 241 -306 551 551 417 -365 997 997 368 230 368 -666 -803 -803 573 35 -556 -175 118 -33 -454 762 762 -177 391 961 -636 -930 -909 87 -52 -295 40 259 -641 -536 522 229 277 -881 -663 29 397 67 -563 206 -548 975 -971 280 565 -793 848 -16 -56 476 74 -204 26 -748 521 540 -581 -385 850 -221 543 -599 352 -128 214 752 -43 79 205 108 57 -401 406 -786 -786 263 -437 722 836 -438 -809 402 -479 -863 260 922 -612 -97 879 879 
929 -302 -731 997 -137 -837 -54 608 -239 -140 -22 -209 -263 904 -208 90 972 972 80 309 -699 -921 759 415 604 879 154 860 266 -386 -351 11 358 236 -189 975 -192 115 -976 223 572 -619 872 167 -997 -997 566 28 867 -119 911 89 966 176 -837 526 -459 172 -274 -261 414 -640 -800 488 -150 -988 -968 -595 -909 833 958 316 797 94 -499 -566 513 502 857 604 -481 217 -566 -626 -413 -65 -414 390 573 -129 335 609 121 -937 16 -696 213 -753 960 820 
705 99 756 210 -19 230 178 380 695 -738 -88 -57 322 75 966 -735 733 -987 -428 316 805 311 -618 537 -962 -242 770 -608 934 978 540 979 871 -832 792 79 440 358 -419 312 -677 -599 506 287 672 -842 -464 295 -362 1000 -331 -331 -836 966 797 511 -836 -825 -344 -2 -40 575 512 512 -713 445 668 229 -521 -521 363 -23 717 717 -773 687 918 -976 -424 438 -502 -483 10 -127 -198 -713 131 608 964 -550 843 480 -390 -79 137 -986 44 173 -92 -420 
820 -463 281 -463 -995 162 -203 420 330 330 787 -467 192 134 134 653 153 -381 647 -313 -998 -181 -200 -287 -564 -534 253 162 -117 698 -345 153 -322 11 5 -9 -230 447 459 901 -631 -130 987 205 -862 744 695 -108 -748 390 -542 565 193 565 39 -950 -442 933 137 666 47 28 -720 -490 519 -540 408 226 -428 -461 -371 -642 -156 -156 -156 -37 -37 -497 74 389 389 -361 -895 793 555 -442 -309 506 397 9 -788 110 110 611 -862 649 -650 -4 885 -397 
426 825 878 213 451 408 -765 -110 579 -125 -678 740 -487 -972 -744 -71 -216 -705 292 589 616 52 903 -774 311 -978 485 663 -105 -311 276 98 536 243 251 251 552 466 358 -419 -385 -927 -639 -433 -998 737 606 -71 -502 584 870 950 923 -955 913 -658 -663 -875 -819 -253 898 393 -565 292 -956 664 664 655 -308 -42 -222 -356 -31 27 159 -807 546 95 718 878 -440 -64 -621 761 -885 -664 347 -14 396 396 -952 846 -451 -384 797 265 -500 -299 507 -491 
-491 -769 -428 899 109 783 761 575 58 292 -686 964 -466 -502 -369 65 65 -989 826 826 826 -947 781 918 -11 563 424 -394 339 -6 -908 257 -419 152 289 534 46 46 -688 -914 33 -18 400 -543 311 -543 783 -529 480 -100 -586 21 438 -851 412 708 136 -323 530 -588 -588 344 -484 950 -762 -723 -883 618 211 349 827 306 804 -536 225 -365 209 139 -795 276 -206 6 -152 343 343 943 181 -427 -90 703 -92 -617 320 -346 786 -971 -971 281 -728 -946 
-22 364 -338 -565 331 342 -796 712 -50 -396 142 -821 -868 -239 -868 403 -239 -239 -239 -647 -250 842 620 874 197 133 704 -694 524 912 585 -352 -398 -195 -884 555 515 895 -976 -899 -113 843 246 -847 -240 482 589 525 205 -727 -439 -186 165 -113 80 280 -513 -257 30 -263 -84 931 -535 458 -577 -544 -783 -483 601 603 479 976 719 719 -768 -811 653 -934 -538 -215 504 -245 -805 -148 535 -820 419 683 -941 -310 -771 -939 930 -948 -762 -389 -845 -259 -342 -342 
-693 206 -342 -732 60 -506 813 -299 -568 103 385 -295 -159 -934 -293 -323 348 -307 -629 -585 -308 710 321 767 469 -522 -400 969 824 -655 -304 -431 220 -92 -802 683 625 623 669 473 -309 -270 -270 -12 -260 -753 759 837 769 765 873 168 680 -137 726 382 630 -71 331 -17 -762 -491 933 -209 -476 269 687 -577 986 -326 -624 -586 137 831 -743 531 554 554 -839 328 -197 -96 379 -267 349 -745 -952 -581 788 -92 71 45 -910 -708 -105 -495 -40 692 885 483 
-936 680 -244 -149 -985 -523 -523 458 -334 954 -645 280 -913 -704 -476 825 734 -525 -582 -671 807 -499 -847 532 -968 -162 -743 354 -691 -818 62 -97 -34 -306 -306 -679 91 603 -288 529 5 31 -112 21 -994 -176 -56 -820 -300 -277 205 437 -27 983 449 79 672 -722 -708 -902 -564 -760 655 975 686 709 584 612 468 735 991 817 -152 -761 -859 -5 442 441 544 -783 533 -606 -171 489 759 263 -925 541 278 518 -98 87 -588 -794 -118 -118 -846 -95 -999 -92 
675 766 -319 -170 243 -793 -856 266 331 -23 -474 -404 -988 116 193 -731 740 -692 -340 -384 470 -87 579 -72 422 778 -605 316 -882 514 -764 780 663 843 -439 568 -455 723 606 381 -898 406 -75 -88 564 345 905 779 -30 9 54 -207 18 -384 598 803 -513 355 513 -863 -901 640 947 590 -194 24 -85 -994 -77 12 -811 7 -253 59 690 -373 493 92 -419 129 527 -710 -734 -739 26 -435 196 486 -619 -498 222 14 -924 -381 943 -597 -614 995 133 -905 
935 -527 -527 223 976 -754 -123 409 737 -995 -445 81 -698 242 333 845 -207 -758 -164 -164 417 555 -170 687 487 -195 505 88 -814 631 730 -711 -711 -661 827 -854 -382 60 60 -499 744 12 -320 150 45 -578 -891 -905 -401 699 -952 740 740 476 298 298 426 -575 -288 578 383 780 437 -323 844 -605 -252 -252 -531 -853 578 -121 -267 -947 -395 -497 -196 -483 -431 -780 -90 -10 31 889 -799 577 -994 889 592 724 404 4 408 327 -723 638 -234 -61 -990 -606 
944 -179 -34 -616 -616 -729 -110 2 376 17 -781 780 188 -935 -84 210 -603 826 -229 123 11 891 202 -560 -518 437 714 -570 -939 979 721 16 569 -805 76 -924 662 500 1000 -205 975 -940 -783 -671 -671 5 -505 -524 789 813 -596 480 480 -636 954 -430 -957 -891 -621 919 298 -658 -170 -181 144 907 -32 -428 -501 -530 -204 864 413 -915 782 -49 -310 -381 -760 -61 627 95 465 -616 444 -439 312 -800 876 -54 650 -707 56 -998 606 632 -391 -24 -417 -804 
678 -873 338 884 -798 383 0 812 693 708 115 578 755 -367 217 542 -118 -143 -17 -161 885 -100 -900 982 634 -166 -444 895 -94 142 -397 129 -163 -96 -946 -755 42 -577 688 59 -168 -404 -649 835 -814 -509 113 -153 -731 -331 573 361 332 108 -505 274 -159 196 -95 -237 -237 420 676 -384 -828 -828 -906 -676 166 -568 -788 977 685 -87 156 632 318 294 751 617 1 63 797 328 -592 349 -70 -320 -212 372 708 -412 431 650 -551 -990 -805 -819 197 321 
-254 171 -623 -874 29 -878 -588 -505 728 -752 728 -777 204 771 -246 -246 -713 -713 -843 551 217 417 774 997 -548 -666 -858 55 -666 -803 -803 -908 564 -556 581 -454 762 545 85 949 363 -636 -930 -308 -953 -780 -295 259 825 422 -536 336 277 -881 -269 -663 941 397 311 160 -450 206 975 918 747 310 -987 -793 848 -344 476 648 74 -991 107 -940 663 -859 -581 -385 -221 73 -723 -941 604 -773 183 752 -43 -320 -137 108 57 -401 406 -786 232 263 587 -437 
-725 -438 -809 -809 -479 -863 -289 260 888 -793 -447 -97 64 879 824 -986 -731 417 -137 -54 -491 -29 -140 -578 -209 -263 683 94 -259 -60 823 309 -798 -220 -357 604 879 555 860 -728 -351 76 -601 236 582 332 964 14 -976 -919 535 -369 872 167 -997 108 566 28 867 156 -522 -791 966 -837 244 -459 172 -274 -261 -906 778 488 404 -537 -988 45 -595 74 833 -660 856 -672 677 -60 570 -762 502 699 -30 217 -566 695 178 -463 -567 573 295 335 -111 867 
88 950 -2 954 577 109 713 705 99 756 210 210 -19 -383 494 -765 42 -40 -57 -79 75 -25 733 -523 -520 3 311 -618 -321 -962 -44 -608 934 978 540 -506 -77 871 -832 -654 792 79 79 665 454 -677 -686 -599 506 -14 672 -179 -464 -362 466 -331 -919 966 797 511 -836 432 -39 -520 -40 -261 -891 512 -713 -713 -596 229 -302 -69 -353 -23 717 164 -698 687 263 -976 438 194 -502 521 302 -165 -459 -713 131 197 197 -365 408 669 -390 179 -79 -986 
44 173 173 -92 820 -433 168 -413 -453 -995 694 -811 -289 73 -6 325 612 134 653 653 153 -381 -313 -608 -547 -800 -167 -200 -287 -260 530 33 -117 698 561 -92 11 11 -322 5 -862 380 -698 459 901 68 -542 -130 432 -274 -221 744 -164 -108 -748 830 -542 724 193 565 96 597 -442 90 933 591 -386 -498 582 -490 605 -972 408 -428 788 875 -554 206 -156 -52 335 737 776 -729 58 793 -851 -362 -309 506 397 51 -788 110 359 908 -638 152 -327 -4 
885 623 -800 878 451 815 -765 -700 -110 579 553 598 706 -972 -972 -136 -559 181 589 -982 -982 224 846 -959 730 -604 148 -681 -714 -714 45 -301 851 55 -170 -254 -161 259 544 259 -292 -292 -429 -886 -878 -602 -724 77 -327 -452 926 407 -135 886 988 -936 -34 -482 -942 64 584 112 903 981 -680 485 -864 -105 609 -707 -35 276 -397 98 39 437 251 552 -307 466 508 926 -668 -639 -998 -27 -423 932 -996 798 -131 950 923 -253 913 927 -658 -663 -334 -253 
898 -943 986 292 -26 -956 664 993 209 -222 -31 -31 -134 -411 -807 546 95 831 878 -440 661 -384 -621 761 -885 -370 -14 459 396 -952 -451 -199 -435 797 265 188 435 524 282 -491 -769 121 303 950 109 255 58 -126 -86 311 -367 -654 -502 418 -383 852 -989 -989 802 826 284 551 856 -11 316 563 424 -394 339 -908 -566 -419 152 -235 260 534 46 -404 -688 361 -568 400 980 -909 -543 -923 783 493 101 -120 -586 17 -520 438 717 214 708 241 174 -323 
155 -844 -588 -387 -484 950 -723 -883 387 211 47 827 306 804 804 692 139 -365 139 139 -994 -756 299 343 343 943 943 181 -293 -427 100 847 540 725 -553 -365 53 -971 -27 107 -413 -22 256 -82 331 707 -742 740 -50 297 -930 -947 -256 -256 962 -909 186 982 -443 675 114 -237 -776 774 -750 457 457 -997 -972 -835 152 -414 259 259 -906 584 -465 -465 -502 -606 -367 -793 439 -459 -129 405 -979 -375 171 595 -52 861 -436 -370 709 -147 214 -481 776 -238 
-732 -478 389 315 -966 665 -228 981 -327 897 525 -368 -39 428 384 517 384 517 564 730 564 -785 -243 -656 672 -732 166 369 248 169 -323 -74 -424 -285 -665 -285 -48 669 -9 669 -9 -281 44 279 975 628 305 -471 336 424 -699 230 -325 230 391 824 511 997 653 767 -65 132 544 860 860 688 337 688 337 613 -901 -440 -108 109 773 -741 988 -965 851 851 -242 563 295 980 182 -907 -248 -866 -866 863 -216 252 -174 354 354 -507 -303 -984 59 93 
-250 -325 -718 300 -293 -260 912 -137 604 -675 94 578 -319 -198 -403 458 702 219 548 548 -314 -412 151 382 -963 107 887 219 893 -786 542 -222 202 -550 -947 996 785 682 -358 -909 -633 462 -32 514 115 -185 -132 853 -824 -430 -845 510 803 144 144 -886 -173 -733 290 -8 528 -916 575 524 381 964 710 710 953 311 -801 -873 -873 120 -44 984 622 -924 606 973 383 155 -262 846 30 204 204 401 177 401 -806 -771 -874 -106 575 575 -772 963 -483 547 
839 149 96 522 -932 -624 -875 -94 -417 563 -689 -420 727 -43 990 -109 -4 -843 -555 49 917 297 -989 813 813 -337 662 -318 -267 -37 631 922 -231 224 -714 931 899 -597 -107 -779 -734 70 664 234 -873 148 703 -201 422 -11 301 -720 275 -818 -999 -985 -896 982 295 -378 -998 977 578 -781 -69 -700 295 -905 730 819 -735 256 256 -146 512 26 -750 151 -650 202 -147 -601 -460 -235 -685 454 128 -504 309 -705 865 79 497 497 559 -101 -560 949 834 -41 
946 -889 -513 -415 -515 -515 635 -472 537 950 -11 -11 795 527 -588 -667 802 -552 1000 -724 -793 -338 563 563 -465 343 256 556 556 286 -828 -828 -856 800 -973 -788 19 -912 401 451 511 -324 396 -254 835 -982 -101 -200 -200 38 -499 309 -861 -42 -837 -542 44 -734 286 501 -668 463 631 885 885 391 53 -1000 491 195 389 793 -738 192 -581 -758 -790 548 -295 530 530 -283 -401 359 -616 27 -112 -647 643 991 56 705 452 452 -980 735 -395 16 917 -676 
65 -580 55 -726 -141 290 -102 519 -510 822 -147 -234 127 744 770 105 -400 -24 -497 594 -90 -332 141 -446 259 529 -149 -911 806 587 -248 -754 -957 -398 -398 907 138 -452 229 190 -69 206 -580 206 555 -580 -970 -834 -7 -698 336 660 -944 -177 -631 -643 617 617 -509 -859 -665 637 671 -995 264 766 -125 740 426 -18 288 -502 462 -486 -137 862 862 422 -880 422 -251 653 971 653 562 971 917 180 -313 810 -102 152 -157 -192 -162 -366 -384 -112 25 454 
15 -486 769 760 -938 -344 944 222 -16 -16 -720 61 -720 403 -412 228 788 619 -342 -555 -120 -81 -816 -340 678 -793 438 438 108 -263 -706 34 470 -256 452 -598 -14 -868 -375 248 -500 -927 412 595 -921 768 609 267 819 764 -941 -942 381 -847 609 -958 687 -753 -915 -260 -908 347 -243 -922 120 151 218 779 -310 349 349 217 353 -437 169 -578 -855 886 -669 -620 218 449 821 199 -192 682 487 637 -259 339 63 624 -325 -248 388 -44 -897 618 313 -697 
440 -759 -86 -674 -991 -118 -795 883 911 -81 -526 234 353 -997 513 868 423 -410 -636 653 -382 442 -182 -905 -319 42 -755 847 -967 -350 637 -628 727 -109 630 -498 -302 -364 56 652 -753 -95 -44 -235 410 -847 808 965 -365 381 -164 965 34 569 313 34 844 737 -811 959 -132 336 -212 -982 53 374 875 905 456 -709 -242 548 133 799 492 902 675 -758 726 125 903 862 958 521 -88 828 -673 -931 613 454 -109 -474 -438 518 791 -226 267 -799 -483 798 
601 769 -534 997 815 833 489 938 -180 558 701 -735 -33 -182 634 579 -107 -691 -139 -445 -631 780 -604 -733 207 -518 -472 278 438 -427 -313 -877 736 -368 161 -32 -889 -628 -634 -180 -657 72 325 -112 412 0 293 825 -495 -32 638 418 54 -105 889 885 86 965 -882 0 -941 -523 482 -638 762 623 -444 -762 666 8 -961 610 -5 162 -185 -545 -687 -45 -129 613 635 512 595 198 -747 -692 1 -509 -263 -221 883 -166 572 -466 -784 441 421 -755 -140 -714 
829 -755 373 706 684 609 -289 -48 -360 -104 -858 -521 368 941 -201 806 468 844 175 -43 -309 359 524 230 696 680 585 -751 -319 -169 -837 909 -773 -662 -100 -122 -546 -199 -361 999 -902 874 -284 218 488 -657 61 726 -226 -974 752 -222 3 -530 121 -756 -94 -172 -569 -913 -561 -419 712 -307 -169 918 -760 -790 -869 -188 422 -431 302 -144 37 247 701 -227 -902 671 730 411 861 353 -320 -844 -597 -863 -990 -344 736 917 -517 380 -351 508 -894 939 650 -684 
-339 -710 353 -381 -872 699 -220 -545 -53 242 419 391 -386 805 152 -694 788 -654 740 -310 553 565 -310 -417 732 145 -763 -108 -383 -568 275 -339 833 -132 -513 -332 -644 -768 262 141 -789 14 945 611 591 -238 -697 629 107 103 -514 -982 -889 911 560 131 -895 -75 82 -535 348 920 263 -908 717 242 123 815 396 -835 597 -631 -332 116 261 874 937 -467 199 -185 -333 -989 -676 383 -914 -141 859 -862 -377 685 -217 -223 -734 866 209 280 261 800 -108 68 
458 661 565 -996 552 921 227 714 -20 20 5 57 745 126 642 -687 111 -542 -249 -482 514 -626 -987 830 -293 298 -742 10 132 -429 992 571 -739 -589 759 76 863 360 -668 -155 -278 -197 478 -767 -738 -886 770 -778 491 607 278 260 -220 -497 -686 -290 -59 -939 307 449 -731 354 669 -968 267 -378 -252 -619 962 498 -798 -917 307 915 244 981 288 275 -989 -764 -555 -544 885 633 731 630 878 251 -217 477 -972 -139 -573 318 -971 979 288 600 362 -803 
476 -837 81 970 616 982 -66 -192 517 -470 -353 -213 670 487 680 275 520 -305 526 132 -353 -737 613 68 300 286 -905 -51 -733 -279 566 -146 845 11 -256 310 -554 280 994 26 964 809 419 139 716 939 -40 -661 751 782 453 968 571 96 915 -580 -338 303 -801 -630 -994 -583 698 511 -691 773 572 590 -887 -818 616 462 793 450 -559 -487 -781 42 316 440 483 786 761 -760 914 -617 776 900 -965 301 554 428 -531 810 -874 216 -942 95 942 262 
-693 946 -342 -164 775 -506 813 827 -314 -568 -295 -934 -674 623 522 -307 88 227 -283 -235 710 -545 -408 -110 -979 -229 957 213 -945 162 824 -157 -304 678 -927 -861 490 -816 503 776 625 623 -91 810 473 -880 -309 -505 59 -270 493 -12 -260 -204 -784 809 -184 769 765 907 873 -292 -469 -448 330 567 -252 382 -299 -325 205 396 -762 -491 106 -476 269 -703 -577 986 -180 -154 850 -589 379 -646 399 762 329 -410 554 -839 223 -911 -392 988 349 -20 -952 -581 
-41 -41 57 45 998 351 -877 -105 -839 -599 825 104 692 -91 731 -416 469 -817 680 -149 -985 -693 862 862 927 219 954 -645 -203 280 -913 -704 -476 825 -530 734 -218 -801 -671 -112 -31 538 -699 532 426 -19 -162 -201 -743 354 -351 -351 998 265 355 -45 -34 -679 -401 833 91 -969 91 371 16 31 -112 -268 -793 -248 -238 556 730 -416 -277 205 -497 -27 244 79 -543 807 -722 -129 -902 -42 -564 -760 149 573 975 261 686 709 217 302 468 -754 784 95 
-761 -571 767 529 381 -444 -25 533 -606 -171 489 -31 619 -507 922 -637 -857 -74 -98 838 87 -833 -242 702 -378 -137 -441 -95 -819 -338 609 675 766 -246 -170 -500 -818 152 -712 -568 331 -23 -474 554 -988 116 -333 720 167 -692 -340 -760 470 334 274 -691 -483 -597 -124 -480 -605 -263 -882 526 -462 217 739 206 878 568 -455 723 -464 -379 381 811 995 -898 -721 406 -688 -75 -88 811 995 -721 -688 -75 -88 564 345 779 -388 54 -813 -384 864 -506 561 820 
-542 -911 -86 316 -194 24 -358 531 861 -957 323 -4 -233 -836 -833 -419 129 527 57 393 -301 196 486 -619 4 965 913 -641 92 -597 494 -614 995 -905 -962 -629 -873 146 409 103 81 -86 333 785 -988 -301 -164 -834 -194 -834 726 487 505 88 431 -814 631 93 -424 831 252 -484 -499 -844 198 150 0 -905 394 936 -480 -732 -821 352 -818 -288 780 548 -769 16 -203 578 210 -121 -947 -348 82 97 -901 -431 797 -615 31 382 -317 592 -475 -620 -179 327 
27 638 15 944 -34 -729 2 475 376 234 -901 -82 -248 582 826 -569 767 -780 -962 734 -518 -681 -570 -412 -231 -781 234 -441 662 -821 -205 975 -671 -67 564 -753 -214 390 968 -116 757 -581 -957 -621 -509 298 -658 -170 -991 144 -566 678 262 -204 221 -809 522 -897 993 728 -956 -996 612 998 234 158 -893 -758 497 -549 -772 253 -417 -742 27 580 -279 377 860 266 -507 500 618 -274 -892 712 -398 -391 -873 -822 989 -675 63 -864 -867 -367 217 185 -847 -143 
-704 -801 -148 -562 921 -535 37 621 895 -828 -397 129 -339 128 -755 42 820 -682 -438 472 -404 -649 835 -814 -933 -122 667 727 -331 361 -364 -154 -856 238 -615 -95 -237 806 -906 -676 166 -520 886 -788 977 -233 819 645 -33 -61 265 63 797 328 -70 719 372 -218 304 -551 -805 -819 551 -254 -623 29 -997 -588 -314 531 -777 520 -635 725 -843 512 -365 997 55 230 -858 35 -556 -175 581 -913 762 545 307 949 -636 -757 -308 8 398 -696 761 336 629 277 
-383 29 311 698 -450 571 180 246 -971 -597 565 514 -16 476 771 981 391 -940 -295 -581 -178 263 543 -941 604 -773 752 954 79 205 108 258 125 406 -14 -786 232 655 734 -725 363 758 -438 -455 -479 -613 260 922 -447 -97 64 -481 -245 -986 -731 -188 -137 -560 608 -239 -578 76 904 -208 -60 80 146 759 604 879 154 -845 -460 -386 76 -712 332 -192 115 -976 965 535 917 -920 -997 -801 28 -200 -253 -126 966 176 942 131 -459 172 -274 -261 414 -640 
-800 -15 -988 -968 -57 -933 833 856 -672 694 368 -566 -138 -186 699 604 217 -164 -413 44 -567 573 -419 546 992 48 -937 -2 213 109 327 -567 -854 756 210 943 -167 380 42 -40 322 75 -25 -254 777 -428 -520 3 -618 537 -962 -242 -608 934 978 540 -506 871 171 923 79 716 540 917 399 287 93 1000 -919 966 359 -400 537 -836 -344 -344 -2 -261 512 668 -521 363 457 -379 518 687 9 438 -483 10 -127 -197 -428 -638 608 408 669 -390 589 137 
-679 -679 -166 -92 820 -995 162 930 330 325 134 153 -403 -313 -547 -200 -287 -541 33 -117 625 -831 -345 390 -322 11 5 -862 -230 209 -848 -631 -252 432 -274 -694 -164 -792 724 565 39 -442 933 591 134 28 -720 -542 -490 519 -910 287 -428 788 -461 -371 -642 206 -156 -52 335 -532 876 389 392 -203 -851 555 457 -309 397 9 -788 -152 -931 222 649 -16 -4 502 623 825 -800 878 815 -505 -110 579 593 -446 -753 -136 -559 -216 181 45 -509 846 -792 -959 
558 -557 620 55 616 -254 -161 259 -292 -886 -878 77 194 -971 -878 886 988 -34 -482 725 64 584 112 311 485 -224 -663 276 39 243 171 466 358 300 847 -639 510 -423 -516 584 798 950 304 920 927 610 -875 -253 100 -943 -614 -887 297 993 759 -356 -78 206 -411 546 718 -94 143 -64 -621 -160 -272 751 -664 396 846 -435 188 282 -491 303 109 -211 -126 -686 -466 -805 890 -369 -172 132 802 -947 -11 -10 -993 -978 339 365 281 702 260 879 -404 361 
712 286 541 -923 -187 11 872 -120 -520 815 -851 214 736 -129 763 -577 -844 -484 -484 -723 244 745 306 804 278 209 -994 299 479 826 855 -618 -293 -913 -427 100 -90 -791 540 -553 53 -27 107 -413 -16 364 256 -82 331 823 707 -742 712 -50 588 297 -821 403 -647 842 698 620 -880 133 15 -520 -113 524 912 585 -364 -152 -398 -884 -120 -976 300 -500 -818 246 -417 -847 786 205 -727 165 -666 -652 -786 -513 -257 30 771 -535 48 -209 396 170 -570 601 
479 976 -409 719 -878 -768 -934 658 648 472 -90 -245 -805 297 952 268 419 -941 -292 100 -948 -878 658 -362 -632 -259 -342 -481 -141 -416 -799 -465 566 -370 -294 -220 -207 328 186 -930 -65 -909 982 -443 114 -370 774 -750 457 -997 -835 196 -906 17 752 -465 200 -367 439 439 -926 405 865 171 -52 179 -370 -626 214 462 -238 -478 315 -69 -681 -327 -930 525 -535 179 428 384 -522 -785 -656 986 369 -74 -424 -285 984 318 669 279 -471 424 -699 -699 -325 230 
391 824 511 -65 672 154 337 -971 -901 -108 109 -741 -790 261 -242 980 -248 863 282 373 -680 -303 93 -325 301 -900 -293 -137 -319 -198 458 548 151 -64 311 887 893 -114 202 637 -947 219 -358 462 -32 514 -364 -487 -188 68 -742 -78 -785 -693 -634 -164 -164 775 60 313 -506 813 -724 -724 -314 -568 412 -910 -295 -699 -699 515 -674 623 -502 323 315 132 802 284 -947 551 47 918 -11 316 316 -168 -10 424 -993 913 339 -6 -908 257 -126 281 -904 329 
-165 702 152 289 260 -262 46 -755 -38 -438 -438 -568 286 -18 400 541 311 -923 311 -543 -909 -923 811 811 -529 11 -737 480 -100 17 -277 -277 21 21 828 -851 717 214 736 -106 -129 -485 155 -577 498 -844 344 957 -484 -299 -958 -1000 -1000 -723 634 -126 47 47 349 -102 306 396 396 -707 -707 291 930 -994 276 -756 -206 980 -963 479 504 343 897 855 943 -618 -36 -913 940 -427 -221 100 -90 -92 -694 403 320 -365 -27 -27 -971 107 -728 281 -413 598 
880 880 -22 -119 256 778 32 -565 -565 -537 823 -561 342 -120 -742 561 588 297 142 -121 -821 -702 403 403 -250 201 713 -449 620 -997 -997 -754 -880 133 -601 15 704 -520 -113 -694 524 358 -153 909 912 569 -9 585 -364 -352 317 -152 -763 439 -888 -946 -398 -195 -601 133 15 -601 704 -113 -113 524 358 909 569 -9 -364 -352 439 -398 -884 939 -120 895 895 845 300 -113 -818 593 246 545 -240 86 943 400 525 878 943 767 -439 70 -666 -873 447 882 
-831 -652 80 -786 280 203 -257 990 990 -263 731 771 -84 -535 -92 48 458 -577 -302 357 884 -566 396 -483 281 -345 281 601 47 603 976 312 -409 809 -762 -811 -811 -919 423 672 914 914 472 -215 450 -805 297 -542 -820 -737 419 683 654 -941 -292 986 -585 -25 -878 658 -890 -845 -312 -632 -259 -342 359 -942 468 -141 -658 -981 -465 921 583 -370 -370 -294 575 -220 -207 -259 -470 186 -353 361 -930 430 -947 -65 962 -909 -442 -599 982 675 -234 -844 74 -237 
-603 774 -750 -562 645 645 -997 -972 -835 152 226 -414 -723 -747 -906 752 -465 -469 200 -367 -363 -793 -793 439 -350 -459 -926 880 -129 405 865 293 -949 498 -436 179 -436 -370 961 709 709 -626 214 -147 214 776 -870 -478 -123 509 315 -966 -681 -69 -281 337 981 -327 -31 753 525 992 -368 -664 -437 179 428 384 517 730 -708 -522 -395 -785 630 973 -656 54 227 166 248 -947 -48 169 -323 -74 971 72 -424 -285 984 917 318 669 669 682 44 279 826 -760 
975 305 -471 -728 440 -699 -325 -410 -699 230 230 -139 -475 824 -863 511 402 278 100 767 132 -210 672 924 -715 -715 413 413 -368 -971 -440 -599 -901 109 -741 773 -245 -790 261 851 753 -527 989 980 -260 -108 -708 -907 884 -866 252 -116 569 569 -680 -303 -366 285 93 -423 -718 301 300 -419 912 -396 -925 -319 -198 -931 -403 61 -723 -11 548 -605 -85 97 151 311 176 -151 887 -187 893 -50 -114 -114 879 -50 637 -947 996 219 -415 -762 -358 -909 462 -32 
514 514 687 -434 -912 -216 -188 68 419 531 -228 -279 986 664 973 472 -92 450 -229 -650 -388 489 -268 -292 -879 321 -178 -379 336 -914 370 229 -785 -117 -473 94 158 134 -764 39 887 434 -735 -464 1 348 -770 41 -785 -476 -17 -377 678 -792 150 -830 602 330 565 -861 925 -999 400 -679 -824 -430 -845 510 803 323 -886 413 413 47 -8 -683 7 454 15 524 37 710 644 953 311 -774 375 -44 339 -924 606 973 588 476 -14 668 668 -723 -665 -806 
177 -874 -258 963 505 353 547 694 -684 -333 839 149 -434 -664 -932 -675 -984 -984 -585 -417 15 -689 619 727 126 741 621 -4 527 912 49 -796 917 297 -989 -897 48 934 934 0 -381 -267 189 579 709 -158 -158 931 899 -597 -604 -107 735 77 664 -300 594 -740 445 -615 703 224 -248 -820 366 -191 -11 -911 -720 459 525 633 955 52 -217 -616 -378 -839 926 -453 578 149 -781 -69 -795 295 -995 -794 -13 819 -735 629 -189 -244 -743 -131 -831 -831 -116 286 
202 616 813 -8 -88 -985 -334 -504 -315 309 -705 -833 129 79 -40 -40 497 -40 559 306 -725 421 851 4 946 -513 -889 -140 -515 -515 500 870 489 -410 121 527 795 795 282 367 397 802 1000 1000 -129 -1 844 -862 563 -465 256 -232 909 -424 -186 -856 958 800 795 16 754 19 -516 -469 -721 289 -254 835 -598 -982 -101 -101 906 38 -511 309 -572 927 -427 -427 -734 -147 501 -328 87 192 -158 391 391 185 185 -202 -786 -1000 491 -1000 -220 368 874 389 
-251 793 71 71 -298 -900 -460 -57 -295 530 -283 872 336 297 297 27 -115 -112 -647 643 829 -963 -602 481 991 -963 -602 481 296 -170 406 -8 -8 452 -21 -16 -356 917 -676 484 57 21 -899 -389 -141 290 -811 -811 225 -374 519 -510 -510 822 -127 210 977 744 744 -673 471 105 859 -400 -410 -423 142 -466 -90 -973 -332 141 -446 223 259 -202 496 699 -772 800 800 800 -754 224 -554 907 -836 289 -671 229 1 555 396 206 555 -580 -970 799 -933 -7 
-63 -229 -813 -813 -40 922 922 -631 -753 -753 617 701 -836 961 -665 961 -665 637 671 -933 -287 -995 -12 231 766 -516 -516 -125 -902 -18 462 813 -137 862 992 992 316 -880 -880 -251 562 -251 653 562 917 -14 -161 -53 -313 441 441 -546 -192 -192 -525 -384 -112 855 417 473 -291 769 -799 973 973 -486 -545 944 -10 61 -720 -412 228 728 -154 619 -630 -555 535 -340 678 -920 -920 -669 -669 -154 108 -427 149 938 -818 -727 452 -654 585 112 -395 627 -174 -500 
-762 912 -520 -508 609 242 -101 438 793 -153 381 947 -295 642 516 -260 217 347 929 120 -854 218 -154 -310 -142 914 390 557 692 -376 -153 485 -921 -249 -445 141 744 -638 714 887 -895 740 -223 600 418 51 749 -427 472 584 -496 -448 -636 555 599 -476 -269 352 -591 743 -792 -450 -695 -638 -583 -383 709 189 279 965 -99 -970 -718 -272 -498 169 219 29 -607 408 -737 -605 -755 559 -661 439 438 597 916 -281 -736 274 -730 872 620 -69 -229 669 970 -471 
-917 472 892 -89 -535 803 330 796 -847 231 -573 634 445 -460 134 -999 -740 781 734 -792 -607 -231 221 821 -706 -68 -98 373 80 -410 -457 521 401 -785 -88 -752 -32 271 -516 109 -95 -232 -125 -899 554 -230 783 -918 -395 83 189 503 765 -934 -157 -283 747 977 625 -620 -504 -113 -438 -509 -230 173 -31 247 591 351 -41 776 -504 -641 -52 -93 -289 47 234 264 -987 -667 -909 191 911 -972 -258 -295 793 -560 962 -307 -819 -704 -740 49 -938 411 -431 928 
166 842 972 -341 -341 197 133 15 -113 -694 524 912 569 -364 -763 -195 -195 -434 515 895 -976 -899 -818 593 246 482 -240 -417 -772 525 786 205 878 407 -186 -186 -666 80 203 -666 -127 226 -263 -84 731 931 -92 -577 357 -544 -783 -570 601 479 70 976 809 719 676 -768 653 -919 -723 -538 666 -215 472 504 -215 -925 297 952 419 654 -310 -310 -939 -939 -369 -948 930 -310 -362 -845 -632 -259 359 -942 -481 468 -658 -668 475 -121 391 -316 -370 -294 575 -591 
-207 328 -224 186 987 -47 -930 -242 -65 -409 -409 962 740 236 791 -443 114 -761 -234 -370 -812 -562 -562 -562 645 -997 226 196 545 -723 -906 17 752 -465 -502 -469 -431 -367 439 405 405 -979 -457 651 171 179 595 -52 961 861 -626 709 -626 214 462 -238 -123 549 652 -966 -681 -966 91 -327 -327 -31 -930 313 -368 -535 992 179 -437 428 517 517 -708 730 -395 -57 617 54 986 -947 369 -744 169 -74 72 -424 -285 -263 -263 318 669 682 -5 279 -760 986 
305 -471 879 -908 -699 230 -908 -325 -410 230 -145 932 511 402 767 132 672 154 -715 337 613 -599 -901 -108 109 773 795 -790 261 989 -456 -201 980 -260 -238 501 -248 -216 252 863 744 373 354 -680 -507 -303 -592 -182 93 -250 -325 -970 -900 -293 912 -137 -349 586 94 -319 -198 -198 980 61 -64 -227 -11 -734 -104 -985 311 -963 887 893 893 -633 -786 189 -306 -50 -550 367 996 -550 109 109 462 514 -502 150 79 564 -359 602 330 115 -861 -472 -320 -813 
981 892 892 -845 510 -10 -10 -510 22 -637 945 -8 -495 -916 524 381 964 801 311 726 -801 -468 120 -273 146 -924 -660 476 744 -43 846 -723 -811 990 -771 990 -874 305 -106 -826 -514 963 -483 926 -409 -292 -18 839 710 -664 -624 -875 -475 -417 563 15 -754 619 -420 417 741 -4 -555 -796 297 220 -989 -897 -374 662 48 -261 0 308 657 -267 -37 -999 -903 -781 659 -714 -985 561 561 -597 -604 -604 -734 321 -300 122 117 262 -615 224 -614 98 532 20 
-191 -11 486 486 794 872 826 -809 -273 -280 -887 -371 982 -874 -534 -556 -556 -453 -781 149 -781 -545 -795 -700 -795 -700 -655 473 520 -532 629 629 -395 -743 151 -116 -147 616 813 -274 637 -270 -929 -504 309 818 79 -846 -846 -995 559 -52 496 834 -404 -820 380 380 -439 -439 -266 -140 -515 -240 -410 -191 950 -842 795 121 -11 527 -235 646 -552 -724 742 -129 59 563 962 -167 105 806 806 -650 -44 -424 -49 -856 800 661 16 754 697 -581 511 -989 633 -254 
835 543 89 -982 711 38 -170 -304 856 763 -555 -837 -542 461 419 419 575 -158 391 885 391 -262 -262 712 -786 -220 -1000 725 -370 -370 -124 -438 389 793 -738 -298 682 -900 548 -295 -283 530 -283 -957 632 632 27 690 643 829 -602 481 22 406 705 -609 -609 -908 -908 294 -85 16 917 844 484 -415 -861 -389 703 290 437 -863 847 -248 519 822 -510 -127 -127 452 -234 977 904 127 744 770 -673 148 555 555 782 -410 213 -497 142 -466 594 -332 141 -904 
223 -379 259 496 -911 -772 -264 -248 800 -754 -554 907 -398 -39 -89 -426 229 -926 -69 396 555 555 799 799 -933 -7 939 -698 -466 -40 205 660 -839 -631 -108 -753 685 685 -372 -859 654 654 -417 144 671 707 66 -146 766 -125 -18 288 51 -202 862 992 316 -880 -251 562 -524 -524 263 180 -53 -102 767 -157 -192 -470 949 339 738 -209 -128 -291 769 -734 -230 406 386 944 178 61 61 -412 -412 228 403 228 788 -385 -698 -70 -555 -740 -340 678 -793 -447 
108 -294 -808 254 -880 452 -14 -654 221 309 641 -500 517 881 -158 -985 609 625 -493 -137 -959 279 381 -169 -905 510 -277 -260 347 929 425 340 340 151 179 -310 -429 -282 950 1 -898 -355 489 -673 89 -43 -553 15 -771 -198 480 689 667 -362 961 -127 -108 -489 541 980 -775 -587 246 -615 397 -323 191 883 -939 745 -423 133 -239 201 871 -726 -851 368 821 488 -532 439 170 803 -493 -859 -477 765 648 987 639 -292 462 -519 635 -509 602 202 -71 71 
-329 -980 939 130 -764 117 -58 -57 311 -572 -644 -253 587 -484 237 707 988 -409 -379 -372 -683 -523 139 -992 -950 742 -278 330 -634 -323 -847 170 170 -450 870 258 949 -800 -901 -290 517 -916 576 341 165 -975 -396 -428 644 583 -480 -702 -622 -769 934 496 -492 279 -25 -618 842 -37 85 -768 252 -534 711 162 -801 925 829 635 -427 -206 -902 -792 -877 -358 735 -874 -716 609 -657 -25 878 485 -332 -77 -35 780 664 -968 294 144 -288 -277 -25 -136 -17 -440 
40 937 925 271 -606 -655 597 287 90 809 543 106 180 697 300 -636 137 627 -141 -259 948 703 -26 -843 -226 674 -382 89 -564 -180 -51 821 585 623 301 647 -227 -820 461 851 -879 -527 288 50 173 747 -910 -882 -266 -722 -22 -677 -187 -830 589 -35 336 492 -138 -734 -112 -5 674 639 -85 -234 -202 -354 399 760 -192 -845 595 -737 465 -280 1 761 743 -535 -891 553 112 572 950 -535 245 -755 73 689 550 -809 908 -690 -442 393 -234 -258 322 446 
-57 -613 226 -756 -105 909 -201 462 401 -850 -43 636 623 856 52 -549 -117 -159 975 -751 507 194 -119 319 -922 909 -27 428 -749 158 -122 861 -55 -306 274 393 462 -152 -284 -867 161 488 -550 863 -605 726 -612 916 -297 -558 626 725 192 -932 698 -345 -517 834 -501 -896 192 -419 712 561 -655 944 -945 59 -900 728 -849 -476 -687 746 714 -45 113 40 440 -823 731 911 -235 -325 -520 -170 718 -844 127 131 597 -985 -137 -447 -37 302 169 869 928 554 
-962 -747 -419 -684 804 67 -127 82 30 -483 293 -31 745 -75 -339 945 -216 -454 572 -551 -899 193 95 -806 740 -91 755 926 99 -648 -842 807 -694 -937 539 447 -839 378 732 689 -310 652 732 400 -251 961 744 160 -254 -15 -339 575 -394 -513 -515 660 831 994 273 -789 -170 195 -691 146 -238 -417 -41 -893 -514 -146 903 594 642 494 560 -494 -895 -75 608 -329 -626 -273 -328 490 -453 123 648 396 839 682 -696 -631 -2 399 596 807 261 -181 937 187 
285 -185 -851 -422 -104 -679 -676 981 207 451 101 -404 113 184 791 -217 -994 -858 -608 296 -544 -508 280 711 -421 428 -709 -101 -882 365 613 312 126 714 -66 830 57 -150 903 612 878 -69 -788 -607 651 -482 371 -499 595 -786 -88 345 739 81 54 675 748 499 -312 803 -513 355 -143 -863 -542 640 -424 587 713 -994 841 323 -4 -233 802 237 -419 151 57 -734 -739 378 196 233 -498 965 -924 92 -597 -712 -614 995 483 -72 935 -629 -873 124 146 -754 
409 -377 81 -698 -156 -357 -301 -164 417 -194 726 487 -409 631 93 -424 -854 831 252 -499 -844 198 427 -578 -905 394 936 -900 -480 -732 -821 -818 -134 -973 379 437 548 -605 -252 -403 578 -674 -121 -348 82 -497 -431 -780 -10 889 -317 -994 -475 634 327 638 -61 -606 944 -34 -171 2 376 -781 241 -935 -248 -603 826 -229 11 -962 178 202 734 350 -122 327 -570 -570 -412 721 16 -760 841 234 -441 -140 -253 975 -582 931 -407 564 -753 -524 -214 789 968 -116 
-148 -670 -957 -605 298 -658 -991 907 -501 678 -861 864 -870 -27 522 -897 -524 162 -199 -60 -956 612 -677 234 158 -972 -758 -181 424 -538 -772 -466 -417 -897 573 -364 23 975 -505 -292 -95 812 420 676 -384 -476 -828 -779 197 886 -233 -87 156 632 -33 520 -61 -98 63 797 367 -70 889 19 -412 431 -551 -192 995 -348 276 -254 -874 -997 -601 -588 -314 531 -777 520 -635 -12 -528 241 -843 -841 -365 997 55 -803 -858 -908 564 575 -175 -33 -177 -757 -308 87 
-780 398 259 -641 -978 229 -881 -663 941 397 311 571 687 747 514 -818 -16 -56 -590 74 427 107 -295 540 -581 -385 850 543 -599 352 -773 752 -320 205 158 -89 125 518 247 655 -681 -725 836 -809 402 -512 260 922 -447 879 -302 417 -137 -837 -54 -560 -29 764 -209 76 683 -208 -60 823 309 -798 759 -389 555 -728 667 -601 -712 582 964 14 -111 -557 -369 -455 -598 628 -801 28 -200 -119 911 412 966 942 176 942 -459 -261 -906 778 -288 -537 -988 45 
74 833 316 368 -499 -566 502 604 217 -164 -413 350 -567 601 335 992 48 88 950 -2 954 213 -753 960 820 -304 -854 331 59 230 494 70 42 640 -40 -79 966 733 -813 -428 316 311 -618 -962 -242 580 540 -840 -654 923 792 836 665 -201 -42 -599 313 895 672 599 -464 -362 -159 -331 966 -400 537 -825 432 605 -2 -261 -891 -713 668 -302 363 -23 -379 518 -110 -976 438 853 -483 10 -198 -197 131 608 -550 480 -390 -73 137 -986 -679 -166 -420 -413 
694 930 73 -12 325 134 653 153 -403 -313 -800 -200 -287 -362 -117 -781 -831 -345 390 11 153 11 5 -230 -749 380 -698 -456 499 -252 432 -862 -694 446 -748 390 -173 96 -950 -681 591 28 582 -490 -540 -910 769 788 -554 -156 335 74 876 -729 389 58 82 555 -362 -309 397 51 -765 -788 110 783 649 -4 885 162 -800 878 815 939 -700 579 593 -446 -487 634 634 -559 292 45 -509 846 -336 -959 730 558 -681 -714 -830 55 616 -161 544 -117 -429 -487 
77 -431 -971 350 988 -482 -942 584 112 311 735 -864 -224 -707 407 276 -397 243 171 -867 466 358 926 300 -639 388 -433 510 -423 -891 584 870 950 -755 304 -253 913 -658 -819 -253 100 -565 -614 -432 -887 297 664 993 -308 209 -356 -78 759 -411 231 546 95 718 143 -64 -621 -885 -664 459 396 -199 797 265 188 507 282 696 950 783 -687 -126 -686 -367 -805 106 65 802 -947 918 316 -10 -993 339 339 -6 -582 702 -235 289 46 -404 -914 361 712 400 
980 311 173 -529 11 480 -100 17 -520 -851 214 708 998 155 498 -588 957 -484 -762 -723 -883 634 -126 349 -147 692 209 930 -994 -756 299 479 343 897 943 -618 -293 -427 -90 -273 -553 53 107 -413 598 -22 256 256 -565 342 -796 712 588 297 -821 403 -250 698 620 -880 133 15 704 524 -694 358 909 585 -364 -888 -434 -120 -976 845 -818 -417 545 -240 525 786 -690 205 878 -439 70 -873 7 80 -786 203 -666 -127 771 -251 -92 48 357 396 -483 281 
601 603 -880 976 719 676 -762 -919 648 666 472 -90 -805 952 -179 419 -941 -292 301 986 -948 930 -389 -362 -632 359 -342 -624 -658 -465 391 -370 -259 -470 186 987 -930 430 -947 962 -909 -443 675 -234 -370 -750 457 -972 -414 545 17 -502 200 439 439 880 865 651 171 595 -52 -370 709 214 776 -123 315 -966 -69 -681 -681 981 -327 897 -930 -535 -39 428 384 730 -522 -57 -656 986 166 369 169 -323 -74 72 -424 -263 669 669 -9 44 279 -471 424 -139 
230 -145 824 511 -65 672 860 337 613 -108 109 -741 -245 -790 851 634 980 -248 884 863 863 282 569 -680 -303 93 -325 300 -708 912 -925 578 -319 -198 -403 458 -11 548 -64 887 -320 219 893 -786 202 -947 219 462 -32 514 -364 -487 68 419 531 -228 -689 -407 742 48 966 472 397 -229 -650 148 489 -268 -986 208 -709 -379 336 -914 370 203 488 94 98 -412 -261 887 434 -464 1 -770 -821 41 994 -476 653 453 -375 150 79 564 -359 602 330 565 
-861 -726 -185 -824 -430 -845 803 323 -510 -173 -637 -8 -683 454 -916 524 964 710 953 311 726 -774 -468 375 -44 -924 606 476 -54 846 -723 299 -665 -771 -874 -106 5 963 -483 353 547 694 -292 -742 839 103 -664 -932 -624 -94 -417 15 -689 727 -415 741 -4 527 -555 -796 917 -989 -374 -337 0 -267 631 579 -781 -714 -985 -985 899 -597 -604 -734 77 70 664 941 234 594 -615 703 422 -786 532 20 -191 -11 232 -720 459 633 306 501 982 507 926 977 
578 149 -69 -700 495 357 819 -532 -735 939 26 151 -116 286 616 -601 -8 -235 26 -84 -504 -716 309 -833 79 -846 497 559 -101 834 946 380 -140 -515 -410 950 -842 -11 527 802 -552 1000 742 662 -862 962 563 962 256 -232 286 -44 -186 -856 800 431 16 -453 511 -254 543 -982 38 -499 -304 -572 276 763 -837 44 501 -158 885 391 185 -786 53 -1000 368 907 389 -251 793 -738 -298 -900 -460 548 -295 530 784 359 -616 27 -115 -647 643 -602 991 406 
705 452 309 16 917 55 -389 -141 290 437 519 -510 822 822 -234 977 904 127 744 770 105 -400 -497 142 -90 -466 -973 141 -446 -111 259 496 -362 -248 800 -754 -554 -398 -39 425 837 229 -69 206 555 -970 -933 -7 -698 -40 -944 -177 -631 -108 685 -753 -859 -417 671 46 -995 766 -125 -18 -502 462 -202 992 992 316 -880 -880 562 971 -524 -14 -53 -313 -102 -157 -192 -384 -112 748 -486 115 769 760 944 178 -10 61 -720 228 788 -385 -342 -340 678 -793 
