-991 -967 193 983 -333 -944 -316 805 509 460 814 902 -780 -780 -426 -179 -46 20 -172 -141 -141 -132 -529 397 -609 988 662 667 475 -227 -260 172 -90 -472 -472 -363 22 -809 -657 -620 676 278 882 -113 288 -423 122 550 451 897 897 -312 -430 -25 -546 -963 -963 460 221 -576 -140 811 869 -646 682 -434 345 -269 -721 -302 -487 528 -302 827 -874 428 676 898 -146 -132 94 94 -107 422 -916 -10 103 942 390 589 374 -398 -952 713 -815 -615 -190 -72 -583 -534 
-996 644 -507 644 -507 984 -925 680 -564 785 826 132 612 956 -939 526 -655 -655 -599 53 -439 -635 -439 -683 259 321 501 259 -352 8 8 450 -415 209 779 -748 779 -941 40 438 377 -953 798 386 905 -998 -998 913 552 44 -264 -222 529 -776 -369 -406 358 821 -839 -839 -69 -564 -585 -559 325 -77 498 -773 104 -607 -119 -119 -952 139 139 414 414 -309 476 926 -842 991 991 -481 -972 -481 719 329 546 -74 -66 -66 -200 -3 958 -970 -458 -798 401 -595 
-96 946 -756 -756 -847 -604 772 197 -338 -327 57 -164 -321 875 392 -538 250 -233 -951 706 29 -809 52 172 474 -591 -734 500 -684 -503 955 806 252 303 -831 255 643 -491 -326 993 -326 -980 -838 467 -780 815 -823 315 -962 -918 354 394 938 352 -795 452 23 521 10 25 -842 183 350 183 183 -37 544 -793 -557 -340 -888 818 390 -888 -375 113 113 801 -876 229 584 -827 -852 -500 867 55 -393 658 246 -779 -779 854 63 -869 63 -702 930 44 -508 -248 
-589 548 -243 994 -836 70 -353 508 113 -674 -997 453 880 -442 -682 -811 -198 -803 -803 671 423 327 377 209 -429 -975 -240 -240 -806 -110 201 -97 776 718 372 -685 -822 -757 -57 -812 -402 198 -192 -109 491 -615 -216 -113 17 524 -113 327 -734 -716 309 967 961 961 -731 -242 673 115 -379 -64 -22 -637 218 547 679 -881 752 -270 -270 -424 343 436 -742 131 -719 222 108 -225 993 -271 287 -833 170 404 404 -819 -819 316 -314 -314 -382 290 290 290 -391 23 
651 -999 -999 910 776 -257 110 764 -306 -425 -426 410 -830 962 -587 -655 -193 -932 -115 -27 976 976 837 -872 976 -379 -874 -874 613 609 483 -108 -883 -917 -249 206 -20 -678 -727 -546 -251 -251 -883 652 384 -415 -145 195 -305 916 719 709 481 -808 -845 255 253 15 -659 253 -279 168 325 545 -409 -868 67 84 222 203 -37 -37 476 374 -194 -275 -981 -123 419 -84 -84 -65 470 15 -461 642 418 -863 649 737 -652 -484 103 -586 21 317 -668 718 -990 -407 
-106 193 193 516 205 898 528 86 482 623 -655 -389 -595 -595 -314 -368 -368 710 130 -714 -116 122 -413 -775 107 334 186 906 118 -860 -398 -669 -19 -929 392 -215 353 -829 -189 293 -4 88 492 -115 -900 878 861 -369 -604 -202 -615 380 684 50 397 238 -548 856 926 926 170 170 -907 -652 -340 172 -216 -781 834 -781 834 -781 707 36 680 217 671 -227 284 37 37 578 -373 979 892 979 650 650 -286 469 358 663 -286 469 517 517 -343 895 895 -308 
229 983 -664 597 465 283 -554 -930 -130 706 -96 612 -422 -422 -17 -224 -814 945 853 874 822 255 752 280 950 640 -861 21 -554 48 840 733 940 487 -875 -146 -152 -223 199 129 950 941 362 -873 850 -794 -374 166 266 266 -659 658 -838 -585 721 -246 -431 27 -263 923 -481 515 117 939 -535 -531 -85 -819 -613 943 444 611 12 -1 752 -815 752 -165 -370 452 -505 771 -97 -723 -349 -457 -103 -605 -793 -212 -174 -931 444 -416 -24 -179 91 30 127 394 
103 -372 88 -401 -401 -401 -485 -25 895 -565 968 -462 968 942 -834 -834 -447 414 156 325 700 249 557 -464 313 -644 490 932 -512 -710 -956 526 -277 537 -680 -368 -996 -649 7 867 -842 -532 -549 -328 42 972 973 -437 553 -24 338 553 -88 209 410 178 636 -440 194 -54 965 -55 -527 -592 -877 -943 -167 -823 -695 47 897 -32 634 -44 -253 889 -45 542 -529 859 511 564 312 262 842 12 -208 -560 41 -27 -119 863 803 -793 450 -777 -932 829 480 958 
122 -65 529 614 461 562 -367 -285 194 194 119 390 -167 877 -28 921 -894 -322 781 868 -211 950 259 -509 249 436 -156 -156 734 -156 -105 898 452 -30 -452 -452 389 389 195 -426 52 -874 875 -97 488 488 729 79 -651 449 937 -455 -600 -23 -521 -142 702 -35 506 -684 594 139 971 -123 289 -925 805 741 969 -622 717 -599 754 -807 -168 -488 -29 -29 -837 -302 -897 353 49 307 -448 -767 -767 747 279 -345 72 794 23 -641 508 -278 456 743 894 -158 
-675 -632 -632 -385 -11 172 -782 332 439 683 730 47 -35 282 559 -58 930 282 -29 -852 -968 -572 -721 -639 -833 -833 -58 -234 -476 905 -281 -281 157 157 -135 -79 -944 486 448 -344 748 -18 -687 748 408 -369 -656 -203 -203 -597 850 -94 536 905 -498 466 -963 -629 -20 -760 501 -380 604 639 904 -880 -557 168 -983 662 323 436 -298 131 -563 -45 108 909 108 721 287 -271 287 -833 404 143 -819 715 -314 -401 23 -977 -999 910 776 -22 -236 -225 99 -446 
99 -425 208 -830 26 -629 -655 206 206 206 -193 -885 -724 -631 621 -461 613 976 592 337 -172 781 422 609 483 -494 -249 8 8 -20 616 -678 -430 848 848 -430 -546 460 76 664 664 828 589 -219 -415 316 -62 -145 494 -305 466 916 763 -238 -821 709 481 -808 255 -513 15 -676 545 -409 -868 -140 84 222 203 714 476 -194 -789 -981 -275 648 -166 618 499 -409 199 -65 470 448 448 -815 15 -833 -871 -40 418 -863 649 649 701 103 -94 -527 -311 -311 
718 -407 -990 -106 441 528 -483 -899 -389 -595 -368 710 792 -257 130 -742 -354 333 122 -775 291 122 334 186 -621 906 906 676 -951 -860 -931 -669 -929 -362 393 -215 820 -759 -829 470 -189 201 -4 432 -594 -754 -754 734 418 790 -203 -815 -604 -746 -984 684 817 254 449 -527 617 238 -548 -640 32 856 926 -303 -155 -652 -340 -216 933 -807 976 -853 -227 -988 230 175 650 -112 -490 35 -269 663 517 76 -308 653 653 915 -507 -507 973 -870 -531 -692 -664 597 
597 -692 169 454 269 -375 247 706 -668 104 -17 -224 623 853 853 255 902 902 464 20 216 216 430 -861 -598 -554 840 -287 304 304 940 733 185 -146 -367 941 246 -873 -173 850 834 -1 -370 -281 -505 -819 -723 -344 -103 -637 196 -128 -967 983 790 -944 -989 -656 902 902 91 -46 -481 -541 234 -529 -609 -284 667 -260 683 -331 34 -97 518 459 -357 -365 -766 -862 226 -875 951 -523 -830 674 121 -259 -316 884 -25 -533 880 600 -119 -515 -511 802 136 56 
-758 -722 -774 -739 -368 719 -880 167 474 478 955 -954 731 439 -204 -972 -863 25 -643 859 876 -808 131 624 -671 -246 -267 -338 -178 533 -721 16 383 580 -69 837 -635 72 -766 484 -191 -36 -523 500 -979 -883 -953 529 440 838 180 -250 779 382 -850 -334 -632 328 -828 742 473 -198 -368 -279 275 -475 -366 819 669 446 118 -173 -533 140 145 618 -447 214 752 734 -510 138 925 -975 -675 931 -541 824 -132 -971 -606 -493 69 23 -297 197 389 -285 703 340 
-185 -251 -78 -70 14 -181 -319 437 -52 91 967 -2 -657 676 -116 834 -113 461 122 -312 -778 -546 1 -149 811 636 -269 981 528 827 676 -932 -332 329 -916 -10 103 -757 390 374 -423 713 -952 224 814 -780 693 -507 984 680 -564 -42 612 -939 -553 526 -599 -17 -635 -439 501 259 8 -748 -941 438 637 377 -953 -528 913 -264 441 -369 358 -406 -525 286 266 -559 104 -607 660 -119 136 414 -412 -842 522 -445 719 108 329 -530 -200 -3 958 -722 401 -96 
-29 -756 772 197 950 757 -556 -164 466 73 392 41 208 -599 -233 -951 -809 -591 -281 -684 516 -713 372 -831 255 643 -980 671 -221 709 354 394 16 -129 -484 198 350 -721 -37 -557 818 797 520 -375 229 -500 -500 658 202 854 -316 -702 44 -248 919 458 548 -243 552 16 113 78 825 453 -282 -435 727 -617 327 209 -606 837 8 -240 -463 718 324 -57 -333 198 -352 -615 -28 524 -734 -125 115 -379 218 547 -79 746 799 222 -253 909 993 -176 404 316 
-314 -861 -314 -382 290 165 -426 -257 -306 208 410 26 -193 769 976 976 -874 609 -108 -917 -249 4 -678 -727 -820 959 -667 195 466 570 -845 -659 168 -409 -140 -534 222 708 714 -275 -168 419 250 252 -461 -40 -652 103 273 718 -990 -407 -106 193 528 482 -655 -389 -732 130 -259 -172 846 -452 814 -669 -215 353 470 470 432 -754 429 -604 380 -984 -56 449 238 32 170 -155 172 -475 -853 217 230 578 -373 979 -490 663 -286 -159 376 -343 -308 -506 887 597 
283 -554 235 706 539 104 -224 294 -814 853 822 752 280 464 216 666 -554 48 706 940 -875 -152 950 801 -873 850 -374 -991 -579 193 881 -246 -431 965 -733 -481 795 174 -531 -462 -1 -815 752 -165 311 697 -457 -344 -605 -174 -179 -108 125 394 103 209 -25 -457 -565 968 -834 942 -447 -335 325 700 -464 490 -710 -277 -938 660 -683 -996 -671 867 -317 42 972 338 -198 209 410 -860 178 794 636 194 -54 -527 758 -167 -943 762 -416 -32 -253 -45 527 -423 
-581 -940 -363 41 -27 -889 -475 111 -368 151 450 -777 -932 829 480 73 614 -367 -285 -167 969 -894 -211 -509 249 436 450 -105 452 679 598 875 -667 269 -651 -600 -521 922 -291 594 289 969 717 85 -506 -302 353 49 307 696 245 794 -421 508 -278 456 894 -385 -11 172 683 282 452 930 282 -409 -968 762 -58 375 -244 -281 157 -944 -428 -22 448 -18 -687 748 408 380 254 850 239 -94 -606 905 -297 -87 237 188 904 -557 168 -983 436 -298 -253 909 
-693 316 -314 -13 -51 -999 -303 99 -446 -425 -830 26 -629 206 -193 -631 -932 -115 -461 -27 623 976 -339 609 784 206 359 -546 -444 -820 -883 959 -219 -406 -145 466 -971 -279 15 -676 -409 -868 -140 -534 222 203 -194 -981 -942 607 -278 448 -815 252 15 642 -570 -863 103 21 -668 -74 -311 -643 -106 86 597 -389 -314 792 -742 -259 -413 186 -621 676 553 -931 -232 353 -55 470 867 432 -594 558 878 790 429 -286 229 -506 -507 347 465 169 834 -991 658 -581 
-115 -115 193 881 -431 710 -756 -733 412 939 -535 -531 -613 234 611 -990 -1 752 -165 449 452 -97 -103 -605 -863 -650 859 444 -416 91 127 482 103 -372 -401 -927 340 -457 -610 -462 -876 -447 -529 991 -335 931 156 -464 -464 -817 313 542 -777 249 122 -65 614 360 562 -285 -900 -699 -351 -167 -167 877 921 -322 1000 781 868 833 -211 -491 950 843 -509 -321 -135 -37 -156 -105 -185 -30 -452 389 195 354 -832 -536 236 -667 -31 269 -989 -964 -566 -521 922 -291 
139 971 289 805 -89 -622 717 85 770 754 584 661 -506 863 -523 -989 -897 353 846 -547 373 373 696 -767 747 -191 402 279 44 213 -345 -870 -788 978 508 -474 -278 -337 894 872 -158 -675 137 -437 517 474 172 -782 332 -985 660 313 683 355 -10 -12 -58 995 -29 -968 -572 93 -639 -903 -58 375 -824 -244 157 -593 -428 486 -344 -344 -18 408 -656 -597 -932 939 536 905 -498 780 -963 965 941 941 188 639 -561 388 988 -845 -903 936 -462 555 495 565 
-880 441 -253 -420 390 -972 135 381 248 -735 558 -925 523 870 -470 -708 699 -384 853 914 -921 428 648 -281 10 801 -634 409 950 374 747 0 31 392 -308 923 -613 -994 630 -889 -993 -934 -233 -254 -593 -549 286 -88 203 297 752 -795 612 -233 78 3 -287 495 435 107 -791 -330 -538 -331 -296 134 38 370 320 -937 870 -563 -561 -301 -785 -590 -625 586 -831 523 226 951 -770 -576 517 167 -251 -720 -905 -74 708 -120 -345 -600 799 967 403 187 233 523 
-728 -875 -274 -25 -256 392 -378 465 844 -230 772 218 302 -63 702 -556 858 28 157 19 710 710 29 106 816 154 0 579 28 722 67 516 298 -453 98 188 298 942 -706 411 -22 -603 -644 6 -1000 312 -838 -55 -864 -30 938 -958 831 -456 411 -62 323 -538 901 313 -892 391 262 -751 133 -525 450 4 -683 562 185 -611 -770 -463 -919 -815 -179 653 268 223 354 -484 -521 975 374 498 -686 -372 -49 -725 -987 600 806 -757 -782 -610 286 -253 211 -104 
-620 134 552 -427 908 -642 477 953 -385 993 -619 322 -618 -125 -104 -441 -66 301 -332 -738 -299 -76 -964 504 101 -705 224 -169 -465 336 734 177 895 701 949 109 342 142 -250 274 863 169 -77 -51 583 -412 85 -255 -453 247 -168 197 969 382 706 -315 -807 -119 6 -690 578 396 207 441 -765 -618 -588 136 896 -793 -456 933 -794 85 -776 220 824 677 16 -296 916 969 -744 -82 -931 571 -891 -458 195 24 -452 622 423 -209 69 101 -295 -321 -429 -195 
-128 -967 983 790 -316 346 -656 -636 -109 902 91 -646 -481 -910 -172 234 236 -529 397 -609 -284 667 -260 683 -363 -331 -97 518 459 -61 -766 -862 -875 735 -119 121 -316 751 -533 880 670 -119 -131 979 930 789 -425 136 -758 -758 -742 -722 -774 -556 900 -880 -836 167 447 478 260 731 -204 -743 -972 493 -608 -643 859 876 124 131 624 -671 -246 429 -338 -791 -178 915 128 -721 75 16 490 383 334 -386 -558 720 136 573 -129 -351 -766 414 484 989 -523 -9 
-142 -953 440 180 -829 -850 -674 -986 -649 30 742 473 -198 -985 275 -755 287 -17 -453 -446 819 -413 -29 -844 118 -173 -533 140 -908 -473 -447 -560 554 752 734 -510 479 -567 -975 -675 -541 783 -316 397 -606 -493 23 182 -297 -212 223 253 -285 235 703 -192 -185 272 23 -78 -544 -907 394 437 91 -2 -620 676 834 149 122 -334 -546 1 -303 811 136 605 -269 981 528 827 676 -932 -332 -107 -916 -10 103 -757 390 589 374 -423 161 -952 794 532 -780 721 
693 -892 -507 984 -925 -564 785 132 -939 526 -599 53 -17 -439 501 259 -352 -415 495 -748 -941 438 902 -953 798 -528 913 -264 -776 -525 564 266 -775 660 -119 414 -412 926 522 719 329 329 -530 671 -200 -722 -96 -144 -29 772 -338 950 757 -164 -321 326 392 41 208 -599 347 175 -809 172 -281 -417 -713 252 -831 643 -980 671 709 -823 555 352 -795 10 -484 -842 350 -37 -557 -888 818 -703 520 -876 229 -852 -500 658 246 854 63 -316 -158 -702 44 -555 
-589 476 552 16 113 825 453 -282 -435 727 -617 -310 -606 837 -873 718 324 -57 -333 198 76 491 -28 524 -78 -734 -243 -125 -242 673 115 945 -22 218 547 679 799 222 108 721 287 -176 170 -693 -819 316 715 844 23 -426 -257 764 -446 410 962 26 -629 -193 -885 623 -872 976 -339 243 422 -236 -108 211 206 -430 684 -820 664 589 -667 909 195 763 570 947 -659 -676 -409 84 714 -194 -168 419 250 -461 39 418 649 103 317 718 -407 112 516 528 
219 -389 -732 130 -354 -259 -172 553 814 -931 -669 -215 -759 -55 470 88 492 -115 -754 861 429 -369 -604 380 -984 449 397 238 -548 32 549 -624 -624 172 707 -853 217 230 578 -373 979 175 -490 -286 -159 -343 -308 783 915 887 798 -554 235 539 104 294 853 822 255 280 216 430 -598 -554 48 304 -875 -146 129 950 362 -873 850 -374 -991 193 -585 -246 -431 -161 965 -263 923 -481 736 -126 -531 -613 -462 444 -815 752 752 311 697 -349 -457 -605 -174 -24 
-108 394 209 -25 -457 452 968 -876 -834 -447 -510 700 -464 -644 153 -512 -710 -938 -368 -996 -649 -671 -1000 -328 972 -437 -198 410 -715 178 794 -543 194 965 -110 -415 -654 -167 -823 -695 -414 -416 -253 889 -45 527 482 842 12 -940 -363 41 -889 -119 -368 151 -793 906 708 -65 614 461 -367 194 -167 493 921 -211 259 -509 249 436 -156 -105 452 21 679 195 52 -97 269 -651 -455 -566 787 -142 922 506 -684 139 -123 289 805 969 -622 85 -506 -302 794 373 
-448 -490 245 402 794 978 456 894 -385 172 683 47 282 930 282 -409 762 -58 -234 -244 -281 -944 -22 -18 -687 408 380 -203 850 -94 536 -297 -87 941 501 639 -557 -983 -279 -298 -253 108 993 746 -693 -382 -13 -51 -999 -303 -225 -425 -830 -629 357 -932 -27 976 -339 -427 -883 -249 206 8 616 -678 684 -444 460 -251 -883 828 -219 316 -145 -305 916 -808 -279 168 -676 -868 -868 -154 222 714 648 -981 -168 -409 419 -65 250 252 252 -833 -871 -40 -863 676 
21 -94 -74 -643 -106 528 219 922 710 792 -257 -742 333 -259 291 186 -621 676 -931 -232 -759 -829 470 -189 867 492 734 878 790 429 -746 -615 817 254 449 617 397 -640 32 549 926 -303 -624 -303 -652 -340 899 834 933 -807 -833 976 680 217 -227 578 892 811 -112 -490 358 663 517 -879 915 -507 347 465 454 -375 -130 -422 -224 -814 -426 -354 752 -187 20 -935 -861 -580 840 706 -287 304 185 -875 -223 129 941 490 -173 850 -374 929 -991 658 -581 -579 
-115 721 249 89 -268 -632 849 27 -756 -20 -733 923 412 117 736 -224 -531 -523 -613 611 -990 752 449 771 -97 -103 -605 -124 -863 -650 859 -416 -108 91 127 394 -372 -927 340 -39 -457 452 -462 -876 -529 -335 156 557 -464 425 153 932 -512 -474 -956 912 -277 -779 660 -683 -649 -317 -549 217 269 973 -1 -391 -724 -956 410 -860 93 178 -926 -602 -986 -543 -440 194 965 816 -55 -527 797 -592 -877 -943 385 762 762 761 580 -221 573 -32 889 542 859 444 
511 482 -772 685 -36 -581 891 -940 885 -208 -363 -560 41 -961 -823 -475 -119 -217 -368 -822 884 450 478 806 -932 829 480 73 -65 614 68 461 -367 -285 194 119 390 969 -729 620 -894 -322 -760 781 -521 868 833 913 -211 950 259 259 843 -321 249 436 734 450 898 452 21 -452 581 389 195 -426 52 875 -536 -97 236 488 583 -31 269 -412 79 449 -964 -455 787 -521 702 -35 845 916 -231 741 -622 717 85 770 584 584 -744 661 -488 -29 863 -989 
-302 49 307 0 696 -490 747 -191 -824 -824 464 213 -345 -870 72 -788 -641 508 -278 456 743 894 872 -632 -675 137 517 977 -263 -171 -504 660 439 683 730 -10 -12 559 930 995 -29 922 -852 -968 -572 93 762 -758 -58 375 -824 905 157 714 -22 448 975 -344 975 -687 711 -656 -597 -932 850 239 -8 536 -498 -297 740 -629 -20 237 941 501 426 -126 650 -815 -179 -617 -629 223 810 -521 975 374 498 488 -372 234 -653 -725 -987 600 -813 897 -782 581 
286 -781 211 -591 -620 -701 134 -607 -427 908 15 953 720 85 220 -901 16 -17 -744 -841 571 -590 195 -817 -981 -209 101 720 -279 -5 -14 -399 -299 813 817 61 -246 -519 -279 57 775 -294 -603 805 -836 -255 278 -1 264 -277 -438 723 -422 -955 93 567 600 -962 -676 -935 925 -256 301 -308 -595 412 244 -250 792 434 -455 -376 412 236 -537 -832 -95 739 511 388 856 -693 53 389 990 -273 677 -805 913 440 623 971 -52 488 -961 -952 194 768 64 -388 
721 -591 -447 755 868 699 592 682 -585 -472 715 -273 -822 -767 193 -161 -183 -421 790 790 -635 14 195 -524 809 -566 702 -985 473 -30 -978 -398 -303 -186 -548 -768 861 653 -619 -153 179 64 677 -297 645 343 -181 833 630 775 399 193 193 -333 69 -944 -989 805 509 683 683 106 -636 -109 -780 -426 91 91 -316 -46 -101 -481 -910 -191 820 234 -404 -141 129 236 257 274 397 -609 707 -284 849 475 752 -260 -172 683 -472 -688 593 -331 -493 34 -97 -97 
518 -194 283 -61 -357 148 -365 552 -766 -347 -203 -510 226 -932 838 -523 65 -830 314 674 121 -630 -259 -316 -904 884 880 -533 880 670 -346 -346 943 -131 -515 476 979 989 789 697 -348 798 136 56 28 -127 -742 -722 -936 -739 542 -368 719 900 -880 -836 -370 453 474 779 779 -751 478 -117 260 260 -954 -683 -209 439 -309 -309 -743 -606 -863 659 -606 -863 -801 -218 -218 -608 -643 705 876 859 839 876 -808 527 124 -804 113 -912 624 -890 -671 -246 -838 -838 
429 -594 -338 825 -791 -178 -566 498 533 128 -721 75 857 -878 -161 16 -92 490 383 334 -126 -193 493 837 -635 136 136 88 -129 -421 -351 -733 379 484 -120 -191 989 -304 -993 -9 653 653 -246 -979 -142 -883 -953 529 440 577 120 838 569 -250 817 382 -850 -850 383 -334 -334 -649 328 -828 534 742 473 -198 -271 -279 -327 275 -475 287 -17 -685 -366 -453 -446 224 -79 -422 -29 -539 118 858 934 -533 140 264 -908 -473 -473 -447 -356 -564 -493 939 -142 734 
479 138 93 -975 436 -675 -541 824 -367 -132 -316 -258 -946 -606 -493 912 622 182 -363 197 -212 389 402 402 -285 235 -991 76 -256 -670 272 -251 -755 23 -78 -544 -890 701 444 -181 468 437 -611 -903 -52 896 -316 -325 338 144 882 -919 -62 834 -113 149 451 -312 122 550 -312 911 -778 -546 1 1 941 970 -940 811 136 157 -820 966 439 -971 803 605 -269 981 449 528 516 449 528 969 827 676 -132 -932 898 -822 -146 -191 94 -332 -892 -132 -932 -822 
-146 -191 -892 -107 329 422 -10 -421 -962 -654 -757 892 390 390 374 589 477 -423 161 713 -815 794 -354 305 814 814 -780 -583 -892 -507 984 -632 984 -564 217 -957 132 956 -939 -553 53 -17 -439 463 -439 321 865 -5 501 259 -316 -352 506 8 495 681 -748 -941 70 40 904 435 556 637 206 -804 -804 -953 924 679 913 552 -961 -264 203 797 -369 -406 358 -525 564 -839 -925 266 -564 -559 -775 681 -585 -746 104 -44 -44 -44 -607 -119 81 81 136 -770 
-842 -842 991 522 991 184 632 719 546 417 -8 -501 411 411 -667 -200 -551 958 -798 -603 -96 -941 -29 319 -231 -756 -847 772 -545 950 -862 757 -126 100 -126 -164 239 466 73 392 41 208 41 208 369 -538 -233 -309 175 -809 706 52 172 856 856 474 -744 654 654 672 489 -684 -167 -417 516 -912 69 -753 -713 372 256 256 383 993 -491 371 -491 671 467 -221 709 315 -407 555 394 938 692 211 211 -129 -879 350 -37 544 -557 -852 -557 -793 818 956 
-340 -186 520 -375 -876 -732 -71 -918 -918 867 -500 -736 -393 202 202 202 854 -135 -498 63 -158 -869 -702 44 -340 -340 -248 -555 -713 919 174 552 259 918 16 -121 113 -674 78 -44 -282 810 880 -55 -108 -435 727 -421 -903 978 -425 38 -606 16 16 847 -240 -873 831 -472 776 625 870 -658 718 324 -685 -415 -57 421 965 570 522 -292 277 -192 -46 198 147 -615 -216 -78 -262 546 546 -125 961 967 -242 673 115 945 -270 -134 -144 248 20 889 -697 -79 
679 -881 970 746 136 799 890 -146 -84 904 -843 -880 -973 -557 239 168 -600 -983 662 323 -279 -298 131 -563 652 -45 -253 -271 721 -271 -501 746 -176 -833 170 143 143 316 -861 844 -401 -401 165 23 -426 799 776 -257 -22 764 -303 -225 -225 890 208 -426 461 26 206 -193 -724 -631 621 623 976 -172 781 976 -339 243 -427 784 -108 -494 206 206 8 359 -678 -430 684 460 -820 460 828 -883 589 777 -415 316 494 195 916 -238 -753 -808 -971 947 -279 101 
101 168 -141 -141 545 -409 -154 84 222 597 203 597 714 -194 -275 -789 425 618 -409 419 607 250 -833 642 -871 39 -40 418 649 -652 676 103 273 -586 21 718 -643 -990 -106 516 516 205 441 441 528 86 -483 623 219 291 922 922 694 694 792 -257 -742 -354 -259 529 291 -239 291 -239 -172 186 55 676 -452 814 814 -931 -669 393 393 392 -19 -232 -215 820 820 -829 -759 470 -590 -69 88 432 -594 734 418 -384 861 -815 -604 380 -746 -615 -984 449 
-527 -467 617 238 -548 -640 32 856 -624 -624 322 172 834 933 -216 -216 762 -448 -833 976 -853 36 671 230 578 -373 -169 578 -373 979 175 -112 -386 -490 35 -269 467 370 -269 663 -286 376 -343 -308 -308 -879 -506 915 -507 -507 983 887 347 874 597 -692 454 -554 -554 -930 -130 247 -529 539 -923 -17 -224 -426 -426 945 945 874 822 108 255 752 -354 -187 280 464 216 -861 -598 -520 -580 48 840 706 -287 940 -146 -223 -799 -367 950 950 653 118 -173 834 
-374 -581 -579 -838 193 193 -585 721 -268 -246 -431 -161 -161 710 77 -756 -733 -733 923 -481 262 933 -224 174 -531 470 394 863 -822 -557 -980 -819 -613 -462 -470 -990 -1 -815 -370 -165 -889 -281 311 -505 -274 697 -349 -457 995 -793 -161 -174 859 -662 879 -24 -179 285 482 394 -104 103 -967 -372 209 -927 -25 895 -610 -565 968 -876 -733 -834 -447 231 -510 -335 931 325 -464 -644 -512 563 563 -277 -779 660 -368 -996 -671 867 -1000 -670 2 -525 -328 269 972 973 
-437 338 -1 -724 -198 -1 -724 -88 -198 209 655 93 178 -986 194 965 -54 -55 -415 797 758 -943 385 47 761 156 -416 -427 -427 904 -253 -614 889 -45 -529 125 444 527 -423 -772 685 842 -36 -581 -581 12 -582 885 -685 -363 -735 -961 -823 -823 -119 111 863 -368 151 478 -777 829 708 249 73 958 529 614 360 461 -285 -900 -860 969 969 493 620 921 -322 -760 913 843 259 843 -509 -321 -321 249 436 -608 -135 436 -608 -608 734 724 724 898 898 452 
21 -30 679 195 32 52 875 -536 -97 837 837 -31 250 -651 -964 -455 787 922 506 -291 845 -118 916 -123 -231 -89 969 -622 -440 -655 770 584 929 -506 -506 525 -523 -302 -897 846 794 49 -547 373 696 245 -191 453 464 213 -870 72 -171 508 -278 456 430 -337 568 568 -158 -385 -437 -11 977 -263 462 660 683 355 -10 282 986 452 -58 995 -29 282 -29 -409 447 762 -758 -758 -58 -234 -476 375 -824 -244 -281 157 -135 -135 -944 -428 448 975 -687 -344 
-910 -541 -578 234 -69 236 274 397 -284 849 -431 -260 683 -363 -688 -403 593 -973 34 -97 518 594 -853 -357 -391 -2 -347 -510 -875 388 509 735 505 674 -959 121 575 -316 751 -904 -533 884 880 -521 -521 -119 -251 -515 -511 697 789 730 136 28 -758 -742 216 -774 542 -556 719 83 705 167 -765 447 -127 -751 955 -697 731 338 663 663 -972 493 -863 -823 -823 -662 839 859 876 124 131 343 -890 86 -728 165 -267 434 218 -178 103 533 -385 -887 667 122 
714 -161 490 103 580 -239 -558 837 136 258 573 -351 -766 379 484 622 -36 -304 -523 316 -979 -883 82 82 529 -369 -597 27 569 -250 -939 -628 382 764 -850 -674 -185 -632 30 742 183 104 -985 -755 -475 -17 -366 -685 -968 -413 669 148 216 -173 -533 151 145 -640 618 -447 -356 214 -493 691 -510 -447 -567 -975 -675 931 611 -367 783 -316 -258 397 -606 -493 44 739 -297 -363 -212 253 670 235 -80 -185 -251 -755 -453 -453 -544 -907 14 394 -143 437 -106 914 
914 -803 -2 -90 -409 153 -393 22 987 266 149 461 550 908 -104 -738 -963 460 460 277 811 421 636 -908 605 981 449 -721 528 516 -874 676 -132 -107 665 -10 793 -757 942 589 589 418 -245 -815 -815 -615 17 -646 -646 -507 984 680 -564 785 -957 -939 -553 251 -635 463 501 -683 865 205 205 -352 506 -467 -748 -941 904 40 108 637 902 -953 292 924 913 183 183 466 -264 710 99 -369 -406 821 -123 -564 -585 -670 325 498 -746 -44 -607 -972 636 -119 
136 414 -842 -445 -445 61 719 329 513 -530 411 -200 -3 958 848 -580 -603 65 -144 319 -231 -847 772 950 -327 -327 757 57 -164 326 875 392 -70 369 369 -599 347 175 -809 29 172 856 -591 -275 -734 -684 -417 516 -503 -753 806 303 643 -326 -980 -838 371 882 -221 -890 -823 -90 -90 354 -248 394 938 642 16 -795 23 10 -484 198 -879 -721 -721 -37 -852 -557 -793 818 328 616 211 -888 -375 855 -876 -827 -500 867 -393 -268 658 -779 -135 854 100 930 
44 544 -243 919 476 651 -491 508 16 113 -698 772 825 -282 880 -435 671 671 -107 327 -310 -926 -606 837 -975 -873 -725 851 870 55 -910 -380 635 191 -967 -585 -333 277 918 76 -109 -352 -28 562 740 -262 -734 -243 309 -716 961 -242 673 945 945 -22 -615 218 -550 357 136 894 -424 222 -253 108 993 993 993 287 170 316 316 -314 -861 715 75 75 23 421 910 776 722 -47 -306 -236 99 -426 410 -556 -587 207 -193 -724 -461 623 976 -684 -339 613 
84 -427 -108 -917 8 8 -678 -727 -444 -251 -444 -820 664 -219 -406 -145 195 -305 916 552 -821 481 947 101 255 -659 253 -676 545 -868 -140 84 597 203 708 -37 -194 47 -942 419 -84 448 -815 -461 -871 -40 -570 649 701 103 273 317 -668 -311 -643 -941 -106 112 516 205 528 482 500 597 -389 694 75 -354 333 -775 107 -14 -621 -951 -452 118 -860 -929 820 470 -590 88 432 -367 790 -203 429 -604 -746 380 -615 -56 449 397 990 549 -303 -907 438 899 
762 899 -781 -807 -475 -833 976 680 217 -227 -988 578 578 37 892 979 -386 -490 358 -286 35 -286 467 517 76 76 783 -506 915 -507 887 -870 347 798 454 -554 269 235 -375 -529 -529 -686 612 -224 853 822 945 874 255 902 902 280 464 216 -935 666 -436 -814 48 -623 185 -152 199 129 941 490 362 -173 834 -794 929 -991 -581 -115 249 -246 -161 849 -263 566 -481 -724 736 -476 -531 470 401 266 -819 943 -462 234 -1 -815 752 449 -165 -767 -505 -723 
-457 143 -124 -650 859 -24 -108 30 394 -967 209 848 -25 895 -457 -14 -14 -565 -733 -876 942 -529 -510 991 917 700 -464 425 490 153 288 563 912 242 537 660 -683 -996 -671 523 -328 972 -437 338 -391 -391 -88 -24 -956 410 -768 29 794 765 636 194 965 -54 -415 758 835 -943 762 -221 573 634 -614 -45 -45 542 -529 959 842 891 891 -168 -27 -961 -475 111 -368 884 -793 806 -932 829 480 73 529 68 461 -367 -285 -860 -351 -167 -729 921 -842 -521 
950 -491 259 -509 249 734 734 734 -608 -105 452 -30 679 -221 -97 52 354 875 -97 236 -412 250 -366 -600 -600 -142 506 594 -118 -231 805 741 969 -622 -655 661 -796 525 -897 353 49 49 373 -448 -490 402 44 -137 -851 -788 978 508 430 743 851 -632 -675 -437 517 -11 172 -171 313 230 452 -29 995 282 -274 93 762 -903 375 375 -476 -281 -944 -428 486 -344 -18 -687 711 380 254 -597 -932 239 -8 905 -498 466 -87 941 941 -356 -380 639 904 -843 
-880 -600 -600 343 -279 -298 -563 -719 909 721 -501 746 -176 170 143 316 -314 -382 -13 -51 651 -426 -999 -47 -303 -446 -426 410 -655 357 207 815 815 769 -932 -115 621 623 592 337 837 -684 -379 613 439 206 206 616 -678 -546 684 460 -883 589 -406 -62 -145 195 466 719 709 -971 253 -513 -676 325 -868 -154 67 203 -37 -385 -385 648 47 -166 -942 -409 -84 -278 -815 15 15 -833 -40 -570 -484 21 -518 -527 -436 -311 718 -407 -106 516 279 219 500 -389 
694 710 -257 -354 122 -172 -621 186 -610 -452 814 -362 392 -232 -759 -55 470 -189 867 293 432 -594 734 -900 878 418 -384 -815 -746 380 -984 254 -467 397 -640 32 926 -907 -155 438 438 899 -781 -448 -475 -833 707 -122 -122 680 217 -227 -169 892 811 -386 650 -490 370 35 -286 -343 783 915 -507 -870 347 798 874 597 465 454 235 706 -96 -686 294 822 -354 752 641 20 640 -814 -520 -436 840 733 733 940 -875 -223 539 941 362 850 -374 929 266 266 
-659 -581 -115 -838 721 89 -246 -246 710 965 -263 566 515 933 939 -535 174 -531 -63 -822 778 -85 -523 -462 234 611 -990 -815 -815 -165 -767 -274 -97 -349 -605 -124 -863 -931 859 444 -416 -179 30 125 482 -372 209 -264 958 682 968 -457 -565 -733 942 -447 -510 -335 917 -482 249 313 -644 153 932 563 -956 912 242 -938 -779 -680 -649 704 -842 -670 -670 -670 2 -525 217 42 973 -391 -88 -198 655 -715 -768 -926 -986 -440 194 -54 -654 -211 -184 758 835 385 
-695 47 -414 -32 -44 889 -45 444 511 564 -772 312 262 -581 -582 301 -168 -685 997 -735 -27 -889 -823 -475 111 863 -822 803 151 -793 -195 -932 906 708 73 529 614 68 -760 -900 -900 390 -167 877 -28 921 1000 1000 -842 -521 740 965 237 -356 188 -380 639 -84 904 -973 -973 239 168 -983 662 436 -742 131 -253 108 909 746 746 -176 -833 -693 844 844 -391 165 -51 651 421 -999 722 110 -306 -225 -446 -446 890 -425 208 -426 461 962 -655 -587 -629 357 
-193 -631 -461 -461 -27 613 623 337 -872 -339 243 84 -236 -236 -427 -108 211 -249 4 4 359 616 -678 -727 684 -444 460 -251 460 76 -883 664 828 -667 777 -406 -62 909 909 -305 466 763 552 -753 570 -808 -845 -659 101 15 15 -676 168 -676 -141 -409 -868 -140 67 -154 84 40 597 203 476 -385 -194 -194 -981 -168 -123 -409 607 -278 470 470 448 250 -815 15 252 252 15 -461 -871 642 -807 -570 737 -586 21 -668 -436 718 -643 -990 -106 -106 193 898 
86 623 291 -389 -732 75 710 792 -257 -742 -714 -116 -116 529 291 -413 -621 906 -621 186 906 846 676 118 -398 -19 -398 -929 392 353 -829 470 470 -189 -594 492 -115 -367 -367 558 878 418 429 -369 -51 -202 684 817 -56 449 50 617 990 -640 926 170 -303 170 -907 -907 438 172 322 899 762 933 -448 -475 976 -122 671 284 37 979 811 175 -386 -112 370 358 -269 663 -286 730 895 -879 229 -506 915 887 -870 -664 597 465 454 -531 874 465 454 -930 
-375 -130 247 -96 612 -923 -224 -426 874 108 -354 752 -187 20 950 666 -814 21 -554 48 840 -287 304 185 -875 -152 199 653 653 801 118 -173 850 -374 166 929 -991 658 -581 -579 -838 193 721 249 881 -268 -268 -161 -632 77 965 130 -733 566 597 117 795 -127 -476 -224 -224 -531 470 470 401 863 -146 266 -557 -531 -523 -470 931 -464 -464 425 490 153 932 -710 -956 912 242 537 537 -779 660 -996 -649 867 -317 -532 -532 -549 217 269 42 973 338 -1 
553 -24 209 410 -715 93 -768 178 -926 765 -986 636 -440 194 816 -415 -654 797 -877 -184 -167 -943 550 385 -695 761 -414 -416 -32 -614 889 -45 542 -529 859 444 511 564 482 959 -772 842 259 249 -608 724 675 -30 -221 -97 579 32 -874 875 -832 -746 -97 837 488 -667 -31 729 250 -651 -366 -600 -23 -521 702 506 -291 845 -118 916 -123 -231 -925 741 -622 -599 770 584 -168 661 -796 -29 863 172 -989 282 794 49 307 0 696 -767 245 747 -824 453 
941 464 -209 -851 794 -788 -421 -641 -474 -495 -278 456 743 851 872 -675 -385 137 -11 977 172 -840 332 332 -504 660 683 47 -35 -12 452 -29 282 -29 -409 -852 -274 -274 -721 93 -929 -833 -903 -58 375 905 -135 -944 714 -22 448 486 -344 -18 -344 975 408 380 -203 -597 -932 850 239 -94 -8 -498 466 -963 -87 -20 -356 188 426 797 -530 -489 953 -997 588 814 -615 20 988 -757 -707 -903 -505 -193 825 -354 -315 -800 462 -533 645 844 -289 -587 -253 609 
-182 -339 616 871 -606 -31 740 381 -628 290 342 459 741 523 -641 -458 0 -483 839 -293 281 -473 220 1000 -979 734 281 -597 141 238 179 409 -538 -755 -693 -156 747 811 621 -886 645 88 -184 83 924 646 369 -747 415 -892 -999 253 -60 479 47 -942 748 -593 -549 -879 838 -88 346 -817 796 -697 697 556 861 -296 606 958 411 -196 57 -834 -538 -395 861 -758 -814 -385 -432 604 941 -937 -350 -47 953 -965 -385 -768 777 270 586 -831 -47 -904 226 38 
-822 671 -366 352 717 -784 -848 -268 -561 305 -866 -905 487 -503 -120 -743 551 219 -225 999 -598 626 -602 -959 618 523 -610 -491 -875 435 617 790 739 -812 779 465 -725 -212 -703 263 218 -687 799 -63 702 -215 -954 -427 -682 705 19 -684 153 -902 -557 886 802 -614 -313 -448 940 245 -219 326 349 -225 879 700 570 565 -719 855 692 947 -331 543 -901 400 -571 -919 990 498 863 -705 415 -659 -988 -575 -903 438 983 -361 304 -255 986 -453 -330 -717 -541 310 
851 -385 309 521 109 -646 365 -538 6 -690 -785 358 396 198 -639 441 -765 350 983 402 -793 666 -723 -698 720 641 85 94 -724 -901 16 -17 631 -224 -744 -841 -740 -749 -590 -432 865 200 -817 -206 -981 -270 332 69 -59 720 -321 971 874 -5 952 -790 -275 -14 -79 969 880 -399 82 785 -127 -299 -608 -141 813 135 -496 -138 817 757 -4 61 -259 -813 554 -246 328 -626 181 -519 -618 350 -588 983 402 666 -456 -723 -698 720 641 315 94 -724 -901 16 
-17 631 969 302 568 350 -815 -617 653 -629 -629 223 -98 810 -484 -521 975 374 498 -957 234 -49 -987 600 806 -757 -757 -782 581 507 181 -104 -620 -620 -6 552 -607 -427 908 723 -642 120 953 806 -762 -251 -619 322 -618 -125 -104 -441 -66 301 -332 896 -299 -76 -964 504 855 101 267 626 184 452 -123 956 781 756 947 -331 769 -431 543 -901 109 -266 -571 -85 -250 990 274 498 863 169 641 -659 -988 -575 583 438 983 -361 304 -882 -255 -379 -453 -93 
247 -330 -717 -541 197 310 969 851 -385 382 706 843 109 -646 -119 613 6 -690 716 578 774 198 207 221 -765 350 136 896 -793 -456 -698 933 -794 315 94 -724 -901 -296 916 -224 -82 -740 -749 -590 -432 200 24 -452 622 423 -209 69 -59 -321 971 -195 952 -275 -79 880 82 -127 -608 813 -496 757 61 554 328 181 481 -369 -797 362 195 211 809 -116 -679 350 473 -252 -508 101 -985 6 -548 -150 -910 454 653 965 411 -153 625 -167 253 -567 92 245 
343 -431 833 389 -8 -614 -218 -564 68 -576 77 485 79 -100 237 576 -34 725 135 -599 -235 535 540 -556 83 481 123 -862 416 710 -147 592 433 860 -917 423 -870 -378 -754 -628 637 -265 65 -330 509 -926 -286 -484 985 783 999 795 -732 100 -674 -59 57 328 864 565 262 928 663 -269 494 970 -572 708 672 95 252 -552 -892 -746 515 760 -281 423 -885 -838 785 447 739 -715 -995 -206 -745 155 -596 688 104 977 -739 602 415 934 -250 -192 218 391 
-689 132 185 332 -417 -288 688 933 -111 868 581 756 -810 625 588 -148 334 850 -743 -487 -625 407 -285 -470 789 -211 293 836 553 872 776 -932 -974 707 244 -165 131 945 103 64 974 314 -346 -595 -558 479 -300 727 -246 218 23 360 -896 687 -383 382 -798 528 -189 918 411 -705 344 506 -969 -314 710 349 -896 -843 -351 -85 -694 -191 520 -761 658 498 -762 221 -613 -140 50 592 172 842 -464 -659 572 -860 -648 -926 -744 462 -182 498 -306 484 66 -932 
399 -497 790 790 69 -316 805 346 509 -656 -254 -636 902 -426 -113 -46 -481 -910 -541 -578 234 -404 236 274 257 397 662 849 -260 809 683 -363 -688 -403 -331 -973 -97 518 594 459 -206 148 -391 -2 -862 226 951 509 -523 505 -119 674 -959 -612 -155 751 -25 -148 -533 600 670 -521 943 -251 -511 -824 789 -348 207 56 28 -758 -722 -776 -774 -368 -324 83 900 278 804 474 -127 779 955 -896 -209 439 -204 663 -743 -972 879 879 493 -823 -823 -662 -534 705 
-534 -226 -671 -804 -211 -912 -890 -890 820 86 165 429 -338 434 218 -24 103 -385 128 667 -721 75 714 490 103 334 295 644 837 258 258 72 989 -766 484 -120 -191 989 -523 500 316 -142 -953 -953 82 -369 -597 120 838 569 -829 779 382 764 764 910 420 -986 -632 30 534 473 -198 -961 -279 -772 -755 287 -366 -968 -453 -464 -413 -422 148 216 -173 -533 -301 140 -640 618 -473 -356 214 554 -78 -510 861 -447 93 852 564 931 611 -379 955 -971 -209 -606 
69 -38 739 -297 -212 253 402 -285 703 -80 219 -935 938 -755 -453 -453 -453 -70 -890 14 -143 437 -52 914 91 -2 -90 676 -376 -116 758 834 266 288 897 -334 -836 -738 221 460 460 -765 136 -849 -820 803 -269 -487 -302 528 516 -126 676 -932 -107 772 -10 793 -757 892 390 589 374 -768 713 -952 -354 -615 17 -583 -646 984 -507 -925 680 680 217 785 2 956 -939 -553 -470 -635 -635 463 205 865 259 205 678 506 -467 -748 -941 180 180 108 902 902 
-953 393 924 183 183 -961 -264 703 637 -776 -369 358 358 564 266 -559 -670 498 104 104 -779 -972 636 -952 136 -842 522 -445 184 719 329 907 -147 -66 -200 -610 -551 -722 -580 401 65 -144 319 -847 -847 -545 -327 757 -10 241 239 875 73 392 41 369 208 -599 347 52 29 172 856 -275 -275 -281 -684 -167 -156 955 -713 372 -831 303 303 -180 -180 882 -980 371 467 625 -962 315 -823 -90 -407 394 642 -795 996 -129 10 -484 -842 -879 -721 -37 -852 -793 
818 826 -908 -186 -888 -375 -876 -400 -827 -852 -736 -736 55 160 246 246 854 -869 930 930 -340 544 656 -589 259 651 -491 918 -121 -674 772 825 -200 810 880 -592 -198 727 -617 327 -903 -926 -606 -580 837 8 -240 -899 -725 870 55 -910 635 191 977 -201 -402 918 76 -352 -615 740 524 740 -262 -243 -125 -125 -731 673 945 945 512 -134 -615 218 785 357 894 -424 222 108 721 993 -271 746 170 -693 316 715 -382 715 715 75 165 23 421 776 722 482 
764 -303 99 410 -556 26 -587 -655 357 -885 -40 -461 623 337 -684 -339 613 -236 439 -883 211 4 206 616 848 -444 76 664 -219 777 316 909 494 -305 763 -238 552 570 -845 -659 -513 -659 253 168 -676 -409 -140 -534 222 40 708 40 708 -385 -275 47 -166 499 -84 -278 448 250 252 -871 39 -807 -570 -652 273 -586 -94 -74 718 -941 -106 112 516 528 279 482 500 597 -732 -314 -314 75 333 122 107 -413 -172 -621 -951 118 814 -929 -929 -215 -759 -189 
201 88 432 -754 558 861 429 -51 -202 -746 -984 -615 254 -527 397 990 549 -303 -155 172 899 -448 899 -807 -833 976 680 217 -227 -169 37 -373 979 979 -112 370 663 -159 663 -286 -159 730 76 -879 -506 915 983 -870 -870 -531 798 283 -554 -930 235 247 -130 -96 -668 -686 -224 -224 623 623 945 108 -354 902 641 464 20 950 430 -814 -814 -436 48 -623 185 -875 -152 -799 539 950 653 246 -873 -173 834 -794 929 266 -579 -838 249 -431 679 -20 -733 566 
412 -724 795 174 -531 401 -146 266 -523 -613 943 -462 611 -815 -165 752 -906 -767 -819 -349 -457 -637 -124 -650 -931 859 -24 -108 394 209 -25 895 968 -14 -565 968 -733 942 -529 991 -383 325 700 -464 -817 128 542 288 -684 -277 -938 660 -683 -996 704 523 -328 972 973 -391 -88 -88 -24 -956 410 -715 178 -926 794 -986 194 965 965 816 -527 -211 835 -943 550 47 -221 897 573 634 -253 -45 -45 542 482 -772 -36 -36 12 -168 997 41 -27 -961 111 -822 
450 -793 906 906 829 480 122 614 562 -367 -285 -699 -167 493 -729 921 -521 913 259 -491 259 -509 249 734 -37 -156 -156 450 675 -185 679 581 -221 -97 579 354 875 -746 -97 583 -412 449 -455 -600 -142 702 -684 845 -118 805 969 -622 717 -744 661 -488 -506 863 -523 -897 282 794 846 307 0 696 402 464 -137 -870 -171 -421 508 204 743 872 -632 -675 -675 137 -11 172 -840 -171 313 230 452 282 282 922 93 762 -903 -903 375 -476 -281 157 -944 -22 
486 975 975 748 408 711 846 -369 254 -932 -932 239 -606 905 -297 780 -629 941 -760 426 797 -146 904 -880 -973 -600 343 662 -279 -298 -563 222 -225 -225 -501 -501 -176 -693 143 316 -382 75 -13 651 -977 -999 -47 -303 -446 208 410 26 206 207 357 815 -885 769 -40 621 -27 623 976 837 -684 -874 609 439 -249 206 359 616 848 848 684 -444 -251 664 589 -667 -406 316 -145 195 466 719 570 -971 -279 168 -141 -409 -140 -534 708 203 -37 476 -385 -275 
-166 648 425 499 -409 -65 250 252 252 -833 39 -570 -652 -484 317 -518 -74 -311 718 -990 -407 112 205 219 -655 922 694 786 -257 -742 333 -259 -239 -172 -621 55 -610 -951 -931 -362 393 -19 -232 -55 -829 470 -189 -590 293 492 -115 734 558 878 418 429 -369 380 380 684 254 -467 617 238 32 926 -303 -907 -155 -340 899 -340 -216 -448 -807 -833 707 -853 680 671 -988 -169 979 -386 -112 -490 370 663 -286 608 -343 -506 915 983 -870 -664 169 -531 798 169 
283 -130 -529 -668 945 822 752 641 280 216 -814 -436 840 -623 733 304 185 940 -875 -146 -223 950 362 -374 166 -991 -991 658 658 -659 -579 -115 -585 721 -268 679 27 -20 566 -481 262 939 -127 -224 -531 394 -63 -822 778 -523 -613 -462 234 -374 -990 -1 752 -165 -906 311 -97 -349 -103 995 -793 -863 -212 859 444 879 166 -108 30 127 482 103 -967 848 -264 682 -39 -457 -610 -462 -876 -834 231 -712 991 -383 931 325 557 -817 128 542 932 -512 -684 361 
912 -277 -779 -368 -649 7 -317 -670 2 -525 -328 -328 42 -437 -1 -724 -198 209 -860 93 29 794 -543 -440 194 -54 -527 797 -592 758 -167 -943 -823 -695 47 -414 897 -32 -253 889 -45 125 444 527 564 -772 -764 -36 -581 12 21 679 -922 598 579 875 -746 -746 236 583 269 269 79 937 -566 -142 -684 594 -118 289 -925 -89 969 -440 717 -599 754 584 929 -488 -796 172 -989 -302 846 -547 307 373 -448 -490 747 -824 279 -137 -209 -171 -788 978 -474 -278 
430 -337 568 -158 -158 137 517 977 -263 462 -504 660 439 355 282 -12 930 282 -29 -852 -572 -721 -639 -758 -833 -58 -476 -824 -281 -944 714 -428 -344 -344 -18 380 254 -597 -932 939 905 -498 466 740 -629 237 941 501 604 -146 241 676 -165 -98 -994 847 385 123 490 879 -120 175 -354 349 629 909 -811 554 -302 932 729 607 -840 329 363 -737 271 611 118 -370 -295 114 124 915 -637 234 -251 414 -815 218 202 609 -239 -970 852 785 -73 -522 70 -199 
-851 631 -548 -124 -420 -852 -233 839 972 525 -942 -335 -384 -361 683 -321 860 859 317 -996 -34 -466 737 318 -205 688 -404 -767 -149 -677 759 -214 745 914 -401 -712 -853 -210 -742 -13 -603 -976 -577 -248 525 290 843 461 -757 -757 362 697 79 341 555 265 -809 645 39 -240 977 -420 327 -606 135 488 -628 -735 204 558 -925 -197 -106 0 -823 839 -384 -407 301 326 648 -379 281 10 179 -634 -700 -975 652 -657 -907 31 50 -411 -948 -994 227 630 -999 -934 
-774 -96 748 -872 397 286 -872 683 27 -423 -233 78 -634 -287 -65 54 -213 380 -330 -32 -744 -296 134 38 -432 320 -601 999 -47 745 -610 -768 -625 -463 491 292 523 393 951 352 717 167 218 -672 -795 929 708 -120 551 -375 -287 452 403 754 618 -97 -686 435 -25 -256 -378 465 844 426 655 260 302 702 334 858 281 710 -698 -684 130 710 106 802 890 745 -842 722 774 680 572 98 -9 188 750 -477 411 -69 -227 528 -661 -182 -862 -40 -164 659 
126 734 -20 489 -946 733 751 411 -66 -499 807 313 -892 391 262 -848 -244 133 -226 -341 296 747 185 -605 -770 -463 323 760 -127 -559 5 -233 -134 789 -703 482 -646 631 325 -166 -138 -816 -469 -934 988 650 302 568 803 350 427 -815 -617 -883 -629 -98 810 -484 -14 -295 -281 374 498 -957 234 -653 -488 -62 -813 897 -342 -782 581 286 507 181 658 -591 -701 -6 -607 723 947 15 120 953 806 -762 -251 -966 -440 44 -949 -399 824 -578 271 896 736 -250 
24 855 -955 267 626 184 452 -123 956 781 756 769 -431 93 -266 142 -919 417 -207 -556 641 -77 -769 -705 103 -882 -453 -93 -758 197 969 -385 382 843 -807 673 613 6 716 578 774 -964 221 -765 350 136 896 -793 -723 933 -794 85 -776 220 824 677 -296 916 969 -224 302 803 427 231 231 -179 -617 -883 268 -629 354 810 -14 -295 -281 -892 -892 -686 -372 234 -49 -653 -488 -62 600 897 -342 -782 581 -610 286 -253 658 -591 -620 -701 134 -6 -607 -427 
723 947 477 953 -385 993 -251 -966 -440 44 -949 -399 824 -578 271 -738 736 -250 24 504 855 -955 -705 224 -169 -465 336 734 692 177 895 -331 701 543 949 93 400 342 142 -919 990 417 274 -207 -556 -705 415 -77 -256 -51 -575 -769 -705 -412 103 85 -882 -255 986 -592 -91 247 -758 -168 -541 -626 969 -201 -385 309 521 -315 -807 673 365 -538 691 601 -785 358 396 -964 -639 441 -618 -588 983 402 666 -723 933 720 -776 -724 677 -17 969 -82 -931 571 
-458 195 -206 -270 332 -295 -279 874 -790 969 785 -141 -496 -4 -813 -626 481 -369 -79 384 531 687 -444 -674 -885 227 857 766 255 -470 -715 615 296 -195 -349 -302 -962 -676 -125 626 -256 301 -308 -595 412 244 -320 515 237 -419 -132 -736 -245 206 584 -56 300 67 -738 -149 856 -693 867 389 269 -406 420 370 -797 779 -923 458 843 671 160 270 194 934 -571 -481 47 351 414 -513 -916 438 871 682 456 424 715 588 145 -822 611 162 -223 -692 -421 362 
790 -635 473 14 195 -524 -498 824 -57 473 -30 -398 -33 -584 266 -548 372 -768 176 -176 -619 179 883 253 -297 604 245 343 -181 -138 -362 -556 -750 -564 505 -576 77 485 -315 -199 761 176 -109 -202 -600 188 745 -915 -541 -668 123 783 525 831 320 637 966 849 603 423 -504 542 223 -26 487 6 727 -213 -820 452 959 783 993 31 -550 567 767 -373 -791 73 148 262 -617 405 668 414 -572 773 15 771 -29 196 818 104 203 253 492 62 -864 218 
-174 -698 -319 892 122 -995 -871 433 675 -903 25 -188 695 605 -305 934 -29 -271 812 -895 343 755 -885 1000 943 557 -123 933 -372 -530 -933 625 -259 -148 -363 490 -487 -74 -948 -352 397 66 -869 -315 -239 836 553 788 119 -766 -171 -718 -804 -165 358 -200 64 932 169 -545 -985 977 389 -508 407 -877 218 615 -978 -65 -281 478 180 903 701 234 110 -680 551 -25 -398 -763 335 -742 582 196 -544 786 -85 40 -853 960 -761 -413 -407 835 -50 454 557 -140 
116 -412 -980 -357 847 -674 -926 463 819 -986 -61 504 708 -229 -330 218 660 -324 907 -550 231 473 92 -108 -865 -946 -609 -41 -915 -212 942 468 -691 -475 -205 846 -380 673 -589 -320 -906 -81 -641 -753 823 70 46 74 -913 -443 781 -644 649 -645 -452 612 369 403 98 -702 425 -930 515 603 -973 299 -74 255 427 -718 236 -633 -672 81 -660 -797 6 148 -761 115 -952 418 471 -521 -433 -429 -210 -855 173 -598 398 620 -601 -816 147 -430 -586 -356 250 -544 
79 -594 844 658 -763 341 970 345 -295 -85 283 722 396 -476 -465 -483 -257 -365 25 -319 -251 -696 -308 677 770 84 -124 145 -29 958 441 461 -981 -585 854 -25 276 244 -897 -838 979 -637 -935 -929 140 556 -247 432 -437 -731 152 -122 410 -451 590 458 299 506 711 -346 -180 597 -958 953 -803 155 707 -255 122 -45 -836 250 749 941 306 -199 371 -646 457 892 -246 251 660 937 267 -432 -50 524 -448 -396 -731 -351 741 -496 519 796 -314 -888 429 643 
614 -103 915 337 258 -845 808 644 423 -698 -191 753 -333 -185 -773 961 170 557 442 -323 686 -328 -102 -788 266 -164 -607 20 357 -106 931 -880 -253 247 694 26 374 452 541 -813 912 -293 752 36 215 990 -129 -390 -981 -162 -455 706 881 597 -96 -865 615 846 649 832 -113 -236 911 -232 699 -148 -730 213 -195 168 734 -764 -190 -364 752 -596 -940 -295 -14 -927 -876 -289 974 -916 -52 -452 -364 634 361 676 716 -371 214 696 -905 6 354 234 -222 -383 
