-923 -161 713 -235 493 728 975 120 -450 413 231 -372 -792 -148 310 743 -328 502 -856 44 455 -7 -984 -368 -86 544 -859 803 -531 855 -589 -507 549 653 180 552 667 573 347 -390 -329 -329 778 479 91 101 -301 208 583 757 -164 -925 -679 961 -474 940 -461 -461 -6 -520 -24 -929 557 -655 816 -327 -264 970 -804 -81 253 -487 -192 741 -238 261 -542 -825 313 551 365 709 -853 -6 -28 -846 530 694 -463 494 657 -553 -178 478 859 120 929 -25 -152 -655 
-55 -233 563 -311 991 -877 -961 -888 582 881 -607 -588 524 -751 -63 -517 -315 267 843 -296 -489 570 205 -164 205 -942 734 -873 -364 -512 -882 17 158 -678 -306 -139 -306 -667 -6 -24 763 -929 -734 -919 816 -327 -264 75 970 -804 -644 161 587 -962 538 459 -387 615 465 479 688 688 -284 820 796 49 530 530 -299 761 -834 30 478 929 -782 -152 949 -55 782 -70 -101 -877 -748 366 -908 77 881 -107 524 907 91 -315 556 -489 -164 -942 -670 -873 372 585 
702 158 -408 -122 -90 712 -227 -128 755 -107 464 -656 18 267 346 -857 696 6 756 -112 283 777 -598 -350 587 -789 -47 37 678 -174 -307 -977 -839 437 954 690 -903 -448 -664 804 -513 -687 0 -647 15 -364 -730 -237 760 -631 -151 687 784 243 394 891 967 295 740 -441 143 -434 -964 -790 -300 154 753 525 -758 253 -963 931 883 -575 584 184 442 -446 -186 946 -837 627 -466 -720 -679 -840 387 -415 -100 346 -165 -69 -773 -31 -86 798 -462 317 248 310 
-717 70 643 -668 757 495 313 -259 305 -786 -989 -164 -944 676 377 638 195 -883 -638 -368 -449 -790 -850 644 -759 357 358 251 -541 292 -94 355 -825 -425 -369 590 760 -429 -723 186 -289 -102 995 -877 110 -149 962 455 792 70 495 658 -536 334 -696 -781 730 -699 -539 161 664 -865 -799 420 -359 657 676 -229 585 985 30 -78 -402 -311 630 382 211 -630 -696 -238 -849 -236 882 833 69 -100 -296 -530 221 -757 271 -464 -970 -902 -825 96 -434 32 -315 749 
-263 -912 -342 -570 753 -548 -131 355 217 276 772 -913 668 -180 -524 -136 -941 -980 -671 -23 341 -324 369 887 -328 126 204 -602 -4 -837 414 -888 -519 -13 -655 715 65 374 374 601 955 -82 -130 -922 -525 -857 -222 864 -85 -47 259 241 463 379 329 201 -328 0 320 -65 -834 834 780 104 160 -309 -448 -448 -302 -219 -759 649 503 -260 479 -884 -541 -867 993 -628 -407 560 -557 465 -88 962 183 -955 -888 493 737 220 -350 -591 476 120 513 851 237 -578 
-936 323 0 14 180 -585 908 526 -276 38 250 920 336 442 264 428 995 -525 -376 382 736 992 649 -481 -234 -347 -848 -136 -808 846 -797 437 -629 3 478 301 167 762 -592 517 750 -749 783 18 -517 -865 273 570 -979 -491 891 -304 603 375 -937 -603 -516 -630 -698 -130 461 401 -891 833 -315 -781 -204 336 767 -35 17 17 49 49 -291 -590 193 493 -241 -882 -437 213 424 469 900 829 -404 -404 110 583 -910 214 -340 -340 495 530 -719 842 -788 -704 
-911 320 -827 942 607 -524 -995 -489 78 253 -196 -117 319 -145 326 -419 -361 439 565 -233 -956 -66 883 620 195 -999 -700 856 -527 433 -1000 -640 -172 -471 896 916 -564 -381 -114 -171 793 -465 505 162 -142 -881 911 595 691 323 -445 -876 -15 307 -772 -953 568 -646 664 312 -361 733 -613 -915 719 214 428 -805 -787 -772 -748 -748 981 -857 309 -175 335 -158 -580 -657 -387 972 74 685 -807 -500 -554 -796 -674 224 -901 536 377 494 -259 838 -116 548 958 720 
-356 515 765 375 181 -40 -259 414 -484 445 448 549 -272 -703 550 92 350 -445 198 735 -440 149 672 849 -237 476 351 -385 -214 -18 586 651 609 -196 139 -975 909 265 -636 -87 -239 -254 -44 -953 619 -113 499 996 -290 906 690 151 777 295 -773 832 -677 349 682 -227 822 -210 329 -474 950 -715 -987 -176 -423 -673 399 549 -422 550 -898 932 198 735 -774 788 -67 849 -237 351 -385 -503 -786 -196 65 -980 -636 -716 -807 -953 222 499 -290 906 690 119 
705 832 250 -360 682 528 -210 -474 441 441 -83 901 794 365 365 -759 -759 68 -280 -608 -532 -532 -420 334 51 846 -530 506 -683 796 933 -193 -717 -187 -290 -864 763 369 14 -839 238 907 -212 -102 -102 529 716 -574 172 526 614 -617 -100 -902 146 -585 997 241 233 -493 682 32 983 -674 129 -807 -654 749 -348 954 -583 502 -168 814 -129 -168 -512 -631 -677 250 349 528 -227 -266 136 329 441 41 -83 598 729 609 132 489 68 350 414 -608 -532 -420 
51 846 751 -256 -351 -956 -193 -281 -717 -187 -496 -414 689 14 -839 304 124 -315 -442 716 -198 172 614 153 -978 263 -942 146 -724 -724 110 -819 233 633 -899 682 -801 32 -60 -674 -968 -807 -654 172 954 -785 542 814 -129 -117 -239 860 -942 926 -265 489 -966 -466 -317 134 -685 -745 748 -521 -730 -997 -437 -987 -990 -969 -722 162 -954 411 -103 468 -572 -59 857 -130 -331 -34 -304 -524 346 932 -490 85 -528 -966 894 -528 -657 337 558 431 -764 96 702 -882 
-881 -716 156 -332 107 -837 408 -43 408 -612 795 718 681 700 -263 -554 -386 -907 259 -631 181 445 -796 947 27 117 -161 -138 -540 760 -147 965 965 -379 -152 661 253 -630 -186 -173 -791 82 491 239 17 297 -222 599 218 -19 296 162 204 -70 92 383 -17 -224 -10 -625 -175 105 212 212 299 -799 -248 527 473 551 551 31 -650 979 552 102 -630 198 228 718 138 -438 -693 -411 737 -890 -890 -591 202 237 851 -427 -600 -591 323 87 758 -750 908 526 
370 38 38 91 200 442 836 -204 995 173 -282 613 382 736 246 709 229 462 -773 -234 -420 -347 500 -719 -136 390 635 -629 595 3 335 -28 177 -592 -592 968 -586 783 -311 18 -907 407 -161 -979 993 284 284 -796 603 -937 -669 953 -423 -516 -661 -118 -698 -130 -265 615 461 -504 671 -24 -89 -781 336 -707 17 49 478 -590 -935 544 235 290 858 -437 -437 -249 213 424 203 203 -694 588 -404 110 -424 54 420 -170 468 242 172 530 565 -402 -826 -788 
136 -827 -397 942 69 -995 54 861 180 1000 432 -629 -271 -145 -419 486 -165 492 449 -866 -956 -6 690 690 883 112 878 395 -633 195 -846 -225 -700 707 856 -527 -782 -1000 845 442 -832 -328 179 939 166 769 147 779 -114 -506 -430 975 286 -537 -516 -372 214 -792 -148 310 743 428 819 44 -384 -86 92 855 -589 -466 -639 217 180 552 374 -390 470 -516 778 -388 -222 -557 750 583 -164 200 669 536 -474 -39 -474 -6 -874 -929 -734 -335 -264 75 -72 161 
-487 -98 -192 -238 -562 615 45 365 -284 606 -28 -974 694 -299 494 -553 -404 -178 478 -515 -25 -895 -652 -55 782 -70 266 -961 77 251 881 -607 -751 -517 843 267 -296 -489 -79 205 -873 -124 798 585 -193 -678 -306 759 487 834 755 -952 -107 -713 -921 -862 195 267 908 346 -857 -418 847 52 -154 -875 490 -268 -47 -179 752 -788 -155 -977 -839 -328 954 690 41 -3 -664 804 -513 170 -648 -595 46 577 -364 663 -2 -237 -507 -151 407 560 183 46 317 -592 
846 -441 143 271 -848 42 724 -671 -447 574 753 -739 -758 716 -963 169 -120 839 397 906 891 -452 978 199 -133 -466 -679 -413 387 -100 -902 -165 396 -28 -417 130 -86 -363 423 248 317 622 691 -293 752 631 669 541 -546 953 -534 -237 568 -24 70 -927 643 -668 330 757 495 -925 -482 437 -712 -786 304 873 761 31 377 638 800 260 746 -638 -368 -588 349 621 -210 -474 441 -83 901 -255 344 489 68 -142 -538 119 334 763 846 -439 -256 933 -870 -193 
-717 854 -187 -496 689 576 -549 124 -315 -212 -442 158 526 -629 -978 -942 -585 997 110 233 416 633 682 32 -617 -968 -807 172 175 814 -129 -168 -512 -631 926 754 348 -865 -55 -730 184 945 31 -40 162 744 -357 -256 936 -275 -318 155 -568 -563 -332 895 932 859 -490 489 -528 139 -204 928 -657 337 -380 96 -882 -687 -716 -463 -737 -837 -43 -612 795 -700 504 -623 -227 700 -304 -386 -907 -218 -631 987 -25 445 -796 542 541 -5 392 -585 524 -29 -219 -152 
-630 -186 -186 -784 82 491 -641 297 925 -251 971 69 -712 92 383 -17 -879 -634 -344 -175 585 299 -799 -248 620 473 -916 -806 979 811 -972 -630 393 718 3 140 737 220 513 851 -427 -600 -490 -179 -721 -175 312 526 -276 250 577 200 -129 173 -282 382 736 992 462 -349 602 -234 -420 -136 769 -629 595 3 478 -632 531 235 -284 968 -586 -586 954 18 -907 407 375 369 284 -749 438 -669 -423 -698 -130 -265 60 461 401 671 -24 -723 -781 -99 17 -291 
478 -526 725 -861 290 -882 213 203 900 588 -404 110 -910 420 705 -782 -719 -402 -826 136 -256 69 181 -489 675 295 -117 1000 -271 688 -419 -361 -350 -165 449 -615 10 883 878 395 620 195 -989 -999 856 433 255 -640 -145 896 179 -564 -381 -114 -506 -171 280 -53 -352 272 130 812 -918 691 527 -427 737 -876 -15 -792 -183 83 559 568 970 -622 -418 283 567 864 733 -613 900 719 -542 214 747 428 -332 265 193 -766 324 44 347 136 -580 591 -387 -987 
562 48 -535 199 837 -554 -796 -674 825 -901 688 363 -259 -466 -565 548 477 -567 -659 181 -121 181 788 -67 351 351 -716 -997 586 651 -196 909 -87 -716 -807 260 -953 -113 499 572 996 645 325 237 705 832 -524 -677 -360 528 -266 -474 -749 14 598 729 794 609 132 640 68 -142 68 -142 -280 -608 119 778 763 164 751 -439 506 -683 -210 886 -870 -956 -281 -721 531 854 -496 54 -414 689 369 494 -549 124 -315 -766 -212 -102 -102 529 158 158 716 -198 
172 370 -629 614 153 -978 112 263 858 146 531 997 -936 -724 110 -819 -470 233 416 633 804 682 682 -223 32 -60 -617 163 -807 -654 -753 175 -583 -785 502 95 -117 -239 860 -512 -631 -942 -453 934 754 -966 348 -1 -317 134 -685 -163 -747 -975 -436 336 -133 -521 -782 -437 -881 -84 478 -997 -159 945 -284 -990 -969 -722 103 44 744 -958 -357 468 -256 468 -572 -275 -59 -756 -59 778 -130 -403 436 -304 -849 -563 346 932 -490 489 -528 139 894 562 -254 731 
-96 431 -380 -466 96 626 702 -32 -882 11 81 156 -716 -463 -737 -849 376 936 -612 795 -754 -700 718 504 -623 681 -227 -133 161 161 -304 -502 756 -207 -631 181 -25 702 979 -856 -301 963 947 27 15 -239 392 -6 -585 965 524 -29 -379 -13 -152 661 253 253 -630 -186 388 990 -582 -791 82 239 -779 770 599 -490 -19 296 971 162 204 135 415 92 383 -981 -233 -879 -344 -10 -15 -15 -625 -625 0 -175 212 65 -721 315 -248 -468 527 620 202 551 
-916 31 -650 539 979 811 552 -181 -630 561 393 228 718 -776 -438 -693 428 116 701 -244 473 151 -500 88 88 -987 -370 -437 -152 228 461 744 -599 817 -535 68 -979 486 -714 769 -899 -252 672 -556 672 -974 134 638 305 305 742 -439 738 -894 -572 930 196 -488 -579 233 233 -18 -140 209 862 594 -355 -498 541 451 405 938 808 990 -816 -18 216 677 -599 165 945 108 648 198 948 625 752 -615 -324 149 -787 744 -633 463 569 780 80 981 -212 -280 
-835 -827 206 -277 861 473 473 912 304 932 521 -550 -685 176 667 -838 -116 414 44 -510 -787 -995 250 692 -54 157 157 -263 -658 -800 42 -875 -632 -770 54 -654 -862 -862 804 365 -338 936 175 -85 190 924 -330 -249 974 411 934 -154 -878 887 -157 -295 -174 621 616 -39 273 -685 392 576 982 -325 473 762 -484 -556 700 -431 368 -839 385 120 172 -935 47 -71 -536 -899 313 806 688 -589 198 606 717 -77 269 -543 -781 846 -845 328 -600 658 84 -283 
-912 813 368 368 -688 -21 -708 -479 -91 579 997 15 320 19 -618 -681 776 -351 776 -13 216 -817 -456 421 50 2 2 -984 971 -728 701 810 361 0 365 656 -845 207 741 120 406 33 69 -420 -661 -87 400 -319 -141 -709 626 626 -790 156 -142 501 718 890 -322 949 -467 -467 -70 -173 797 -520 804 655 997 -900 -21 -427 -749 -905 -123 -269 -269 -594 -210 -958 -285 859 594 613 200 404 123 181 572 115 115 809 120 649 950 82 4 687 -767 702 
-671 714 463 367 868 628 812 -143 155 -281 926 831 546 293 458 -27 652 222 -708 456 954 311 822 -230 -367 647 -174 261 -319 -319 605 -52 -724 837 -581 -816 9 634 21 834 83 -461 179 -782 619 -680 87 -481 -563 -462 -711 -711 181 -686 -120 -150 614 665 885 867 332 -803 956 939 100 -665 572 627 -317 346 911 -578 -876 -120 118 467 -413 -337 88 -161 508 -607 -346 -285 -71 39 -662 -961 571 -660 -417 -458 -391 672 -747 -967 297 -784 863 -683 
-368 -389 -543 351 855 -589 -993 -507 -209 549 306 183 552 374 347 470 -390 470 470 -516 -256 -222 203 -557 583 909 200 743 669 536 -543 -474 -39 -6 -874 385 -929 -734 -655 -604 -327 116 -752 75 455 529 161 -487 587 -962 -883 85 -387 -254 -254 551 479 365 -284 606 -6 -206 49 -359 -463 657 -834 -404 -178 578 859 929 -515 -782 -25 -655 -152 949 -403 782 286 -101 -748 366 -888 77 881 -107 -588 -751 907 -63 -5 725 267 -399 267 -296 -455 570 
-164 -773 -942 -2 882 798 -512 -882 702 299 418 -678 -122 -139 -931 -139 -479 487 -227 755 -952 11 -713 -656 -52 18 195 267 908 346 -857 696 -418 529 604 -112 52 -360 -927 -598 644 490 -789 -47 -374 -179 -89 678 -677 -174 -307 -199 27 437 -35 639 41 920 -766 -664 804 170 170 0 -129 785 15 -821 -364 -274 -730 184 760 -507 104 -791 687 784 243 -524 1 384 891 -448 967 -975 846 -441 143 -434 -848 42 765 760 154 -4 753 -739 -758 253 
-963 169 77 883 154 584 184 442 -887 -119 207 359 946 199 -133 -1 -466 -243 679 -872 -840 -826 -415 963 825 825 -666 748 855 -773 130 -86 -363 -720 -843 317 310 622 691 -293 669 -546 882 816 436 -237 568 615 -24 164 70 -927 -727 679 330 -331 -331 -925 -482 -259 -655 305 -903 -712 -425 304 -164 -617 -944 178 31 377 473 -760 800 195 260 -572 -863 -553 417 -509 -427 -986 999 167 268 -759 633 357 -37 -295 175 175 926 534 292 744 -94 917 
-72 682 997 405 -425 326 811 499 -486 -271 -429 628 -262 186 -758 -464 640 -549 404 -477 -462 840 -233 110 -429 -182 361 962 -215 455 -283 792 -685 -937 -111 -183 -631 -536 910 -101 -434 -255 -379 708 272 -555 -676 82 -413 -172 180 -121 -833 314 -865 -7 683 -185 -311 376 392 676 439 -662 585 -1 -127 985 -505 -78 -85 473 -311 630 -267 -303 530 211 -630 560 891 116 -236 202 882 -805 833 -479 69 -608 -622 -951 -926 524 221 745 -923 271 271 913 
919 614 -825 326 96 -577 -700 -434 -315 749 -610 341 -912 -549 -34 364 -732 -342 -548 -131 476 293 1 674 -532 -913 668 -857 -6 261 443 -980 934 378 341 341 -324 -633 350 887 126 204 -518 -4 835 835 -888 295 -252 -660 651 -816 967 788 65 65 -121 374 347 -263 -475 -39 923 -922 5 -853 315 864 864 -85 404 259 463 -851 329 201 519 -284 338 -596 991 320 -834 -772 197 -399 23 -72 -19 159 806 -302 -520 -277 -759 649 -209 -260 -597 -417 
-884 782 -541 -309 -867 155 993 -813 954 168 -715 -880 -770 465 -88 962 -662 -955 713 975 120 -537 -516 231 214 -792 -431 743 -123 502 816 -305 -421 -745 -368 325 -389 -556 686 -531 662 855 960 -993 -507 -209 217 306 129 183 519 347 -884 -329 -516 -256 -944 203 583 909 -488 200 961 961 -39 -474 -410 -874 385 763 -929 557 -734 -919 -604 -327 -264 -752 455 -72 -81 161 734 -192 -883 85 459 -387 465 551 365 709 709 -853 -6 -206 -846 -359 494 -853 
-553 478 120 205 -655 -895 -652 -403 465 -311 -829 -877 -961 -888 582 634 -607 -855 650 91 725 -399 570 -773 734 -670 882 -665 -364 -512 -918 17 418 -574 -306 -139 759 487 834 179 73 11 -921 -720 -862 -417 452 -350 -910 891 -92 847 -639 52 -154 -875 -982 -598 -350 490 -268 -656 -374 -179 337 752 -788 -472 377 -307 -199 -677 437 -328 -35 639 41 -951 920 -448 277 -648 -595 785 577 -885 -939 -274 265 184 -976 -179 -507 104 407 784 183 1 384 -448 
317 295 -592 846 525 -307 271 42 724 -671 760 883 574 301 525 -739 -758 957 716 -721 931 -780 -120 -575 839 397 184 906 442 891 -119 207 207 -525 627 -1 -918 -243 -679 -413 387 855 963 -100 346 -787 121 855 -28 -826 130 -86 -720 -843 -462 296 -447 317 310 691 631 -293 -54 357 669 654 429 -546 882 816 436 -237 155 261 615 -24 310 -935 -927 -727 679 -200 495 313 -909 437 -774 -786 955 873 761 31 298 -760 800 997 746 737 -449 -509 
-986 999 167 268 633 -445 -295 -282 -497 -324 917 682 755 464 -814 -271 628 915 744 640 404 -462 -985 204 426 -78 233 -937 495 -631 -536 910 -101 -255 708 -393 82 -413 -550 102 945 272 461 376 415 -662 585 416 278 -85 -311 -303 211 -131 560 774 891 -341 398 43 -812 -608 -951 216 42 745 512 -963 -464 614 -825 -716 -925 -577 6 -315 -315 749 114 114 -912 -342 -342 -870 364 -732 99 -131 204 293 217 846 674 -913 668 -857 261 -941 401 378 
739 369 -929 126 -244 -602 -1000 -4 728 -888 295 -13 -655 967 -606 -88 374 347 -263 -475 -666 -922 -525 315 -222 -255 404 -383 -851 379 653 519 -696 338 -596 991 -355 -792 -772 853 23 -19 159 128 806 -520 -520 -219 525 -960 -209 503 -884 -930 -138 993 954 -715 839 530 -160 -923 -955 879 737 -350 252 202 237 -223 -48 -849 -427 -600 -591 323 -949 87 -721 758 312 -296 485 38 -424 92 577 200 -129 264 -204 796 -922 -282 -517 -127 -121 246 992 462 
-349 602 -420 -848 -689 390 846 -797 -278 335 -28 177 458 235 517 750 -774 -749 783 954 106 -865 273 -216 -161 -979 -491 524 -749 603 375 -931 -669 -599 656 -612 -661 -215 -698 -130 513 -504 401 -961 -891 -24 -315 -204 -854 336 767 -707 17 796 49 -526 -403 493 186 235 951 -882 -249 213 -382 469 -576 588 -717 -404 110 -910 214 420 -170 857 242 -774 622 608 -788 -826 885 261 136 -395 -397 -317 69 181 78 54 861 180 -629 -145 555 -419 701 439 
486 492 -233 -615 -349 -66 126 690 712 883 395 586 -989 804 856 -85 -782 651 442 -172 -832 -328 808 979 -513 -704 -581 671 280 -53 707 -352 35 272 463 812 -687 215 598 -774 -518 -736 737 -876 976 -697 61 316 83 543 -772 970 -418 283 567 864 -52 270 494 -779 -803 -542 8 825 213 428 492 -883 274 -766 678 324 136 -580 563 -39 -135 841 -895 74 48 504 -807 738 837 -554 -545 337 825 852 649 688 377 363 -968 -259 -466 -565 -235 477 
934 -567 -659 -922 181 770 -121 181 136 329 581 -474 -749 -83 -255 609 -937 132 68 -142 -280 414 -538 -532 119 51 164 -439 -530 506 -683 796 -351 -956 -281 854 -290 468 689 763 494 -549 -839 238 -315 -442 529 -574 172 526 433 -890 845 -172 896 -328 916 -122 -381 -581 -114 -506 671 844 280 -53 -53 793 -766 505 -372 162 272 -142 130 -881 911 -687 215 595 -918 691 -774 527 -736 737 -876 -390 -15 -792 307 61 -772 316 -953 559 568 -953 83 559 
543 -772 970 -418 664 439 283 567 567 864 864 -443 -52 270 494 -613 900 -915 -803 719 -542 -549 825 747 204 492 -805 -883 -787 -772 678 324 -857 -857 309 -589 136 563 -657 591 591 -135 -387 841 972 -895 48 685 -807 199 -500 -500 -143 -624 -545 -545 -674 337 32 -395 224 852 -901 536 688 363 494 -968 -259 838 -872 -116 548 -568 477 958 -892 720 -659 -356 -922 181 -121 181 950 -40 -715 181 -40 -259 -987 -176 -423 -673 448 549 -272 -703 550 92 
350 -445 198 735 -440 149 181 672 672 -238 476 351 351 -385 -385 -503 -18 586 -786 651 837 561 -975 -980 468 -636 -87 -239 -807 -44 -953 -953 -836 222 870 870 572 572 -793 -290 906 906 151 777 777 295 705 -2 -2 -524 -524 -677 349 -360 -227 621 822 -266 136 581 -474 441 970 -83 901 598 729 344 609 -937 489 640 68 -280 68 -280 414 -532 119 -420 778 51 763 751 -439 -530 506 -683 -210 796 -870 -181 -956 -721 531 531 -290 54 -414 576 
369 14 -839 304 373 -315 -766 -212 -442 -102 529 158 716 -574 906 526 370 892 614 153 -978 -100 263 858 664 -417 531 -936 -724 -724 241 110 -819 233 416 804 682 -801 983 -674 163 129 -779 935 -654 172 -152 175 954 -583 814 502 -129 167 -239 860 -512 -942 -453 934 870 489 -741 348 -317 134 -865 -242 -747 -747 -975 536 165 336 -55 -521 325 -437 -396 -730 -881 -84 478 -997 184 184 -437 945 -284 31 -969 841 -499 29 -40 639 103 744 411 -842 
-357 -256 468 -572 -837 -275 -59 -756 -318 155 975 -403 -34 -304 -524 346 346 -332 932 -490 859 -438 909 139 -204 894 562 -657 731 -96 -380 -764 -466 683 362 624 -191 81 156 -716 -43 376 293 795 -47 -754 504 504 -623 681 -419 700 -133 -263 -554 -502 -907 259 987 -25 -169 702 979 73 963 947 541 117 -161 -138 -138 -338 -540 -585 -162 -162 -379 -13 -219 661 41 -803 388 990 -173 -582 -791 -415 -641 -779 770 -222 925 -490 -251 -750 610 204 415 -405 
383 -981 -17 -233 -634 -344 -815 -10 375 375 -625 0 -281 584 299 -799 -721 723 -248 -248 -468 743 620 473 551 -916 31 -650 539 979 811 552 102 116 177 764 198 823 138 19 580 116 -691 701 -244 124 -621 151 -500 88 -732 -880 -370 -437 989 -152 23 228 461 -449 90 -169 262 817 147 -535 68 -788 -247 5 769 -501 -556 -556 -974 -127 -429 492 492 305 -551 -439 207 -894 265 554 554 759 -474 -579 253 514 209 209 594 -135 -498 541 557 405 
-768 38 -110 216 -816 216 -3 730 -599 -249 802 535 -795 943 -246 198 948 752 -615 -753 -950 744 -633 -961 463 569 17 -880 981 532 -470 -280 -835 206 -414 238 238 -252 912 245 304 -200 932 -59 -59 -262 -146 -685 -838 267 -116 92 414 124 44 -426 -995 -995 -920 692 132 132 157 -263 -658 42 -875 -632 -770 54 -871 -871 -862 804 365 -338 -643 508 542 -573 -85 190 -74 -249 -106 974 572 -938 -154 433 -157 -295 458 -197 -249 616 -39 273 -165 -685 
392 30 -815 928 -653 389 473 762 -484 -556 700 -431 -431 630 -559 120 172 47 -71 -536 -899 -230 70 806 688 58 -925 -661 198 959 717 -463 269 -543 -79 -79 671 -614 403 932 84 -283 -624 813 368 640 282 -830 -479 814 -91 579 -308 65 507 320 19 -532 956 -351 776 -13 47 216 -758 548 183 -660 -660 -739 332 971 -728 -48 701 810 361 0 -857 365 -564 437 -845 207 741 -12 685 406 -280 -232 546 -661 400 630 -319 -141 887 -709 626 -790 
603 -142 -142 501 36 -39 -928 -58 -322 -388 291 -70 120 797 -211 804 461 806 -900 -825 -825 -457 -206 -84 -244 -244 -269 -594 3 -117 -958 -285 460 859 594 613 -640 -704 -405 123 -700 572 572 115 809 -418 368 368 762 687 469 469 -767 -29 815 -671 -219 -42 714 463 367 577 417 -879 -143 155 -281 926 831 -681 546 -815 -815 458 -27 -81 652 222 -131 657 954 311 822 238 -230 -367 647 -174 261 -319 605 328 464 837 -112 -816 -831 9 634 74 
115 115 813 862 179 -531 619 938 -481 -82 -563 -576 187 148 865 -776 -643 -686 -120 -417 553 423 665 885 -259 781 535 -803 -986 939 -4 -656 -665 391 627 -317 -258 -298 -766 -578 -876 510 -166 118 -738 -433 -843 -653 515 -889 394 572 -285 -71 39 579 -378 -552 571 915 598 -417 -879 -391 30 -994 -967 297 -888 863 40 -206 491 867 605 -451 121 27 -886 -294 102 589 884 647 760 -423 644 -161 124 -492 -968 -784 -71 -551 515 252 211 86 272 63 
-119 416 -192 292 -183 -759 -356 -244 -516 543 538 -558 -854 -916 -430 -483 -897 412 -660 -299 -377 -263 -634 51 -379 -975 508 -28 8 678 -243 -436 641 905 -473 -537 -220 -264 787 294 655 438 331 -624 844 333 542 -540 -665 -112 181 896 338 -355 467 -299 516 830 -588 -932 -216 -54 136 808 -89 -63 252 -527 -581 689 734 -601 -224 498 330 679 -343 -619 -601 599 495 -732 688 667 -95 600 841 732 599 -355 243 705 857 496 472 -184 -301 503 780 -64 
34 -826 -437 604 -161 -96 -311 -449 -244 -961 -642 -14 -799 -796 463 475 358 34 600 -632 -688 617 -533 -332 -462 -160 409 26 -696 146 765 -6 952 284 -948 -420 391 592 -981 420 695 79 871 580 923 181 215 511 -550 -326 -686 711 509 -818 598 248 -969 -30 -605 -123 535 -307 145 790 566 401 314 -621 -559 428 716 -69 -568 42 -662 408 -50 386 272 -58 747 471 943 -958 254 998 731 -520 -643 548 -907 -891 845 -326 -549 118 971 985 978 -179 
521 -465 777 -524 -470 687 591 -521 203 -661 509 683 203 -209 807 -332 141 889 -669 -652 207 -153 -418 -948 -868 -434 -595 -241 498 -589 921 -661 696 -580 -519 -283 583 489 613 -976 -787 -830 -628 -130 -870 -582 808 -888 -90 -47 -177 -244 -190 609 -417 -380 797 718 -168 -918 353 84 45 -353 -675 387 -614 99 -20 -907 559 -269 944 -142 887 -38 -682 -566 -334 445 871 828 632 492 -169 877 -926 -494 144 -164 -431 -567 198 -44 858 -865 -395 -688 986 880 
51 763 -439 -256 933 -956 -956 -721 531 -290 -414 494 -839 238 -315 -766 -442 716 -109 526 892 -617 -100 858 664 265 531 -936 -724 241 -819 416 633 804 66 983 -674 -779 935 -348 954 -583 814 814 -117 -168 860 -512 -942 -631 -453 870 754 489 -741 348 348 134 -747 -745 -133 -730 -84 -997 -987 945 198 841 29 103 44 411 -256 468 -837 -275 -318 155 975 436 565 -563 -332 -332 -490 489 -438 -510 139 -204 894 -528 -657 -96 -380 -466 -466 96 624 555 
-687 156 -881 107 -43 -43 376 -612 795 -754 -700 -623 -227 -419 -133 -304 -263 -386 756 -207 463 987 -25 -169 -181 979 542 -961 541 -144 -239 -138 -89 -540 -147 524 -29 -219 661 -152 -630 -803 252 990 -784 82 239 297 -588 925 -490 -750 69 -712 204 -932 -405 383 -17 -233 -634 -224 -15 -625 -175 584 585 585 299 -721 315 743 620 489 489 -916 -806 979 811 -972 177 764 823 718 -438 3 -888 879 292 -690 -350 -187 120 806 851 237 346 -711 -490 -949 
-721 180 -750 908 -296 526 -276 -485 250 -424 92 577 200 288 853 -922 -282 -75 -376 -313 -121 736 992 462 -234 -420 -420 -848 -136 -808 -797 -278 3 3 335 478 478 458 -176 762 517 750 968 -749 -749 -586 783 -59 954 106 -907 -714 -512 570 375 -491 891 524 891 -796 -749 375 -603 -599 656 -516 728 -630 -698 -130 273 513 615 461 943 -961 793 -891 833 -89 -17 -781 -854 -379 -35 687 49 796 -526 -854 725 193 -861 186 -789 235 858 -882 951 -882 
-249 -216 -382 469 203 -938 -248 -717 -404 -89 110 -910 214 -547 420 -340 857 -774 530 565 413 -782 -143 842 608 -788 261 320 -395 649 -256 -317 607 -524 181 -489 78 675 -196 623 295 -117 1000 -271 432 319 -629 688 -145 326 -419 -361 -350 -165 492 -339 -615 -956 686 10 712 883 112 878 395 620 -633 586 533 -989 344 33 707 -172 857 433 -890 845 255 651 -873 -471 896 179 979 939 -513 -704 -381 147 -581 -114 671 -171 280 -528 -53 793 -465 -766 
35 162 -142 463 -881 -881 812 911 798 595 598 -774 -518 323 -427 737 -851 -390 -390 -15 976 -697 -183 -741 316 83 543 -772 83 559 543 -646 -622 -418 -418 283 664 439 312 312 312 864 -443 -361 733 494 -613 -779 -803 719 -542 -340 213 428 -332 -332 -805 265 -787 274 -748 -778 981 44 347 815 335 -580 563 -39 -135 -387 -987 -987 -895 74 48 504 199 738 738 837 -796 -674 32 -395 825 -901 649 688 -366 377 363 -968 814 -924 -466 -565 -235 548 
-568 958 -567 -659 -922 515 181 770 375 375 181 950 -715 414 -484 445 448 -310 -422 634 -165 -898 932 520 4 356 -774 149 -67 849 386 -350 351 -716 985 -214 -503 -997 586 -786 837 609 139 -980 909 -398 -547 -87 -254 -44 260 260 -953 619 -113 499 572 996 -290 645 325 119 237 705 -773 -773 832 -524 250 -360 682 -227 822 -210 329 41 -749 -475 -313 598 -255 729 794 609 365 -759 -766 640 350 -142 -280 -538 119 334 763 846 -530 -6 506 -683 
-256 796 -351 -870 -193 -281 -717 -717 -187 468 -414 -414 -864 763 369 405 -549 -839 238 907 -766 -766 -442 -102 529 158 -574 -109 573 370 -629 614 762 -617 -617 112 112 -100 263 -902 265 -585 997 997 -936 -724 241 110 -470 233 283 -493 -899 804 66 765 106 -617 163 -968 -869 -654 -753 749 -348 954 -583 542 502 95 -168 -239 860 -631 926 -730 934 -265 754 -466 348 -1 -317 -865 -685 -163 -747 -975 536 -436 748 336 -133 -521 -782 -437 -730 -396 -881 478 
-997 -997 -437 -987 945 372 198 -969 -499 29 -722 831 -558 162 -954 -954 411 -103 -256 -256 468 936 -572 -275 -59 857 857 -661 -568 -331 -403 565 -304 -849 -563 346 895 932 -490 859 85 -510 -966 -204 894 -315 928 -528 731 337 558 -380 848 -466 96 626 -32 555 -687 -881 -332 107 -837 408 -768 -601 795 -754 -700 718 504 -623 681 -227 -419 -133 -386 -502 756 -218 463 181 445 702 -181 979 -856 -796 542 -961 -961 541 -78 -5 -144 -239 392 -89 760 -147 
965 524 -925 -379 -13 -152 661 253 -630 252 990 -173 -582 -784 -791 491 17 297 770 -588 218 -19 -19 296 971 69 -712 -70 -932 92 92 -405 426 426 -544 -233 -879 -224 -344 -10 375 -15 375 -213 0 105 585 65 -721 495 315 -248 -468 527 566 489 -916 -806 -650 979 811 552 -972 -181 -630 393 718 944 -438 68 -882 -197 633 428 116 -244 124 -621 151 239 -500 88 587 -874 -261 -370 -437 989 276 276 58 461 -449 -12 712 -599 -281 -535 669 68 
-599 -625 161 -728 769 -899 -252 -556 672 -974 -62 638 305 715 -542 258 -126 -894 930 196 -488 -579 233 -497 -923 -140 209 862 -521 -756 -756 464 -498 541 451 405 938 318 -766 -393 -816 -18 37 37 779 -845 165 -410 144 -159 533 648 -462 -494 625 752 -615 -976 -97 -787 744 -633 -961 -305 -305 780 780 -729 -249 981 532 -450 -280 -835 -827 639 639 861 -460 912 245 304 -200 -431 932 -370 354 -384 888 -838 -832 -116 414 44 -732 -510 -787 -995 327 692 
-54 157 -658 -325 -875 -632 -632 -654 -862 624 -679 365 891 -338 356 299 579 -85 190 351 -330 -249 974 -168 873 -868 -530 -79 -295 578 -712 621 -17 616 -39 273 204 -685 -255 30 -242 982 692 473 -484 -556 360 360 368 368 152 -961 120 -935 47 -71 -385 -899 -956 -135 806 688 -347 -535 198 427 717 -77 269 -543 476 -781 846 596 -361 -460 658 932 484 -283 -884 813 368 933 134 706 814 -91 692 579 876 15 320 19 507 -104 -681 -351 776 -88 
216 391 421 50 2 -739 -2 -126 -126 163 701 810 849 977 977 -857 -964 656 584 -509 -845 207 741 120 973 406 69 744 -661 -950 938 400 -319 -141 887 -709 -790 917 156 501 -101 -783 481 259 -388 -388 949 149 -52 -70 -173 797 740 -178 -178 402 825 -21 -21 -427 164 -650 -123 -269 3 3 -210 -161 -958 -285 544 -292 859 -648 613 208 100 404 123 171 181 572 115 809 809 706 649 583 82 687 167 -767 702 -545 -671 -219 714 609 22 -139 
-474 -143 509 509 -281 -405 831 -681 546 293 458 10 -27 -275 -549 -708 954 974 -230 -367 647 -938 428 428 605 605 752 837 641 641 -838 -816 439 987 987 74 21 460 -898 -461 187 -27 133 133 87 -481 -576 -462 865 865 816 44 -384 -984 -407 -389 -859 803 803 592 960 -589 -466 217 653 129 180 209 374 573 -884 347 -390 -884 -516 479 91 -222 -557 583 757 909 -925 200 -213 961 536 -461 -461 -6 -520 -887 -442 -734 -919 816 -327 116 -752 -235 
-644 -487 587 741 -63 -883 261 -562 313 -254 762 -857 688 -284 820 -6 -28 -221 49 694 761 -853 -553 30 838 859 357 929 205 889 -655 -895 -700 -132 563 -829 -877 -748 -543 -904 582 -691 634 -588 -855 946 -185 91 725 -399 -315 -399 742 -455 570 -85 -164 205 -773 734 -670 -873 -665 798 -918 299 -408 -574 -931 -90 -122 -931 -667 -139 -139 -90 -479 759 712 487 -128 179 -784 73 -952 -107 11 -713 464 -921 -52 -656 -407 803 -531 -313 592 855 -589 -589 
-507 637 549 653 306 129 -161 667 374 573 470 -329 -772 -516 -361 -222 -301 208 757 -925 -488 -679 743 -213 669 536 -543 940 -474 -6 621 -520 385 -111 -887 -442 -124 -604 997 116 -752 455 -804 529 -644 -487 -962 -883 -542 658 -825 -387 -254 551 -857 -284 -284 820 -206 -974 530 -359 -463 657 -553 -178 357 -593 889 -152 -309 -132 563 180 304 -748 366 -543 -908 77 -588 524 -185 -517 843 -296 -79 -85 734 -873 798 372 798 585 -882 702 -408 628 -122 -667 
-479 487 -128 179 -784 -952 11 -921 -52 195 908 -910 696 -92 529 756 283 -927 777 636 -350 490 -789 365 -89 -333 -677 -155 -508 -839 437 -373 690 -903 -56 -3 -766 978 135 -513 170 0 46 -647 15 663 -2 -976 -631 676 -791 687 560 -524 394 -301 317 295 -975 174 525 -307 -848 1 765 -300 -4 301 -281 253 169 77 883 154 584 808 -452 359 -525 199 -133 -466 -679 387 855 -100 346 748 -211 -417 890 -86 137 -462 248 317 -447 310 622 70 
481 -668 -668 -331 231 313 -908 -655 305 -425 304 -617 -995 -420 473 752 -328 -572 737 -449 -509 185 724 757 647 -445 251 534 744 917 -185 405 -425 811 -152 -579 880 186 -464 -102 995 -233 110 361 -985 518 792 -661 -183 -189 535 -915 -255 213 -555 -665 -539 180 664 262 -572 -799 461 657 676 -377 792 74 -984 266 324 630 530 211 -696 -238 -535 994 -364 -753 -100 1000 -926 42 725 -757 -923 913 919 -983 -902 -716 96 6 114 -263 -342 -562 753 783 
-358 -131 476 217 1 -532 -913 37 -136 -941 -980 934 -324 805 350 887 -328 126 -919 204 -602 -4 -4 -837 414 -940 -13 651 -816 788 -88 -121 347 955 -82 -739 -922 -857 315 -85 444 241 463 48 329 305 920 429 991 -65 -792 -399 23 104 -19 159 -448 109 -685 -845 525 649 -597 503 -417 -884 782 -541 788 -455 -813 -407 -880 -770 -983 -160 -662 -955 -955 -161 879 737 -350 -187 202 -67 806 237 -578 -711 -490 -179 -564 180 -750 908 690 370 -485 250 
638 91 336 836 853 428 173 -75 -376 -313 736 649 -773 -862 500 -719 -136 769 635 -797 437 595 -846 -632 167 -176 -619 -284 750 -586 958 958 -311 -24 -907 -686 -161 369 891 -796 -304 603 438 -603 -423 728 -118 -454 273 615 -504 222 -961 -891 -723 -204 336 -379 -802 -707 17 796 478 725 493 -241 858 -882 -216 -382 203 900 -248 629 -404 -277 -424 583 54 850 -170 -340 857 -774 -782 -402 842 -826 -704 885 136 649 -317 607 181 -489 78 54 253 -196 
861 -117 97 -145 555 881 701 449 -372 -866 -66 10 712 112 878 564 -846 344 33 856 -527 -782 255 -873 -471 179 939 166 769 -506 -171 707 -766 -372 -142 911 798 -918 691 527 -427 -851 -390 -792 -183 -772 559 602 -622 439 -443 270 -613 -915 719 -340 747 204 -805 193 -766 -748 -778 44 347 815 -589 136 -580 -657 591 -987 562 48 -535 199 -143 -624 -674 -395 852 536 -366 494 -924 -872 -235 -568 -892 -659 -922 765 -126 181 950 -715 -987 -176 -423 -673 
399 -310 -272 634 -165 -898 932 520 4 356 -774 788 -67 -238 386 -350 -716 985 -503 -997 -786 837 561 65 -980 468 -398 -547 -716 174 -807 260 -836 222 870 572 -793 645 325 119 237 705 -2 -524 250 -360 528 621 -266 136 581 441 -40 -259 414 -484 445 -673 399 -272 634 -165 -898 520 4 -440 149 672 -238 386 -350 -716 985 -503 -997 837 139 -980 265 -87 174 -44 -836 -113 996 645 325 119 295 -2 -524 181 -360 682 528 822 136 581 -474 441 
14 901 609 365 -759 640 350 350 -280 -538 119 51 164 -439 -6 -256 886 -870 -193 854 -496 -414 689 369 14 304 238 907 -442 -102 529 716 906 172 526 -629 153 -978 858 664 265 -585 -724 -819 233 -899 682 765 106 163 -968 -807 935 -753 -152 -583 -583 -129 542 95 -168 860 -942 -677 349 528 621 -266 -210 136 329 441 970 901 -255 794 -937 489 350 414 -280 -538 119 778 763 751 -683 -210 886 -181 -181 -193 -717 -187 -290 468 -9 -864 369 -549 
124 907 -212 529 -198 892 614 -978 858 858 146 -417 110 241 -470 283 416 -899 804 -223 -801 32 106 129 -968 -869 -753 172 175 814 502 167 860 -631 -942 286 934 754 -966 348 -317 -685 536 165 748 -55 -437 -730 -84 184 -284 -969 -499 -722 -558 -954 411 -256 -572 -275 857 -661 155 -403 -34 -304 932 -490 489 85 -510 139 -204 -254 731 558 -764 -764 626 -32 555 -191 -716 -716 -737 -849 -849 408 936 -612 -601 -47 718 -227 -419 161 -304 -386 -207 -631 
987 -169 702 -856 73 947 -78 27 15 -138 -338 -6 760 -147 -29 -13 -152 41 -630 -186 388 -582 -791 491 -641 -779 -222 925 -19 69 -712 -70 92 383 426 -544 -879 -224 -815 -15 -213 -281 105 105 212 585 299 723 -468 743 566 489 551 -916 -650 811 811 177 393 228 718 138 944 -438 -693 879 -690 -890 -591 476 120 -48 -849 -578 -711 -490 -949 -721 -750 312 690 370 -485 -485 250 590 442 264 428 173 -282 -376 -127 736 992 649 -481 -349 -347 -848 
-420 -689 390 437 595 335 177 -176 -592 -592 -284 -774 783 958 954 18 -517 -865 273 407 -512 -979 369 284 993 524 -304 -749 -931 943 656 -423 -896 -661 -698 -265 461 461 222 793 833 -89 -385 -204 767 687 -787 -291 478 -590 -935 493 -861 -241 290 -633 951 -882 -249 469 -938 868 629 -277 889 583 54 214 -340 242 172 530 565 622 842 -977 -788 320 649 -317 -524 -995 675 54 623 -117 1000 -271 -271 97 688 881 701 439 -165 449 -372 -615 -6 126 
-839 -288 -372 -808 -503 -431 -367 -123 -883 819 44 -384 -745 -984 -368 -389 92 351 662 960 136 -466 -639 637 653 590 -161 519 347 -385 573 -390 470 -516 -361 -944 -557 583 909 -488 -213 743 669 536 940 -474 940 621 385 763 -442 -124 997 116 33 75 455 -804 529 734 -98 -192 -238 538 459 313 -254 45 479 136 688 -853 820 796 -206 -974 530 -299 761 657 657 -834 838 838 357 929 -593 -25 -152 -655 -309 -403 782 563 -215 266 -961 366 -888 582 
634 -607 -588 -855 907 91 -5 843 556 556 742 -455 -79 -164 205 -773 930 -873 798 -512 -193 702 158 -408 628 -931 -574 -667 -90 -479 487 -227 834 755 73 -107 -713 -921 -921 -720 -862 -417 267 908 -910 891 -418 6 529 -639 -112 52 -360 -927 -982 -598 490 -789 -47 365 37 -89 -333 -788 -174 -307 -508 -839 437 954 690 -951 920 978 -664 -513 170 -648 -595 46 859 15 -364 -274 265 -237 760 -631 676 -151 407 560 1 46 317 -975 740 846 525 -307 
271 -964 42 724 765 -300 -447 574 301 -281 957 716 -963 169 -780 883 -575 839 397 906 808 -887 -452 -186 978 -837 627 483 -466 -720 -679 -413 387 -826 963 825 825 -787 -165 748 -69 -211 -773 -31 890 401 -363 423 -843 296 317 310 691 -293 669 541 630 882 150 155 568 865 406 164 -220 481 -727 330 -200 -331 313 -909 -482 437 -774 -903 -712 -425 955 -102 -164 203 -995 676 31 -663 473 752 195 260 -883 -572 752 -588 -509 -427 -986 999 724 167 
-130 633 -543 -779 251 -282 -497 292 744 -324 54 -185 -825 997 405 755 464 590 499 -152 -579 628 -262 -758 -758 -719 355 -549 404 995 -462 -946 -877 110 -149 361 -215 -78 455 -283 792 550 70 -661 -183 658 -631 -536 910 -434 -255 475 -781 272 -393 -665 -699 -539 -830 -550 -121 262 314 945 272 -79 -359 657 657 419 676 -229 -377 585 -1 985 74 278 266 -402 473 324 -511 -267 382 530 211 -114 560 894 891 116 202 398 -805 43 833 -479 -476 -100 
1000 -296 -926 221 725 745 -923 913 -970 -626 716 -925 -700 -434 32 749 114 -263 159 -729 -549 -782 -732 184 783 -358 204 476 293 674 -532 -913 668 37 -401 -524 443 -599 -671 -23 703 341 802 805 887 -328 126 -244 -602 -837 835 -888 -519 -252 -629 -655 715 -18 -606 65 -121 347 347 955 454 -39 923 -739 81 -525 -222 -255 404 259 463 379 653 -328 -696 338 -596 429 -355 -834 -772 -399 23 104 160 -309 159 -448 109 -685 -845 -759 -960 -209 503 479 
967 -884 367 782 -138 841 788 155 993 -813 168 -880 -557 465 605 -160 183 -923 713 -430 120 -450 -516 -288 -372 -792 -148 310 743 -123 502 816 -305 -384 -745 -984 325 -556 -859 351 -531 662 855 960 -993 -466 -507 637 306 129 590 552 374 -385 -884 -329 -516 -516 -388 91 -557 583 909 -488 -488 -213 961 961 -543 940 -461 -6 -696 -111 763 557 -655 -919 816 -752 970 -72 529 253 734 -98 -63 538 85 -665 -825 615 45 -857 688 -853 -284 606 588 -846 
-974 -299 657 -553 -178 859 -515 -25 -152 -655 -652 -132 286 -215 991 -877 366 -888 -904 881 -107 905 -751 650 -5 843 556 -455 205 525 -575 397 184 442 -887 -452 -186 -186 -525 -837 483 -918 -679 -872 387 -826 -100 346 -902 -666 396 457 -417 -86 -363 423 -843 -424 296 310 622 752 691 631 310 752 631 -293 -54 357 669 541 630 176 953 -534 -237 155 261 615 -24 164 70 481 -727 42 -464 -970 -902 -825 -716 -307 -700 6 -315 749 -701 -610 341 -729 
-342 -34 753 186 -342 -358 476 217 217 276 -532 -913 668 -180 -401 -136 -941 -941 -980 934 378 341 -324 -199 369 126 126 -244 204 -602 -4 835 728 414 -940 -13 -252 -655 715 967 189 65 -121 347 601 -475 454 148 -922 5 315 444 -383 669 48 782 782 201 519 338 -596 429 320 -65 -800 834 197 780 104 -72 -19 159 -309 128 -448 109 -219 -759 -960 -209 -260 479 503 -597 -884 -71 -138 841 788 363 993 -813 168 -715 839 -770 605 -160 -662 659 
-619 750 -749 783 954 18 -24 -907 -686 273 -291 375 369 369 993 284 524 -796 -749 603 375 -937 -603 -599 953 -896 728 -118 -454 -130 273 60 461 943 401 671 -891 -723 -781 -854 336 767 767 -707 17 49 796 478 -854 193 493 544 235 951 -882 -249 213 -382 469 -938 -694 588 -717 629 110 -910 850 420 -170 468 705 495 -774 413 -719 842 -977 -788 885 885 261 136 -827 649 -317 69 69 181 -489 675 253 -196 861 295 -117 -271 -145 555 881 701 
439 486 492 565 -233 -615 -6 686 126 690 712 954 -785 167 860 -631 250 349 -227 621 -210 581 -313 794 365 68 -280 -538 334 846 506 -256 -351 -193 531 -496 -414 576 -549 373 -102 -629 -978 858 265 997 241 -819 283 -493 66 106 -617 129 -654 172 175 542 814 -129 860 926 754 -966 -466 -317 -865 -975 -55 -730 -881 478 -437 372 -499 -40 411 468 -275 155 -331 -563 -332 932 489 -528 -204 -528 -657 -96 -380 848 -882 11 -687 -716 107 -43 -612 -47 
-623 -227 161 -386 -207 -631 181 702 963 15 392 -6 -585 -147 965 -162 -13 661 -630 252 82 17 218 -750 162 -712 135 -17 -634 375 -175 584 585 299 743 202 489 -806 811 -972 177 393 718 -438 -693 879 737 -350 -187 513 851 -600 -179 -564 526 485 -485 -424 200 264 173 -282 -376 382 -121 992 -773 -862 -420 -689 -808 595 -846 -28 -632 531 762 -619 968 -586 783 954 -311 -865 407 -512 369 284 -796 -937 -603 943 656 -423 -698 273 615 -504 671 833 
-89 -315 -99 687 17 478 -403 544 186 235 858 -882 -249 -216 469 203 868 629 110 889 850 420 -340 705 530 413 -719 -402 -826 -704 320 649 -256 -524 675 861 -117 -271 97 701 -361 492 -615 -66 712 395 564 533 -999 707 -85 433 -1000 -640 896 179 939 -564 -381 -581 -506 -528 707 -766 162 -881 911 595 -918 527 -445 -390 -15 -183 316 83 543 568 602 970 664 664 439 312 -443 494 -613 900 -803 719 -549 428 -805 -883 324 309 136 563 -39 -135 
841 -895 562 685 -807 -143 -674 32 825 -901 688 363 494 -466 -116 548 934 -567 -356 181 375 181 -237 -350 -716 -503 586 -786 651 -196 -980 468 265 -716 -44 -953 619 -113 572 996 325 119 295 -773 -677 682 822 -266 -474 41 816 -384 -984 325 686 351 136 637 217 306 180 552 -390 778 91 -222 208 909 -679 -213 669 -543 -474 940 -482 -929 -124 816 -327 116 -752 75 -72 -644 161 -192 -883 -562 -254 45 479 365 -284 606 -6 796 -846 694 494 -553 
-553 -178 357 929 -25 -655 -895 -652 -55 -132 782 563 -70 304 266 366 582 -691 -607 905 -855 650 -63 843 -296 -455 570 205 -773 -873 -124 -512 -193 702 -408 628 -306 -667 -90 759 487 -227 179 755 -107 464 -921 -862 -417 346 891 -418 6 604 -112 52 -360 -875 -350 587 -656 -47 752 -788 377 -155 -839 437 639 -56 277 -513 -648 785 -885 -939 -730 -237 -179 -507 104 687 243 1 384 46 -301 317 -592 174 525 -307 -964 724 760 883 753 -758 -963 77 
883 -575 839 584 442 -887 -119 -186 978 -837 -133 -466 -720 -679 -872 -840 855 963 346 825 -787 -165 396 855 -773 890 -363 423 -462 317 310 752 631 622 691 669 429 -546 953 150 -237 568 615 -24 -717 -220 -668 -552 231 -925 -908 -259 -655 -903 -712 -786 -989 304 873 203 178 31 377 638 800 195 260 997 -863 -368 417 639 -790 -986 999 724 167 757 -759 633 -543 -445 358 251 -282 -541 534 292 744 -324 952 355 682 997 405 755 -488 -369 811 499 
-152 760 -760 628 -262 915 186 -692 744 -289 -102 -477 -946 840 -985 204 -429 -182 361 962 -985 455 518 792 550 70 -661 495 -823 -631 -668 535 334 -915 -696 -255 -379 213 -781 -555 730 -665 -380 -539 -830 180 161 664 314 -865 -572 -799 420 -185 -311 376 392 676 415 -610 -662 585 -1 792 985 74 30 -984 636 -402 473 601 630 382 530 211 -114 -131 560 -696 633 -535 -341 202 994 882 -805 -479 -812 -608 -9 1000 801 -926 42 837 745 -186 512 -963 
913 -983 -902 -716 326 -307 -700 -328 6 -315 -701 -610 341 -912 -342 -549 -870 -782 -570 753 184 99 -358 476 217 846 674 -532 -913 668 -180 -857 -6 -136 -941 -599 401 -23 703 739 -324 -199 369 -929 7 126 -244 -518 -1000 -837 728 414 -940 -13 -252 335 -816 967 189 -606 -88 374 601 955 454 -666 148 -739 -922 81 -857 -222 -255 404 444 -383 48 782 653 305 -328 920 338 0 491 991 320 -65 -792 -772 -754 -399 23 104 160 -309 159 806 -302 109 
-685 -759 -960 899 -260 479 967 -417 -884 -71 -541 -309 -867 788 363 -455 -813 168 -715 -880 560 530 -983 962 -662 659 -161 493 728 120 -839 413 -288 -372 -808 -503 -431 -367 860 428 -883 819 -305 -384 -745 -984 -407 -86 544 -543 803 351 -313 592 855 136 -507 -209 637 306 129 180 209 374 347 -390 470 -772 778 -361 91 101 203 750 -164 -925 -488 -679 -213 200 961 536 940 -474 -410 621 -482 -696 -24 -111 -929 -442 -124 -604 -335 -264 -752 455 253 734 
52 741 85 -665 -562 313 -254 762 566 365 -284 582 588 -221 49 530 -359 -54 654 429 176 816 150 155 865 -24 752 -927 330 -331 313 -482 -774 -712 758 -102 203 178 -663 473 752 260 746 -553 417 -427 -850 167 268 -543 -779 251 926 724 952 -72 997 -488 499 -486 -760 628 -758 -719 355 995 840 204 -182 -215 233 550 -661 -823 -668 535 -434 475 272 -676 -380 -172 -121 314 -572 272 -79 -311 392 -610 585 -62 74 636 -85 601 -267 -364 -65 560 
-696 894 116 202 -805 -479 -476 -9 801 524 42 745 -963 919 614 -716 -716 96 -328 -315 -701 -701 114 -729 -549 -342 -870 364 753 184 -358 -131 204 217 217 276 674 -532 -647 668 37 -6 443 -980 934 378 739 -633 350 126 126 -244 -518 -1000 -4 835 414 295 -13 335 -816 -18 65 -121 347 601 -475 -666 -130 -922 -857 315 -255 404 259 -383 379 653 305 -284 338 491 991 991 -834 -800 834 780 104 -19 159 806 -302 -520 -219 -759 899 503 967 -884 
-930 -138 155 993 954 -880 839 -770 530 -88 -662 183 -586 -59 -311 -907 407 -512 375 993 284 524 -796 603 -937 -603 943 -423 -896 -661 -118 -454 -265 461 447 -961 671 -24 -24 -723 -17 -781 -204 -99 767 687 -787 -787 -526 193 186 290 -882 -777 846 424 203 -576 868 -717 -89 -424 889 54 850 -547 -340 705 495 565 -143 608 -826 -826 -911 261 136 -395 -397 -256 69 181 -489 675 -196 861 432 688 850 555 701 439 -165 565 -615 -349 10 712 883 -633 
533 -999 707 519 857 845 -640 -172 -145 896 979 -513 769 779 671 181 445 399 -310 -703 92 -445 4 356 -774 788 849 -237 476 -716 -385 -214 -503 651 609 561 -975 468 -398 -547 -239 -254 260 -836 870 572 -793 906 151 237 -773 -677 349 -360 528 621 -266 136 329 581 -474 41 970 -313 729 344 609 -937 489 68 -142 -280 -538 -532 778 51 751 -439 -530 506 -683 -210 933 -181 -281 531 -496 54 -9 689 576 405 -549 238 373 -766 -442 529 158 158 
-198 526 370 892 762 112 263 -942 146 -417 531 -936 110 -470 416 633 804 -223 -801 -60 -617 129 -779 -869 -654 172 175 954 -785 814 95 -117 502 -117 167 -631 250 349 -227 822 822 -210 581 -749 14 -313 -313 901 -255 -759 640 68 -280 -142 -280 -538 -420 334 763 846 -683 -210 -351 -956 -281 -717 -290 -496 -9 763 -549 304 373 -766 -442 -102 -574 573 370 -629 762 -978 -100 -100 -942 265 -585 997 -724 -470 -819 -493 -899 66 106 163 -779 935 749 175 
-785 -583 814 814 95 -117 167 -512 -942 -631 -453 934 489 -966 -466 348 -317 -242 -747 -975 748 -133 -782 -730 478 -159 945 -284 198 841 831 162 744 -842 468 -572 -837 -59 778 -318 155 975 -403 565 -524 346 -332 895 859 489 -528 909 139 -204 562 -657 -657 -96 -380 -380 848 96 702 -882 81 -332 -463 -837 376 408 376 -768 293 795 -700 504 -623 -227 -133 -304 -386 -907 -631 181 -169 702 979 73 963 541 -239 392 -89 -6 -585 -147 524 -162 -925 661 
-152 253 41 -803 252 990 -791 -415 239 770 -588 218 -490 -750 69 -712 135 -70 -932 426 -981 -544 -879 -815 375 0 584 585 65 315 -468 527 566 473 31 -916 -806 979 811 -972 -630 764 198 718 580 -693 -693 879 -411 737 -350 476 120 806 -48 851 -578 346 -936 -490 -179 -564 -175 312 -924 526 370 -485 250 250 -424 92 577 200 836 288 428 -525 -75 -517 -376 -121 736 992 462 -862 -267 500 -689 -382 390 -278 595 3 3 -632 301 458 762 -619 
