319 -638 -59 -334 -823 82 965 839 321 -38 774 809 -287 298 169 679 -649 880 -233 495 187 -632 -815 475 -781 -182 448 666 -246 -246 -667 -850 707 -757 463 -499 -939 145 -425 18 293 935 812 -619 754 -902 336 -893 263 -163 358 -648 -298 -429 -787 -770 577 180 726 -900 91 -616 -746 -435 -192 -4 220 307 934 379 -100 769 -984 -209 -248 -246 858 -286 801 -510 520 540 -250 -250 815 434 936 -439 948 -854 -56 140 -320 -620 933 245 315 315 -249 -769 
-967 -24 -148 -950 -216 845 742 -581 530 663 -106 -496 -426 -481 -695 847 -502 252 -779 -725 -161 -7 -325 -817 -922 561 -99 -959 -6 413 -19 -19 -777 356 328 440 -932 684 -794 540 -11 40 40 -353 260 -83 -70 -501 245 -594 22 22 -261 962 -871 -815 -84 -798 -541 708 187 -343 -355 -292 -292 87 979 183 -326 117 838 -859 -898 -3 -417 595 -448 570 -284 -375 37 -918 -918 84 61 356 -67 -943 -677 538 154 -33 -862 -264 370 225 103 718 32 -381 
291 -687 -992 -923 -542 719 648 897 150 681 895 -113 -828 844 611 575 131 961 -493 -278 997 135 648 147 -155 -706 935 876 830 477 -530 587 -734 305 -64 305 935 -910 250 941 68 201 -286 -688 -459 -539 415 127 -228 -849 255 -269 127 -228 -849 255 330 -627 -795 -914 343 852 336 -661 -661 949 987 -821 431 -543 630 79 29 -678 602 -167 -736 -736 758 -347 776 -581 517 513 654 986 -30 -274 -991 -953 97 97 -600 718 -191 -651 461 461 -643 -942 
-272 889 838 730 -93 1000 783 957 -27 323 323 -351 574 574 -757 -757 -786 332 -940 -594 -337 -671 -796 934 530 -33 -295 -956 -260 908 931 982 -119 -43 -254 -335 367 -695 686 157 -161 720 99 192 910 232 -587 -711 824 224 -210 -221 106 -477 -449 620 -383 -737 8 384 -551 397 -683 674 106 272 -811 485 -805 -369 794 794 152 636 523 527 750 577 -74 355 -173 68 -574 218 -36 -770 725 -770 725 -298 324 -304 -285 402 -339 31 -81 502 563 686 
-776 465 224 224 491 -259 739 722 -553 -553 288 -189 -274 -107 14 -17 164 787 -556 -161 -339 -899 -841 853 100 -631 -869 -469 478 -411 679 -690 767 467 307 -295 -810 412 -323 -530 489 326 610 141 595 338 978 -620 -215 284 235 860 629 137 137 -913 -553 413 -276 -906 -651 70 -335 -161 874 -197 769 -818 782 -143 -872 -88 517 479 277 215 -696 -458 -709 -142 -142 -26 -664 -693 -443 385 381 -428 -577 -846 713 99 -914 -269 140 403 -212 -992 -992 -268 
670 960 -725 613 -383 -830 535 -499 -238 548 -463 -43 586 163 -214 -214 968 -58 -364 727 -856 -459 -663 405 -592 305 529 204 246 -992 -629 -336 278 -859 -198 67 53 636 529 -729 691 -68 -653 196 -290 583 -747 634 -521 14 -955 219 374 -159 -507 -996 182 -451 -251 332 532 710 246 -538 954 -982 -982 -58 27 27 -871 676 -294 173 345 -194 -877 -105 -766 -496 126 367 107 172 21 21 -419 597 -598 -354 -909 -686 710 -373 883 497 -407 470 230 -188 
306 355 278 463 796 -934 -303 896 163 -545 958 897 -402 701 380 -378 -825 639 430 529 229 -673 912 -480 -465 946 -265 91 969 -790 -790 355 -848 218 764 435 659 -372 598 598 339 -6 -576 932 730 -944 -975 -785 -310 450 126 345 337 -187 -65 -383 839 -812 414 -165 520 597 878 -901 966 -578 359 115 993 -273 -703 -655 -671 366 328 612 -412 594 703 435 527 527 -75 0 -170 230 -160 -76 -52 -793 -820 -929 525 282 551 61 -591 -579 766 802 
-617 -437 -750 411 231 -735 334 -607 858 858 -483 -607 -566 39 39 -521 -982 218 34 382 -682 -953 -599 955 516 998 -361 -741 797 -132 765 765 -57 502 -716 116 5 -291 -544 324 822 579 -985 502 -571 436 36 215 -443 589 -886 -884 165 -985 426 -909 550 -683 860 2 688 -950 875 875 -275 -519 -18 746 213 500 455 670 -218 33 -891 208 216 -537 -386 -874 -444 -208 216 -434 240 528 811 725 878 338 404 377 791 -408 -863 931 562 -994 -955 -910 
-764 462 435 977 -743 332 -393 775 -998 234 256 977 430 263 384 53 852 623 58 -750 488 115 -515 -394 763 698 -249 -660 874 -300 924 -921 687 501 -701 539 599 -342 211 -7 -147 135 201 -318 14 -95 -827 -10 -315 970 324 684 -256 521 -24 -24 -556 262 182 543 650 330 -376 859 949 845 -644 -644 -742 -643 5 -256 -376 731 468 947 687 600 -317 -602 4 -338 471 36 549 961 -290 -903 -873 -594 -657 1000 541 919 -629 -529 -556 917 314 314 
-507 285 320 -583 -695 94 -548 754 719 748 693 839 430 -655 605 -839 -813 -959 -84 -662 43 176 -833 -862 385 -206 -244 759 196 -293 488 569 -88 709 10 -937 -990 164 -112 917 -730 681 -198 610 -240 -135 -521 -135 -521 -348 -609 -884 -795 765 -787 -717 954 -122 -903 -490 403 552 -790 72 92 841 852 -289 269 544 -975 -799 -683 829 832 -1 -856 -223 -15 -201 685 -19 349 134 -279 803 796 796 -593 687 571 -268 -596 826 634 941 853 -610 -736 -784 
-920 -451 120 -164 542 -892 -950 -113 -123 537 -946 3 816 702 -534 -534 238 544 8 -511 999 990 -61 638 204 -378 -783 -527 -633 56 -890 -875 -875 -503 -526 267 -818 314 -223 -319 767 -140 -830 661 -31 -764 -870 -152 -391 400 -671 -671 830 618 -507 190 237 758 -140 589 121 474 -50 501 -445 626 364 -560 724 -951 -340 487 627 -652 757 -185 777 -353 717 -906 101 -150 211 489 213 489 -72 -82 -424 588 207 207 199 762 -427 -670 46 91 600 119 
654 684 -45 -914 579 231 -62 -939 370 -693 787 958 -638 991 -72 -398 460 -939 191 647 -418 998 -955 -224 751 67 -617 -882 737 -805 169 -896 -503 67 -423 862 -542 -950 -615 88 122 -529 -948 -691 899 -374 728 -753 -72 -579 18 -264 -817 -809 -321 -971 -496 415 982 -791 -878 671 782 786 -791 -791 245 -277 789 413 -537 380 106 538 764 -935 -858 -166 252 -296 -422 798 -742 -742 -784 -416 -523 671 967 462 790 188 568 -835 509 990 688 -471 -556 546 
-921 -716 282 -869 -362 532 10 -778 440 279 954 276 242 676 -110 -908 711 -219 -407 -407 347 315 631 506 769 -459 754 -792 659 629 -195 -704 -16 -841 566 674 606 -440 -62 -606 -505 -691 953 314 -654 -793 308 -570 244 244 -859 686 -650 379 82 750 -319 -396 774 -197 762 298 693 679 359 495 -950 -619 274 957 475 -811 -756 -716 -716 -246 -814 759 -757 843 230 213 -137 718 718 -100 -230 -118 -851 717 109 358 17 67 -429 -311 653 744 -306 -112 
-257 -435 -192 -640 -381 220 -211 256 378 379 960 -984 -87 -248 850 887 994 -510 540 -880 -481 -485 936 -527 -335 -854 -594 -56 399 708 708 -916 -532 -249 -588 -5 -950 47 22 529 845 -697 -581 101 530 538 631 -981 -502 520 860 -417 908 -725 213 -557 -817 -922 384 -10 167 -19 -36 418 981 -720 -631 540 809 159 -620 -630 -70 283 245 -594 168 515 -501 -501 469 -871 -89 124 -798 472 187 -487 -793 -292 979 338 354 -546 265 -326 195 416 -331 -370 
-417 -448 55 -413 -633 986 694 -918 -376 2 -67 -943 435 -391 -626 374 -33 -862 -862 -571 -403 -403 -891 291 -992 426 -765 -732 719 -705 -705 -29 150 681 832 -113 -29 -65 382 -206 961 -10 -693 -734 135 -428 -595 632 -704 -792 -658 876 -79 -530 -816 -905 262 326 -596 305 935 250 215 201 -286 -688 831 712 -539 415 735 -548 -144 -627 128 -790 343 548 253 336 784 -661 949 -707 -821 993 -316 596 630 349 526 526 -678 737 333 -392 758 -347 177 517 
-888 218 -470 -30 -274 720 -445 581 -547 718 -924 -191 -718 -580 502 -272 -272 492 492 838 312 -93 274 783 471 -27 -999 -351 -351 685 -366 729 332 517 205 -337 509 -104 934 364 -336 -956 -480 -946 -444 189 982 982 -119 -573 -43 367 -695 192 157 530 416 910 232 -587 856 -711 -964 53 -730 -210 -239 106 -477 -391 277 -311 494 494 -417 -265 397 -127 481 463 -920 -113 -193 -805 722 -593 152 794 86 286 523 328 527 750 -70 -635 -959 -173 -736 349 
-786 349 -770 -438 -298 324 -773 -304 162 162 132 -43 31 637 896 140 563 686 465 442 491 334 -611 -553 400 -189 -515 -515 -973 14 690 -35 437 846 -295 890 687 -899 948 853 45 478 -787 -180 -411 -690 965 -295 -119 -810 412 -530 -763 -911 -800 -677 -451 595 338 536 958 -574 787 -495 860 -320 867 421 -913 -474 -915 -276 864 -651 982 -880 -318 -318 -161 838 -472 769 421 -495 284 -872 267 -88 277 648 -936 -411 -458 -709 -142 -53 -26 327 742 -443 
-991 -86 282 282 -846 319 -914 -615 317 -279 -138 613 -793 535 -471 -238 -353 -277 -515 826 134 747 502 968 -511 -364 -308 -313 991 405 405 -592 305 195 529 204 246 -992 -463 -463 -739 278 -859 419 -319 -991 476 476 -653 128 -176 583 -521 945 152 692 374 374 -159 360 -507 311 182 958 574 274 -325 -328 449 954 888 -290 857 -871 -294 154 -329 -843 -877 -105 126 215 -75 107 172 822 -419 258 506 751 -14 33 710 -149 883 -676 -18 -290 -388 -542 
-433 355 280 617 -128 796 -934 -444 420 -289 -581 -402 701 -450 654 -903 -619 359 -673 779 280 817 -181 946 -892 91 55 -556 355 -848 488 764 435 974 -372 724 194 339 370 -576 -705 -411 797 -785 547 -378 -609 345 126 345 -145 -493 -383 996 801 -551 863 -118 -165 878 878 966 -578 115 -85 452 604 900 275 88 88 985 -442 18 -171 -283 -283 -275 631 134 -160 880 321 -691 -52 -793 -871 -929 -503 -719 -719 685 -579 89 802 -960 -923 -247 -750 -306 
-735 858 496 -607 757 39 -521 674 218 -811 -959 -953 993 396 -70 998 -361 -856 -755 -857 -57 445 116 812 258 163 264 324 650 555 555 575 502 -571 397 436 -897 215 -973 522 525 642 993 726 860 2 -142 875 -275 -415 -801 -820 213 870 870 455 -24 -326 -218 -17 275 216 -537 961 -208 -434 15 240 -353 -672 725 948 338 701 791 747 931 36 -470 789 -9 -764 208 389 435 436 980 980 803 -827 775 577 417 664 263 144 -392 -599 869 663 
488 805 -409 -394 -291 -796 698 -263 229 157 581 -300 924 1 686 1 -921 72 692 539 949 599 -486 539 -147 32 -916 -916 201 -801 891 507 -801 -35 724 -95 246 -328 -315 946 684 362 521 30 353 -257 182 -510 543 180 178 473 -376 -682 537 821 -520 190 20 -742 834 -68 -643 595 28 226 -408 -434 -6 687 399 -317 -575 -254 260 -769 -247 955 160 -199 961 -895 369 -8 -150 -657 1000 -276 541 -455 265 -529 475 -581 314 379 512 -299 320 944 
-695 -586 -338 124 969 413 21 -812 693 -754 47 -893 -655 605 803 -261 -255 -239 808 176 -447 -862 -979 356 -244 -609 -222 499 -389 758 879 -289 665 -937 -403 164 -724 -796 386 -702 -585 970 412 -215 -809 -196 -22 958 -572 -993 -255 -319 370 -537 978 458 849 -388 -668 106 838 853 -912 266 280 -874 -201 13 -269 -461 55 -782 984 -956 561 877 -825 -260 -499 307 187 -363 -362 -423 285 -590 -833 -218 -762 477 412 45 676 -513 -245 -322 285 -1 133 917 
549 880 -161 -576 -600 175 209 -884 -231 122 820 -421 -481 162 625 -578 954 -122 662 478 920 -77 -790 72 88 841 -13 215 -289 354 936 -336 492 -975 -799 -683 872 747 874 71 -964 -155 238 521 -51 -19 25 -802 -402 655 -593 -77 968 968 731 -268 502 826 968 -684 -646 -646 -736 -920 120 615 -892 -950 -113 -393 -840 -123 -392 247 900 -534 -725 544 8 -495 174 375 -143 492 204 -768 894 -783 -527 -322 -900 961 -908 280 -398 -503 -587 267 -249 -830 
130 -223 -510 767 717 -830 -528 -31 -722 -944 -484 -391 -435 84 160 -507 644 244 611 -736 635 121 460 319 501 -683 -445 -319 705 -560 554 894 243 -593 443 -617 634 408 926 -102 717 -567 -906 211 211 -373 -373 999 -717 236 866 -268 362 251 207 684 199 762 153 46 435 -147 840 600 576 684 -599 -45 -914 579 231 425 -939 787 370 958 -638 763 -398 911 -939 -328 -936 -180 -100 748 -219 887 751 67 -617 -729 -882 737 -729 -845 -785 -213 681 -581 
101 -348 -478 -760 -615 88 122 716 -529 -580 899 -569 -654 292 -119 -405 -877 -809 -321 -154 414 415 315 -443 -878 -781 -888 525 -111 -216 -9 457 890 -674 -809 -255 163 -706 -256 106 -248 795 795 764 -935 -935 571 76 202 -422 -409 674 -784 -493 -39 -523 -863 -573 -961 790 357 -229 992 738 -716 -635 -635 -999 -471 -435 -62 79 -892 -881 107 860 674 954 150 276 242 905 -817 -908 -208 348 164 -902 631 996 628 -153 180 -866 -905 424 629 271 468 468 
-638 -788 -650 -576 82 745 617 -197 -464 -287 -120 679 359 495 957 172 -281 -756 -716 -667 -478 652 -757 -333 -499 145 480 921 293 812 701 -545 -440 -276 -163 -737 -298 -311 -770 744 -306 -616 -647 -192 -4 220 -952 -432 -209 -248 -135 887 994 -510 520 -250 -106 -485 297 621 997 784 13 933 -916 -249 -274 -24 -322 529 -697 -581 823 -973 -169 631 -981 693 -502 520 860 383 -725 -725 -154 -922 -10 -664 -777 418 981 -631 540 703 491 -46 -996 -630 -70 283 
245 -594 987 -871 -89 -84 656 -541 708 187 878 -690 -292 0 354 -546 -639 195 838 -331 -898 329 -792 -448 55 -422 -19 -375 -784 -152 356 -67 -576 -943 435 716 374 154 -56 568 -264 900 -702 32 -678 -687 -992 -72 -112 632 664 681 -113 -29 611 -206 -182 -562 -693 -734 135 632 -706 -194 876 144 710 -902 262 -777 305 233 935 250 513 68 201 -286 540 -539 415 -627 -811 792 -700 949 76 993 431 -209 526 -678 333 -167 -575 758 -347 -947 517 -888 
-998 -274 -445 97 718 -577 548 461 502 -797 -165 312 -93 676 471 -27 -999 472 -786 -337 -671 -104 -359 -33 -147 441 -372 -957 982 982 -573 -254 -335 -151 252 -161 720 99 232 -587 856 -550 288 653 -239 -76 -477 797 494 -534 -265 674 -279 485 -805 580 -528 315 523 527 750 -70 -74 -173 68 218 -36 -770 725 -438 -298 324 -304 162 132 -43 31 637 563 686 465 442 224 491 334 739 865 264 288 -204 -515 -973 -486 690 -107 846 105 -161 763 619 
738 100 45 -869 295 965 307 -295 563 -119 977 -763 -911 -451 595 -620 284 -866 860 584 867 -913 -965 -664 -175 -550 -356 -287 70 -335 -793 874 -472 421 -495 284 -872 -88 -754 277 -936 -458 -709 -53 -142 337 268 -991 12 -428 -846 -700 -914 -269 140 319 -946 -116 504 -311 219 -240 -394 468 988 -265 -437 261 144 783 860 674 -410 -207 -330 494 554 -414 -375 -979 -751 723 405 -96 -473 -609 491 -34 694 -385 -376 -261 -395 611 433 540 -708 -868 957 -890 
-964 191 -716 49 10 114 403 -953 181 272 104 317 -725 613 -830 -499 -353 548 -603 809 -214 -682 -511 -364 727 -459 -663 -136 305 195 -956 204 -992 -739 -198 -680 529 691 -68 -1 -49 -176 583 945 14 -365 696 -452 311 311 -503 -21 274 449 13 954 888 -868 857 -294 154 345 621 -766 367 -235 161 -344 821 751 -14 33 146 -373 883 397 -913 230 306 355 280 463 796 -794 896 163 703 -670 897 -402 380 -765 -903 359 -673 779 817 -909 -240 337 
353 355 435 724 505 339 9 755 -705 440 730 797 -785 450 440 682 345 -145 996 801 -551 -118 -755 164 719 -578 -95 452 604 900 275 -46 -412 -950 -283 -75 0 -781 213 230 -160 -76 -349 -820 -929 -297 -719 -591 381 802 -822 -960 -437 309 321 -126 -735 496 -607 757 443 674 -982 496 -607 757 496 -566 39 218 -40 -959 -953 336 396 -70 998 -361 -683 -755 765 -381 -57 445 116 812 258 -404 -878 579 -985 502 -240 397 436 215 -884 -909 550 -425 
2 688 -142 -415 -801 -820 870 -24 -326 -218 33 -891 -537 -386 794 -444 854 -434 -189 732 -353 811 390 878 40 949 338 -576 154 747 -470 -979 32 389 977 -743 930 775 234 977 664 263 384 -392 852 25 115 -527 978 -219 603 -660 -446 -300 687 -450 -701 949 -342 371 544 201 507 891 -801 -494 -534 -328 408 324 684 672 857 30 -556 -257 182 180 178 -376 859 537 821 -520 -742 -347 -643 5 226 -434 758 917 600 183 -776 -338 414 803 46 -290 
-903 -332 1000 541 -125 -455 95 -123 917 475 314 -507 149 285 320 -276 94 969 -548 -430 21 -953 693 -754 47 -995 -655 -813 -261 868 808 43 176 660 356 -206 759 -664 -293 758 879 341 -988 -392 612 -824 917 157 727 -161 -198 -600 -135 998 -521 -758 122 820 705 162 -578 -193 -648 -899 -552 -948 435 72 -883 -695 841 -13 72 -568 936 -336 492 -799 716 659 92 -964 -155 433 -834 685 349 25 655 796 -77 968 737 850 -268 -596 502 -3 -684 845 
-736 -920 120 615 -892 -295 -384 953 537 -946 900 -100 -845 460 544 -495 -511 148 -378 894 -527 -633 -322 -900 -890 -908 280 -587 267 -830 130 -591 -319 -76 128 -764 -257 84 644 758 975 -140 -736 7 -50 -778 -683 626 -44 -616 724 -951 829 443 -617 -92 926 -431 -353 717 -567 101 841 -717 527 213 -72 -424 588 602 -893 386 -182 153 46 -147 600 654 -599 -677 641 271 -939 -693 -732 -18 -72 -398 911 -220 -939 191 -418 190 -586 -224 751 -126 -617 169 
-213 101 -423 -542 -950 -615 88 122 716 -938 -691 -569 728 739 987 18 -817 -321 637 -304 982 -781 530 -350 786 -9 457 890 789 -674 803 163 -706 106 -397 959 -858 -422 667 -98 -442 -784 -523 967 -573 790 -381 -229 -674 534 -716 -644 -471 -716 282 -869 307 10 674 279 242 188 905 -817 -500 -219 846 315 631 769 996 -459 180 824 424 -316 -704 468 -688 -841 -81 -81 -440 -584 -691 587 -530 -654 410 -64 -767 -767 266 -488 316 670 995 -311 804 -423 
-826 -999 925 -624 -962 -858 910 726 -967 521 417 212 165 -975 -651 -497 732 345 573 678 785 553 -801 -477 696 931 905 -984 781 22 -522 -201 836 -971 419 -485 646 -227 677 -491 941 -124 140 483 -747 -755 -937 -839 345 -391 9 313 -626 -418 -328 -865 248 955 906 110 63 375 -751 -414 762 265 -175 -266 -784 -666 -313 894 -124 600 551 -464 899 189 999 316 -827 658 -95 -755 614 -550 689 -933 212 83 -604 788 -727 -348 196 301 -199 436 -237 -663 
67 -322 -310 -509 873 -517 -144 -950 851 31 -887 738 386 -314 -841 -570 -27 -976 875 706 585 -181 -641 -364 -211 -914 378 739 161 -71 -921 -571 -46 817 371 -605 301 -464 726 180 869 -867 -509 858 -785 -849 -841 -248 -416 862 333 294 530 750 -489 82 311 816 -814 -266 811 -741 -378 -725 77 443 -658 -440 -247 46 388 -957 687 427 860 125 868 50 -192 -650 644 508 923 -585 91 135 -173 -186 -319 -605 -105 -110 26 -981 -151 -560 -78 735 621 236 
244 -804 541 2 -880 -277 533 -334 610 -98 934 -379 592 450 -593 -97 802 -667 -390 -577 163 985 256 -516 -805 838 778 -494 -79 543 424 -264 455 -455 232 -266 935 157 -957 -455 571 -174 -288 -946 -340 -709 -102 569 -340 -350 319 -638 -59 -650 -576 -565 965 607 745 -396 617 -197 -287 -649 -649 -306 359 495 335 -815 172 -755 -281 -667 -246 -850 707 707 -757 843 230 480 921 718 293 812 -851 394 336 109 -893 453 -163 67 -429 -311 -770 346 68 744 
70 465 -306 950 -257 -647 -192 -923 84 152 378 379 769 -209 964 850 -246 887 994 -510 -687 -250 -485 936 -527 948 -843 -854 453 140 -620 933 -916 -934 315 -1000 -769 -274 -148 -322 22 529 -697 823 -973 -973 631 -481 693 847 -623 860 -779 -653 -725 -7 -608 -325 384 -10 -664 -19 -833 356 488 283 -720 540 809 -421 -620 40 -996 -83 -630 -70 574 -426 515 22 -315 -261 469 -871 63 124 -330 -541 672 187 -25 -355 -292 87 354 183 265 -326 195 838 
-126 -859 -898 -792 -448 978 570 -375 -784 291 -918 84 727 -570 223 -468 435 -626 -886 995 568 -264 370 225 225 718 32 -678 291 426 -992 -112 632 648 -705 -467 -467 681 832 -828 -29 964 -206 212 -946 -278 135 632 147 -155 -706 935 -763 625 349 -902 -682 -121 326 305 -596 -608 -608 941 513 -786 201 11 -999 -688 131 844 -126 415 -402 735 -548 330 127 -849 255 330 576 -795 -790 343 852 233 -700 784 949 949 76 656 431 -543 79 -638 526 -975 
-87 523 -392 -575 758 -347 -581 177 513 -888 654 -998 -274 -991 78 -279 -580 -924 -924 -577 -651 461 -643 -942 -121 889 889 730 -740 -37 981 676 957 174 -27 -999 472 -366 729 868 205 509 412 -796 934 -295 -956 -399 -277 916 688 322 322 -48 161 -254 -335 192 367 252 686 157 530 416 99 910 757 709 115 -980 224 288 653 -239 -477 -38 -38 620 87 -383 -352 -534 397 -683 -127 674 106 -936 -279 485 -805 -369 82 -603 315 -390 286 213 750 577 
-713 -116 104 68 -574 -669 -36 725 -10 -438 324 -447 351 203 -339 -250 -883 -81 896 -82 290 -948 465 442 224 -39 491 -259 722 865 -553 400 827 -189 -515 -83 14 -17 -302 164 -107 467 105 -161 413 619 738 -61 200 478 162 295 -869 162 295 -6 402 307 563 -810 977 -323 -314 880 -800 -163 -861 -630 -919 449 -620 -215 -574 235 -225 629 629 137 -463 -913 -965 -853 -175 -550 -676 -651 -287 -880 -335 -793 874 838 182 -818 -495 412 -160 517 517 -754 
277 -936 106 -389 -53 -26 -142 387 742 -991 -991 12 -577 -577 -365 713 -77 -914 319 -946 464 -249 104 -311 26 -240 -607 -766 988 736 -59 261 144 25 783 860 -284 688 -271 -581 422 -675 -414 -879 -979 -751 421 432 -128 -473 74 566 -145 490 -385 -376 264 601 55 540 -755 817 -473 480 198 -538 -535 -716 -319 -953 -571 317 337 -953 181 -992 -268 -268 960 -725 613 -383 211 886 -937 897 -463 -332 586 163 278 502 -727 -20 727 -856 -312 -663 578 -136 
-32 -910 505 246 -89 108 927 278 -859 -763 67 53 -318 -729 -353 691 -102 476 -690 -417 -290 583 -521 152 219 374 696 -159 -452 311 -451 574 332 532 246 -328 449 13 888 -982 -290 -868 27 676 -530 -294 476 154 621 -105 126 324 -235 172 822 -419 -78 -598 751 -14 -909 710 -373 -149 497 -913 -799 -290 306 280 617 463 796 -303 -444 896 420 -683 308 574 -839 701 -572 -213 639 -94 229 770 912 817 -909 -892 969 -237 -790 793 764 552 435 -797 
286 -788 598 505 -284 9 -449 440 -411 797 -785 -378 440 -251 937 335 413 -145 -700 -65 801 -118 -302 -165 520 597 878 966 -149 -460 -95 462 -655 -671 366 328 333 612 -90 18 -950 -171 435 527 -488 -75 -170 134 -160 -799 659 -349 -328 -820 -712 -297 282 -719 685 -591 -591 381 802 3 -617 -923 -700 309 321 -735 334 -607 858 334 496 -607 -566 39 -521 259 -44 69 -959 -682 437 -599 955 516 -168 -361 -683 797 -195 -857 765 -381 -57 692 -205 5 
812 438 163 324 822 579 -699 575 -240 259 436 552 89 -886 -884 525 -985 -909 726 -425 688 -950 875 -275 -415 -18 746 746 -423 -24 670 -623 -75 33 -891 208 -537 179 -168 -208 -874 -444 -874 -8 -542 -189 15 528 390 898 -645 217 -825 -576 -863 931 998 -470 -994 789 -955 329 32 462 435 977 -743 -935 -955 -509 -998 234 256 417 430 263 247 947 623 623 -633 115 805 -527 763 -796 -898 -584 -467 157 874 -446 924 1 934 687 467 501 72 692 
539 949 347 -486 211 -147 32 544 -916 891 -801 -690 -35 14 -95 -795 -422 -315 324 684 -256 353 262 100 -228 809 833 180 -858 -682 615 -272 821 -644 -521 -347 -643 -878 -256 -434 468 687 917 933 -317 -254 260 -338 414 160 549 46 -873 -332 149 -125 -629 -529 443 475 -808 -581 512 917 -299 -583 -276 813 124 661 -548 21 -953 -812 693 755 47 590 -532 605 803 -885 -239 -84 -662 43 -447 660 -342 -40 -244 -222 15 499 488 569 879 10 665 -953 
-990 -392 -112 157 727 562 -990 -600 175 -135 998 185 -231 -795 -130 -787 -578 -193 -903 525 -490 -552 563 373 -883 69 69 -875 936 544 439 151 249 872 -728 92 -856 -964 -223 521 -252 685 349 -279 -402 796 -653 636 -593 980 968 850 -921 21 826 -3 634 941 853 853 -345 -610 -784 964 -451 3 542 -20 168 -402 953 -946 -484 -798 816 -845 -534 -568 -322 174 -273 -61 -50 -768 -783 -633 -633 -900 -890 -908 280 791 -503 -587 267 788 456 994 -591 -319 
691 -140 -76 661 941 -31 -722 -544 -257 400 -435 84 160 -950 644 658 -645 87 589 121 -970 -735 708 -778 -683 61 -44 364 554 724 243 -340 -114 -617 757 926 -709 -327 717 101 841 211 -717 213 213 236 866 -993 88 -351 602 207 386 -625 766 -99 46 -472 965 1000 -207 -599 -914 -546 641 356 -62 406 -939 -693 -674 -693 -674 -638 -18 763 911 530 -939 -328 -936 57 998 -955 982 887 -131 -617 -845 236 169 -332 -896 -279 -348 -423 -950 -596 65 88 
122 -216 -529 802 802 -691 899 310 -654 739 -72 -579 837 -119 703 -877 -817 -321 -321 896 -496 982 -443 671 671 592 901 901 -9 -791 457 789 163 -706 -806 897 -397 538 959 459 420 -166 -166 190 202 -422 667 798 674 -463 144 -493 888 -523 349 -986 -39 -381 -213 -674 738 509 -635 664 -62 -716 79 -100 -881 307 532 860 -778 -303 -303 954 -268 893 218 245 -817 711 1000 -407 -321 174 631 631 506 506 996 -459 824 659 629 -195 -195 468 -688 566 
-859 -650 -576 -565 -923 -319 321 -396 617 -197 -464 67 298 -306 -306 359 -562 855 -619 -632 475 560 448 666 -667 -246 -478 759 -757 463 145 213 18 921 718 718 -100 812 -118 -118 394 717 109 -163 -648 67 -688 -787 -770 -526 744 465 91 950 -257 -647 -28 361 -373 84 -211 307 934 -432 769 -984 -290 850 -758 801 834 -687 -250 -448 434 936 948 -335 -21 997 784 399 708 708 708 -916 -532 -769 -24 -148 -950 47 529 529 28 742 -517 663 663 -496 
631 -981 -502 -623 520 252 908 -725 9 769 175 561 -714 -6 167 -88 -141 981 283 -932 -631 -864 540 -248 491 -767 -630 -70 -501 -426 168 515 22 -501 469 -871 -89 -343 -467 -330 708 187 -777 -690 -292 0 338 183 940 -326 -639 195 838 213 -3 -160 212 -214 -413 -45 37 -918 84 680 356 -943 -391 -626 374 -56 568 -862 900 -702 -403 -403 -787 -678 291 -687 426 -159 -542 632 -705 648 -29 150 681 832 -334 844 382 -206 961 -493 -693 -734 -428 648 
-704 -792 -194 -763 -79 710 -682 262 -121 305 -64 -910 -608 250 513 -904 -35 540 -539 -470 415 127 735 255 -389 177 576 -914 -811 548 -493 957 784 613 949 76 -119 -364 431 -226 349 467 467 29 -975 590 697 -392 573 351 517 513 218 986 -998 831 -991 -445 78 -547 305 -924 -577 213 -580 -121 -272 889 492 838 838 312 -93 676 471 957 -543 323 323 685 -366 -786 517 205 509 -104 -796 530 -33 -147 -956 441 -201 -957 688 -119 322 -119 -116 161 
-695 -151 686 -161 720 -457 757 -587 856 856 224 930 288 -221 -221 -76 -477 -391 620 797 277 8 494 -417 -551 -265 -683 674 481 -814 -279 485 -193 -369 315 -593 315 86 523 328 750 -964 -70 -635 104 127 -36 -10 -786 -10 -786 -298 -323 -447 -304 -285 -339 -250 -883 637 140 563 -948 442 -929 745 334 739 865 -553 400 -204 -274 -83 -486 690 -887 787 -295 -161 687 594 948 813 -631 -411 679 -869 -787 767 467 563 -119 977 -882 -530 880 -911 -818 -677 
-163 375 -919 536 284 787 -495 -961 629 867 -463 -844 -965 -474 -915 -550 864 -356 -118 -287 70 -318 -161 -793 838 -197 787 -851 421 256 -143 457 -872 -88 277 -923 215 -411 -720 -389 -709 -53 -142 555 -258 742 -443 381 282 282 282 -700 319 899 319 317 -279 -383 -383 -830 535 -499 -238 -463 -277 734 826 809 747 -214 -682 -511 -753 -364 956 232 991 578 -136 363 305 173 -956 204 897 -89 108 -463 -629 -859 578 691 -68 476 -1 128 -417 -667 -747 634 
14 -27 692 374 696 -159 -507 -996 182 -815 431 332 -328 449 449 888 -290 -868 857 676 -294 154 -329 544 621 -766 -673 215 215 324 172 161 -344 -419 961 701 751 -33 830 -149 397 226 230 -388 -188 306 355 278 463 -128 -303 -794 947 163 703 529 958 -402 -839 -572 239 -825 -619 529 -539 770 912 -480 -465 -909 556 -892 55 -556 218 552 488 -848 488 -797 659 -788 724 194 339 370 755 -705 -387 486 -785 547 -378 345 440 682 345 337 -700 -493 
-396 996 813 774 -812 -581 414 -755 878 94 -578 993 462 -703 -778 -671 900 275 333 445 -412 -90 703 -283 435 527 -75 631 213 134 880 391 739 -892 -349 -820 -708 525 -344 -719 -676 61 -579 381 89 -194 -960 -247 321 -306 -735 334 496 -607 757 39 -521 -44 417 -618 -184 336 396 955 516 -361 -143 -195 -381 502 116 812 -291 438 264 395 822 579 -985 -892 -673 411 730 436 -897 215 -884 165 -108 642 550 -425 309 688 -142 -156 -275 -519 369 213 
-423 500 607 -24 382 871 -17 61 275 -537 961 971 -434 -918 240 -353 811 390 878 949 338 -715 701 154 747 931 562 -994 -955 -9 299 389 -296 -935 980 332 803 775 861 977 -543 664 159 384 -392 53 -599 869 58 -633 -651 -698 -527 533 978 -219 -584 -263 -660 581 -300 924 467 686 1 -921 -450 273 692 952 949 599 -342 539 -147 371 544 -916 -916 891 -801 507 507 -801 -318 -494 798 -95 -106 -10 -315 -315 -736 672 857 521 30 262 182 269 
809 995 330 -376 859 -272 821 -520 -148 -742 -347 -68 -643 28 190 -376 -434 731 -6 687 613 -317 -602 -575 -776 -338 260 -247 471 160 -199 46 -290 -895 -2 -715 -657 1000 -557 744 -125 -455 -629 759 917 -581 -581 379 512 285 320 944 -276 -586 -586 94 969 -548 -430 21 -812 -754 47 -996 -532 -600 803 -261 -959 808 43 863 -612 -979 755 -244 759 15 -293 -389 -477 709 144 -988 -305 -392 -522 556 -717 612 -126 133 -730 681 562 -576 -240 175 -521 209 
-758 -231 -231 678 765 583 205 162 625 -578 528 -193 662 -899 -552 435 72 -758 -695 69 852 322 -289 330 -336 439 151 -975 249 -769 -535 747 874 -1 71 -223 238 521 -201 369 -2 122 -402 655 -653 686 391 737 850 21 502 826 634 -684 -646 845 -610 964 3 542 536 168 -113 -393 -384 537 3 169 -845 460 -725 650 -299 -495 -495 -511 375 990 148 638 -50 388 894 -527 303 -900 961 280 -398 -569 -526 267 -830 456 994 731 -223 767 -140 -874 
128 -31 319 -544 400 830 160 -203 244 615 123 -140 635 -609 460 -778 -471 -683 -445 626 -319 872 -616 -104 -951 487 443 -701 -617 872 990 777 -781 183 -906 101 841 211 999 -72 -535 362 -351 602 -893 386 -182 -99 -670 -401 43 840 576 -207 -432 -45 -914 -546 641 271 425 -939 -801 958 787 -6 834 763 -398 460 344 -328 647 -180 190 -100 -219 751 -131 -617 -729 -882 -845 236 -729 -845 -785 -213 398 613 101 -423 -916 -542 -615 65 122 -216 470 -186 
-374 -654 -72 336 703 6 -877 -817 -809 637 896 419 -304 439 -57 -443 -528 -781 525 525 782 -168 786 -9 -791 -277 -674 -255 413 -256 106 -397 538 764 459 -935 571 461 -934 -462 -98 -463 -442 954 888 -523 967 109 -39 790 188 -213 -674 738 509 990 -635 -644 -288 -364 -62 -716 -100 -881 107 10 727 954 279 150 276 188 245 -500 -321 348 164 315 631 506 996 628 -616 -850 824 -905 659 629 468 -16 -16 -511 -841 -845 -845 -81 -81 -884 -440 -51 
-56 173 -691 -886 229 -530 -525 -793 410 -923 -767 92 336 -267 811 -488 -533 -533 316 -136 -136 491 536 -311 804 -246 124 -423 -422 -826 -445 -118 309 908 908 925 994 874 -962 -858 -777 -317 -786 726 -967 521 561 -843 417 511 733 314 -654 -525 410 308 -64 -767 -936 266 -947 361 361 316 316 533 -213 623 652 -423 -826 -633 7 908 -593 -962 237 -317 -88 -88 -967 561 -843 -300 487 124 980 -164 -364 -497 -49 732 -613 300 678 785 805 350 300 -699 
414 816 830 905 509 -737 409 591 -274 62 -201 -971 252 -765 646 677 397 -491 255 -814 140 483 956 -883 -747 481 -937 330 609 -656 -391 9 -467 -626 -418 -328 993 -161 -373 34 955 792 505 -821 63 698 375 -897 -751 412 -622 706 -746 265 -175 -337 -784 -666 -614 -586 -383 -124 600 551 -928 -261 237 794 -735 999 999 316 -136 128 -384 -95 -755 -799 594 -107 -143 -715 -463 397 -776 396 -940 450 -381 253 -905 811 933 53 -211 843 -392 590 659 391 
-650 -724 604 -491 -262 -645 -759 -759 996 -388 -441 -918 815 902 964 -761 995 -581 445 970 -441 -558 -330 510 -235 724 -257 189 -933 212 83 -270 -604 788 837 -716 -616 -408 522 -392 436 -137 -663 -796 -518 -322 -574 -290 -509 873 611 611 -78 -950 889 851 -375 -605 -369 -965 -657 -426 -537 -557 -841 -27 971 674 -313 243 585 -181 -817 608 -364 -211 -914 -640 482 864 -309 678 -571 979 740 51 -319 -332 -967 726 -37 976 21 -140 -235 -867 -509 858 -785 -849 
-248 -842 -121 -199 800 -467 -639 750 870 82 579 757 241 816 -195 811 331 -590 -725 321 -828 903 443 -282 -640 888 259 -347 1000 447 -625 -89 163 427 -177 860 380 -832 868 534 316 -975 -349 644 508 -585 91 135 -24 -803 636 -605 -105 -110 26 -204 71 565 -697 685 779 -857 730 789 -157 236 -653 840 541 -667 61 882 -757 610 934 -127 -379 -721 450 -593 826 433 83 143 634 485 300 -577 163 378 985 983 -572 616 -896 -805 838 778 705 983 
-937 29 -702 -553 -264 -455 -177 613 -373 -266 -356 157 -451 552 -455 571 -174 -245 -340 -127 569 -350 477 -12 -860 -101 571 447 -95 -104 242 97 93 -90 -773 -753 788 247 371 -187 -977 914 866 972 713 -694 600 59 361 858 -205 -42 -397 998 132 -79 609 675 368 -905 -548 253 -81 -239 14 15 -452 -323 374 910 -739 736 -408 841 159 -819 -928 447 -881 729 -392 519 94 350 -526 963 -543 694 -970 -927 966 -655 256 784 422 621 -100 -210 943 613 
-62 222 -634 890 824 893 194 -959 681 921 -545 -857 758 387 286 260 264 -821 -296 364 -621 -385 -901 -111 -102 336 954 462 -952 -769 -806 -649 -545 -339 113 -544 438 557 -57 -666 -535 129 996 761 194 216 299 419 -373 330 -809 484 -438 -910 -781 -648 383 -299 -186 332 143 954 -800 705 -877 477 -639 -381 -102 -997 -850 -601 657 650 -531 -212 805 651 -815 648 334 -759 516 570 415 909 -644 -517 -414 -823 949 -222 -834 314 301 -858 -144 15 841 511 
-943 -218 187 967 -487 -11 -715 -254 -608 647 -390 -113 213 -591 -5 320 161 67 838 -378 -442 -189 -831 -680 -799 79 -645 -560 -730 569 281 -242 331 789 992 662 -840 458 96 593 970 -130 -28 868 -180 551 -58 489 734 691 94 -203 -632 -799 283 525 -985 -952 -117 614 756 6 598 273 -764 165 664 -451 487 823 951 -707 -651 131 -670 -555 -699 823 146 -821 318 511 709 -635 447 -628 351 -981 -335 734 -776 857 -570 235 122 756 766 -918 63 373 
-674 -222 285 -287 -463 775 412 933 207 864 32 -914 -401 -750 37 -712 977 -456 -393 -336 -684 115 -963 38 -406 158 -85 269 266 224 -662 580 -257 -695 994 -317 529 -913 -705 287 528 552 452 -292 916 -310 -743 -574 42 123 -550 60 265 170 55 -25 250 -182 -192 55 395 -604 -780 238 -489 -786 409 -126 570 -561 -205 975 -420 -449 791 431 203 -565 395 -218 569 -851 -93 -456 -291 -164 -898 997 -802 -502 -806 -874 -462 160 402 912 -853 -169 173 -228 
-442 -811 -562 461 -750 -689 -190 371 -708 505 104 -45 462 -643 894 430 89 -136 490 -529 -307 440 -26 -176 612 132 -356 996 -317 252 517 -222 996 -594 -746 394 -151 -126 -605 478 -896 106 -999 -891 662 288 851 -163 -71 -174 -655 -185 -114 -63 -620 692 393 610 175 227 799 -575 100 769 -78 -994 -420 666 -214 929 -620 -320 -155 909 567 -342 653 -416 -90 231 683 389 94 715 804 929 103 -399 -57 559 973 -138 651 520 526 26 -7 699 990 -246 
-842 933 450 995 879 423 797 182 403 -972 -418 -82 -495 210 666 411 475 616 301 600 -125 -891 588 38 -359 -88 771 -453 -192 -274 -552 455 27 -716 -354 -968 867 368 -366 -573 540 -382 905 218 239 714 576 538 969 -656 205 -1 -839 -322 552 398 -149 139 -17 50 -482 -155 -207 -459 173 -112 -348 462 391 -851 567 334 -390 539 -918 -210 208 -851 -64 120 224 -585 -959 193 -797 917 34 751 -690 -368 168 859 -811 -835 861 -811 821 123 -148 -108 
-879 -206 -304 -7 -214 -184 -73 -617 -366 762 -208 213 -990 -530 661 -779 -127 909 -748 63 -848 -601 -619 795 593 -691 603 130 346 -336 731 349 513 297 944 616 -911 56 -93 -823 -458 760 -655 337 -961 342 -981 855 824 670 -792 374 554 -201 -761 -464 -311 -587 -417 -891 775 -554 -679 -787 -904 -852 709 -730 -824 102 -348 -17 199 -134 -507 111 907 -449 -628 943 242 -571 421 -785 494 762 944 75 608 -790 -3 644 -150 527 729 886 817 -494 -16 -558 
600 129 -113 -600 191 -806 -228 -120 -215 432 -136 -934 919 130 496 173 653 39 278 -720 338 -615 -431 813 750 168 -462 956 162 -550 -997 312 849 -823 349 155 -870 116 -421 -510 -779 92 62 812 -388 149 888 80 -538 75 -931 -260 694 33 -742 -979 862 -737 -271 -443 714 -694 913 -225 -395 806 -44 -628 -826 9 -147 270 813 -480 -875 -340 243 -74 -522 -601 -397 445 196 22 100 -551 -902 -625 -972 238 370 669 618 -279 -713 -537 -653 324 676 -757 
506 -333 337 770 -641 -925 278 139 922 89 53 -299 30 643 -466 542 -302 743 896 -149 969 -862 728 780 -681 -673 279 -974 603 245 -455 -474 851 168 -919 -30 -76 -944 -854 670 675 -90 24 -924 72 1 400 652 336 840 -928 -744 747 -830 -912 595 -127 466 331 -758 -175 257 -458 800 948 261 676 -82 239 -480 -917 -105 791 314 216 -976 77 -221 573 231 -243 -59 -537 -568 -598 176 -677 792 -878 -982 887 629 -192 454 348 14 -566 521 -768 -459 
150 -640 -213 804 124 -422 -815 -999 908 -491 -962 -777 910 910 726 -967 -967 521 561 -843 -869 -31 -682 -123 -651 -421 601 20 -204 -613 -310 300 770 437 785 553 -801 -58 414 357 931 1 54 409 591 -978 -522 -981 293 -661 -695 252 419 -765 646 -242 397 -335 -491 -352 -814 242 -984 -883 -673 481 330 -971 609 -391 357 -388 -626 -418 -280 886 248 -854 955 792 505 110 709 709 -97 375 -751 412 762 706 -746 -642 -782 -337 -666 -614 790 -124 860 600 
551 -967 -464 498 237 -940 794 -378 -200 999 -827 658 -95 -755 614 -327 594 -107 -143 -463 -525 -116 215 -817 205 199 -381 253 -905 -495 53 209 843 -392 -115 874 -116 255 -724 -491 -262 988 341 -241 970 -441 961 77 -928 -413 804 995 198 64 488 -882 -558 -568 510 -235 97 689 296 -539 83 -139 939 455 837 -616 -348 -408 196 301 -392 -908 -237 -611 -796 99 -534 461 -509 -438 873 611 -78 -29 851 -375 -814 -605 -887 -657 -426 -537 -537 -841 -175 -122 
-976 875 706 220 585 -84 -817 -364 671 -310 378 482 -71 678 -571 461 979 817 371 913 301 -967 -967 -912 180 -987 725 869 -235 -867 681 846 413 866 -248 -842 -268 333 -467 530 -511 750 870 295 -915 757 629 -160 816 -814 811 -741 -378 -191 77 5 88 -916 -640 -440 888 -634 -868 -635 146 336 -89 427 306 844 380 399 868 534 71 -406 644 508 -585 462 -440 948 -845 -319 546 554 -436 348 -204 292 -560 623 211 779 735 621 559 236 397 -106 
434 -16 2 -31 -277 533 -757 610 934 -379 592 450 901 462 -97 922 -667 851 -390 300 -577 -392 163 -508 -435 985 -572 616 -516 -805 139 478 216 141 -79 -937 401 -553 178 264 -455 -177 232 -266 -356 -273 192 257 -376 232 201 875 -946 -709 -981 269 -220 715 -211 702 -307 447 -95 -202 57 982 -1000 555 -189 644 958 5 -932 -810 -200 454 947 107 -497 23 902 59 361 -247 -917 606 249 -960 -943 843 -43 -711 421 -801 238 87 624 -593 15 910 
139 675 910 396 -568 -408 636 -649 -610 35 70 904 302 -730 127 152 13 350 630 938 -491 -861 26 511 -956 -5 -959 530 513 -872 429 239 -701 929 -350 222 -634 537 640 36 455 -796 -57 -592 148 -763 90 -570 -706 -77 264 986 -296 -344 -380 442 719 -49 -471 928 -408 334 -120 997 625 -439 -27 -473 11 -257 -360 -712 418 814 306 30 -73 761 194 216 717 -362 -779 -373 330 -809 -705 172 973 -993 -648 -575 329 256 -186 -990 -180 -140 585 -800 
-218 -31 -910 -566 -381 -241 -997 321 -601 777 -489 881 -152 476 -116 987 -922 559 379 -305 -222 285 456 -618 130 435 -772 680 -378 -237 -962 257 -376 -144 204 404 933 379 472 410 143 -487 -11 -715 -254 -608 647 -749 1000 639 -588 933 -966 -146 -344 -410 -434 883 159 -680 344 625 -401 649 -454 730 281 -340 -772 665 273 -967 -554 637 176 259 -60 507 -704 -180 259 415 -834 354 955 -798 -203 -106 854 -911 96 -926 -903 631 506 -743 6 994 -821 236 
-457 -579 896 -169 918 0 43 869 -979 -516 -269 476 -360 644 -788 511 55 -238 -342 388 732 -990 -711 403 -94 394 832 -472 122 351 925 -690 582 432 -125 -184 623 -314 -463 225 -195 933 -101 -765 664 742 898 234 898 652 138 -456 -615 37 6 983 642 344 -405 114 649 -560 295 110 35 -847 752 -710 -28 830 -225 -100 17 -828 -389 -914 556 671 916 -310 -532 258 42 -122 417 770 432 -309 690 329 -438 241 -21 -422 734 -919 -303 124 -949 521 
651 -382 -842 -205 975 270 688 -72 -562 279 -749 -650 162 517 734 -651 157 -193 -329 -164 -342 556 211 607 543 220 976 -825 250 182 235 -437 103 -228 430 73 -995 -998 774 -576 -72 857 -378 -313 104 36 -626 627 -758 -796 -817 553 194 -711 -646 188 538 612 132 -356 537 -812 329 926 143 996 104 -746 394 -151 819 -605 -710 -896 529 276 369 -346 -429 916 736 866 -97 -879 -651 654 445 -300 -126 224 -267 454 807 814 -166 484 -946 -78 355 -228 
289 666 65 721 -712 -927 556 92 567 -342 410 -416 -90 231 -693 781 644 889 715 804 929 103 -898 -336 703 -476 52 457 900 526 -257 300 -65 -567 -979 573 352 -48 -111 686 995 -659 182 403 -972 -418 356 -473 749 -945 -410 751 -454 194 -48 970 304 -31 678 457 53 109 771 -453 -192 -274 435 -998 -709 -721 775 948 490 892 -126 354 356 905 168 394 808 -76 728 -455 -257 293 -976 -50 -12 684 -225 977 103 553 -471 29 -155 579 -6 163 
282 277 462 -44 954 956 -408 709 414 -337 276 -117 208 -873 673 -582 -511 -531 831 740 537 -948 448 -970 -273 -515 150 661 756 398 861 -958 858 123 -148 -108 -50 -496 961 -844 -570 -206 287 -731 862 748 213 -871 365 111 494 -949 -895 -776 -848 -438 319 -765 -213 660 934 -375 -48 556 1000 192 566 459 776 -436 -525 56 -93 -198 -14 760 -495 786 -386 972 793 979 253 -761 -317 300 -433 -866 -802 -866 -289 -820 -496 394 -561 260 -700 -30 -197 -835 
496 -418 775 552 512 -348 571 945 -362 -842 -566 502 -484 -663 884 238 -446 -620 -609 670 762 335 569 -257 -790 -87 -460 -995 -892 -661 -36 130 14 -16 -991 90 46 -528 169 184 548 456 -199 622 -529 -145 796 -40 -898 -939 -893 -785 -935 278 -907 338 -615 92 460 457 -348 -868 625 -459 150 -457 -159 779 -823 349 -840 781 180 -431 420 -213 -65 -661 382 631 -184 -676 -536 -45 417 -85 -610 -747 -389 833 -662 -320 -550 -415 132 -487 -918 -616 -270 921 
-225 -478 65 -1 828 312 -514 393 789 294 -418 250 -398 -733 243 -200 143 954 -656 -871 -719 195 883 501 -850 233 178 170 -959 502 618 296 -992 -537 -765 902 -942 -31 -589 129 630 610 571 191 61 -132 -740 49 522 228 -983 -843 -82 -596 106 -302 -877 912 -133 611 -84 540 -624 241 -60 466 -526 -626 472 -237 -475 16 -65 788 -4 -260 346 359 -800 562 818 -517 -924 929 377 -854 -710 -905 377 997 975 -131 107 -725 -346 -127 466 -868 602 -458 
575 -733 511 -777 681 -514 -77 -218 -258 109 314 -44 -13 77 41 358 -274 653 -378 792 310 -568 -598 -436 -481 792 -878 -982 887 495 -526 141 80 -891 917 -530 -407 -459 -58 -399 214 736 -712 -489 -155 -642 -323 -394 199 350 -638 -788 -650 -565 -319 774 -287 -120 169 359 957 -781 448 -716 -246 -478 -757 -333 145 -128 480 718 293 812 -118 -545 -440 -163 -648 -298 -787 -787 -770 -526 70 -306 -257 -647 -192 -4 -211 -952 429 379 960 971 -209 850 -135 887 
834 -687 -485 297 948 -335 -854 784 140 933 245 -934 475 -1000 -769 -126 -24 -148 -322 22 529 28 -517 -169 631 -695 -502 860 383 -725 -7 175 561 -6 -19 -777 -141 981 -720 -631 -794 540 703 491 -46 -996 -70 -501 -426 -315 469 -89 63 656 -798 -541 187 -355 -690 87 338 265 -326 195 416 -331 -792 -448 -214 -375 37 694 -918 727 -67 435 -626 -886 -33 -862 370 -702 32 -381 291 -992 -112 664 897 -467 681 832 -334 -29 611 131 -562 -946 1000 -501 
135 648 147 -194 830 349 710 -902 -777 305 935 -608 68 201 -286 -688 131 -539 415 -144 -627 -795 343 792 -700 784 613 76 993 431 -226 -209 -678 590 -167 -736 573 -581 -947 517 513 654 -998 -991 -445 78 -600 718 -924 -191 461 -643 -121 -272 -165 730 -93 676 -543 472 574 729 -786 205 -337 412 -796 530 -33 -956 -372 916 688 982 -119 -254 367 252 -161 720 99 192 -587 -980 856 224 -550 -210 -239 -477 620 -383 8 -551 397 -127 674 -920 559 -193 
722 794 -390 286 523 527 -964 -70 -74 104 853 -36 -438 324 -304 132 31 637 215 563 686 442 442 491 -259 -553 288 -189 -973 14 164 846 -295 763 619 948 738 799 100 -631 -869 162 295 965 -295 -810 977 -530 -763 489 -818 -677 -451 -861 338 536 -620 -215 -574 629 137 -913 -965 -44 -550 -118 -287 -318 874 -197 -851 421 -495 -872 -88 479 277 -411 -709 -142 143 742 385 12 -846 713 -77 -914 319 -369 -992 104 -279 -138 -383 -830 -499 548 -43 -603 
586 382 747 502 -717 727 991 -592 -32 505 204 246 -89 108 714 -739 278 -198 67 -680 -318 -542 691 476 -653 -176 583 -521 152 219 -452 169 311 4 574 -21 274 246 -328 449 954 -868 154 345 621 126 367 -235 -344 597 751 33 710 -373 397 -913 8 306 280 280 -128 -794 -917 703 958 897 -402 380 -450 -825 -903 -94 -673 779 280 -465 -909 -240 -237 353 -797 974 -372 724 505 339 -576 -705 -411 -785 -378 345 335 873 337 -187 -396 801 774 -812 
-302 -165 -755 520 878 966 719 -578 115 452 604 275 333 985 -409 594 -171 -75 631 230 -160 391 739 -349 -871 -929 525 -344 551 61 -579 766 802 -960 -923 -700 231 -735 334 -483 -566 39 -521 259 858 496 858 496 -483 757 39 674 -40 382 771 396 -70 998 -683 -195 765 -381 445 -291 163 324 -878 650 -580 575 -68 -247 552 589 -886 165 -985 550 -425 688 -142 -275 -801 -820 870 455 112 -326 -75 275 -386 -444 854 -189 732 811 948 338 944 -408 
931 562 -994 -955 -979 32 208 389 435 977 436 980 930 -955 775 234 977 430 384 494 869 25 663 -633 -651 -54 978 -219 -660 -300 934 687 -450 273 692 952 949 347 -342 539 -147 371 544 891 507 -801 -318 798 -95 -534 408 672 353 182 543 650 178 761 -858 -682 537 821 190 -656 -742 -68 -643 28 226 -408 -434 687 600 -317 -602 -575 -776 4 -338 160 803 46 -903 -332 -657 1000 149 -125 919 -98 -808 512 149 -276 124 -548 21 748 -754 -995 
-655 605 803 -261 -959 808 176 660 -979 356 -593 -664 499 -389 569 709 144 -953 -392 164 -724 -796 -702 -326 970 -215 -574 391 -22 -383 887 452 -575 370 733 -393 990 -503 -388 864 219 914 853 -818 280 -399 -265 13 -269 -461 55 -782 646 -956 561 44 -424 226 -499 952 525 -362 -571 285 -69 117 655 978 505 412 45 676 -513 -522 499 -717 612 -824 157 727 -161 -576 -240 175 -521 -348 -884 -130 820 -481 -578 528 -193 662 -648 403 -948 -790 92 852 
-289 -568 269 439 -799 -769 659 92 -964 433 -834 -19 25 -402 655 796 -593 -77 687 731 21 826 634 -684 -736 -736 -784 -920 120 542 -950 -113 -98 -123 -946 169 702 544 8 678 174 999 990 -854 492 204 -378 894 -527 -633 -900 280 -503 -587 -519 -830 -818 994 731 -510 -140 -830 -31 -764 -944 -484 -391 -435 84 160 -950 644 615 975 -723 589 121 7 905 -778 -445 626 -44 -104 724 243 443 -92 -431 717 -906 -150 999 -717 489 527 -72 588 207 -182 
46 94 840 965 1000 654 -432 -45 -677 579 -62 406 -801 -693 958 -638 763 911 -939 -328 -936 57 -586 -254 887 751 67 -617 -653 -785 -332 -581 101 -348 372 -950 122 802 -691 470 -186 -374 728 -753 292 18 -405 -877 -809 637 414 982 -791 -781 -888 782 -791 890 -809 -706 380 897 -248 538 764 459 -858 -422 -98 -742 144 -39 -523 967 -573 -961 790 -381 738 -716 -635 -644 -288 -716 282 -881 -341 -778 440 954 276 846 188 -500 -720 1000 805 -902 631 506 
996 -459 824 -905 424 629 -704 -16 -511 566 674 606 -584 733 -530 -793 308 -767 244 -767 -267 361 -533 316 670 623 -246 124 -826 -118 7 -624 -858 -317 481 -786 -967 521 561 212 -682 -975 -651 -421 -497 20 732 300 -189 785 805 -801 -465 696 931 1 22 156 -274 -522 -63 836 252 -485 -737 677 941 639 483 -883 -747 -755 -971 -544 210 -626 722 886 248 -373 955 906 -821 63 698 375 -264 -622 -859 706 265 -642 980 88 -880 894 790 -124 600 980 
-928 498 237 -940 794 -735 999 999 -136 658 -609 -799 594 -107 330 670 -463 -116 396 -817 205 974 -381 253 988 353 -495 53 486 -211 843 -392 373 228 910 391 255 -724 604 -923 -894 341 -241 10 -601 -441 78 390 902 964 -176 267 -911 995 897 825 488 -882 -851 -568 645 -3 -314 689 -539 -210 83 939 901 -616 -348 522 -199 -582 -663 67 -931 -322 86 -509 -366 -144 -78 -950 889 243 -958 -136 738 -537 -505 -976 674 243 585 -84 -641 185 378 628 
-309 -571 72 709 371 -605 -332 -655 -912 180 -140 -509 846 866 -842 -121 333 530 -489 295 -915 311 757 241 679 -266 331 -378 -191 321 -828 5 88 -556 -658 -640 -247 -347 -868 447 -957 -115 -89 687 427 844 -582 868 316 377 644 -119 -440 384 -319 -605 158 -981 292 -560 211 -78 486 -888 -157 236 244 298 -16 -277 -757 473 -127 -335 901 826 -264 677 -667 -390 -86 -405 378 985 -572 -896 942 -494 -79 29 -702 -553 264 -177 232 935 -273 -451 -15 -455 
