-388 532 527 -749 574 467 -302 -224 278 186 -64 199 -58 -631 -261 -737 702 -886 -96 -476 174 -604 -802 -773 616 243 -692 -232 892 -846 -598 -714 926 -616 891 906 -506 370 531 -691 309 909 -66 200 583 691 -918 547 -406 202 -351 294 858 436 -904 225 90 584 -825 -664 397 -956 177 687 168 -113 -378 309 -930 94 -786 584 225 775 -321 438 -795 25 24 -496 -332 -883 272 -79 982 227 -309 -847 -923 -846 -449 43 938 387 59 892 66 -252 -496 610 
-241 459 -907 781 375 -799 785 -224 950 337 -64 762 -672 320 -413 -496 634 494 -126 -106 635 -877 -913 -398 610 85 799 112 892 436 -17 -588 954 -13 -88 733 988 266 149 -60 -489 109 319 549 684 -288 144 433 -542 920 -744 646 -208 -110 -642 265 317 152 -972 -733 808 127 -845 -491 865 -27 -357 658 972 -69 407 -563 413 610 -562 -24 -855 -53 24 631 372 492 272 -973 -299 -357 -309 -368 51 -437 657 -304 -117 700 -343 994 935 538 -732 174 
-470 500 433 -955 -836 619 831 -866 56 955 891 762 228 -324 -535 337 -74 -960 914 50 -114 -587 -596 387 -461 934 -407 336 91 393 -122 -788 -841 -956 -312 782 -868 238 453 -495 -174 -169 -925 986 589 -729 68 -333 -541 -749 230 210 4 843 -248 357 508 648 -173 632 808 873 950 -604 665 652 -524 56 -884 530 393 689 -115 -42 -908 161 -855 -544 -144 337 -594 -275 -998 248 -50 -248 -80 951 890 392 283 639 -917 -199 626 -93 511 -974 743 728 
103 -483 -580 -955 866 780 178 -727 465 782 -228 -669 242 -349 936 770 674 -899 423 990 632 851 860 -326 804 983 29 512 -802 7 -997 -559 -147 891 -277 -809 576 92 -101 635 901 205 944 236 467 88 56 -68 215 219 -863 -700 418 -166 -300 -661 610 648 -231 632 -397 -858 825 472 -380 188 -224 647 174 806 -245 289 -661 638 -956 -178 -312 516 -483 224 -851 517 943 -637 -506 39 803 -987 426 360 -361 -363 -892 -122 807 257 948 30 -822 635 
-608 65 957 -657 794 441 749 -732 754 -894 -109 861 706 963 -622 -45 -884 182 66 -910 -115 -886 -119 -10 834 -463 219 -122 -973 988 -58 -286 794 -812 -913 433 590 672 -986 -543 574 -309 880 -293 -736 -335 993 -480 -463 401 -340 -658 418 248 -300 835 610 319 -95 397 -894 284 682 789 301 -533 -581 754 -274 806 7 -698 290 728 -235 969 -363 -174 -373 770 100 -629 -710 -550 -334 191 -252 109 426 926 -254 -779 106 -334 264 -708 -309 -691 572 -150 
-545 582 923 -427 -903 149 -388 940 -766 -100 -41 901 114 -961 -889 -780 126 -608 643 -80 -465 935 -633 -478 -239 -945 -468 -992 -93 -786 -672 418 919 31 964 -989 -119 -48 -693 935 -22 -849 683 291 995 -644 278 -365 -993 -901 -763 868 -485 393 845 707 182 430 287 -885 -27 791 857 -286 -128 -139 -732 -766 910 -706 407 523 -3 635 962 965 -781 -174 340 278 -127 937 950 -879 344 -495 538 109 27 902 473 428 883 662 -670 -501 -412 379 -509 -430 
-139 -645 -815 -980 -673 -179 -938 -502 -589 -778 775 756 -493 51 425 -122 -725 180 -865 -876 794 424 388 -271 -545 298 965 59 -207 248 -392 -743 -362 -247 860 -965 734 -23 -850 -371 -656 -225 714 -601 -254 356 363 1 969 278 -198 -766 147 -786 658 -3 -42 -494 -409 283 530 -205 -416 647 701 -115 -160 -365 114 -415 724 -308 678 -430 373 -960 -781 -268 -721 -45 546 -639 402 407 -232 908 642 590 761 -690 512 -481 81 -138 548 826 894 643 529 -114 
-120 426 -466 49 -808 -599 -686 622 -646 478 -526 -865 334 890 -465 -828 7 -843 -925 857 919 -433 -734 12 -228 759 433 -349 257 -808 640 -682 -582 -786 -988 347 -594 507 -756 -223 195 -770 896 -200 637 -291 461 -600 951 594 663 -280 -513 -245 -772 -172 -871 38 916 -641 -315 -917 305 -53 -774 216 -502 -365 -857 -64 415 -598 850 -8 -809 -960 620 -592 340 -835 -456 -639 -50 -732 512 -771 254 431 -992 -949 -531 456 85 212 818 -477 -562 755 -450 632 
-954 835 -466 113 -246 -774 -886 184 306 764 -702 751 57 -645 834 966 640 417 622 454 -582 -580 -852 701 -787 131 650 -257 -365 151 77 -195 395 -646 -135 146 226 -839 169 -265 -809 962 101 70 767 -435 -211 -450 16 61 -48 -601 -771 7 62 598 -394 328 -30 -104 -362 -827 -433 510 158 43 622 306 -747 891 781 203 -985 632 -59 411 567 -843 839 -835 78 796 230 -62 -122 311 254 -998 -437 902 -152 -883 934 -822 -43 -31 212 -112 853 -115 
-131 835 615 -11 157 673 -286 422 -41 -711 919 525 -90 835 -343 375 -578 155 92 -35 395 -108 86 608 -787 -115 414 -507 -686 729 -580 176 -466 -195 596 -470 624 -222 220 -403 212 192 -177 794 71 728 -338 28 -913 -868 417 -915 -254 -145 -772 -698 638 -66 -46 -552 809 570 489 -821 -987 423 376 -41 -71 -228 552 -122 -4 -493 959 -103 -582 -843 -25 736 311 -556 916 -261 -992 -886 -31 -851 -921 384 763 -275 -799 327 577 175 -273 -35 -728 -465 
-609 462 470 -487 870 -128 -201 247 401 -809 273 525 -987 462 -846 -166 -446 814 -164 -411 987 638 -982 -264 835 -422 378 -374 -708 781 886 -497 -743 -817 -734 960 -800 -927 678 -146 -602 -609 512 763 -665 -567 859 171 -611 -211 -501 359 592 151 62 -714 891 -795 -198 -359 -528 717 48 -467 658 -762 247 -119 -572 -109 -395 -114 -788 -115 959 212 221 -441 -607 736 -226 92 -763 393 254 -557 -169 -112 -916 611 -324 517 -945 -686 577 -491 -607 -622 612 794 
652 -936 918 296 -856 -165 -3 -297 -119 -486 -12 -458 740 -936 -781 750 -333 319 323 -462 -771 -424 -211 478 767 -282 -717 -6 826 199 792 54 221 793 -653 191 697 -829 188 -146 -425 737 434 -53 630 -210 623 714 327 53 -199 -86 -58 340 319 -516 635 -877 -102 484 508 250 -241 603 648 639 247 911 -975 132 -669 -672 568 55 506 984 -842 -603 223 -181 -19 -311 -198 -755 -811 -891 -169 -112 184 396 66 -54 -716 289 232 -69 38 -951 -910 -582 
-295 545 331 -849 -449 545 -623 272 911 962 230 -892 521 761 -437 375 134 928 781 209 -741 766 668 71 978 -169 -334 -43 -686 314 -493 341 759 269 904 720 771 -877 188 -146 -71 -76 -23 -20 327 -987 626 -749 -473 25 -122 -436 -777 716 886 568 -114 -291 -884 559 941 129 204 436 99 -363 950 -877 -967 602 -669 228 -529 84 114 496 765 195 223 -828 -886 452 -490 -306 626 958 -627 -78 -918 75 865 -639 271 326 -719 871 -792 -951 158 -627 
-554 4 588 978 780 204 192 918 -708 -715 -614 478 -639 -801 -519 332 -763 573 -208 -923 221 766 927 553 -953 614 -138 -647 -31 314 920 -874 500 112 451 -823 570 -730 379 -806 801 283 -407 498 -711 -465 -216 278 -486 444 -138 610 -432 716 -799 -559 632 -321 689 933 -851 -661 -750 -463 99 654 -920 -877 -533 -526 -944 640 -897 919 317 386 639 548 413 -285 -768 -969 441 505 807 235 336 419 483 -538 627 123 -115 45 -604 -302 -704 329 -798 987 
227 -992 -138 -372 657 -511 461 -280 -708 480 237 -411 -818 -992 360 866 -113 -579 641 -636 500 972 -758 -597 516 -26 611 410 -179 -64 -849 408 502 -833 -758 854 -103 965 100 234 -158 -104 646 -823 529 -454 -113 -164 -140 -733 -138 -853 -782 -679 -456 288 -493 -562 977 -328 -408 594 -884 419 990 -356 918 965 248 724 -278 637 418 -582 506 -746 -561 -298 -310 574 405 -163 -971 -346 -374 885 336 -221 -363 190 -307 699 587 673 182 -415 716 -934 -170 -741 
100 -437 814 765 24 131 560 -351 663 -734 796 -456 372 -700 -62 -427 -946 921 -691 961 502 -745 -104 -267 169 -169 259 -806 -491 -64 -90 560 756 -609 -104 -157 62 816 72 576 -402 -552 471 -296 -628 -544 -729 -208 850 468 -625 939 -116 552 -296 418 -115 -452 -351 479 119 -979 497 -425 -961 -481 918 -693 764 -702 -285 886 -880 -627 -195 661 -472 941 658 -887 -413 -917 657 -462 -447 537 800 -257 -224 849 -113 92 130 -141 -248 59 -866 -911 -853 759 
17 781 461 461 283 773 -535 886 965 -925 -357 519 -88 781 -476 -871 -533 218 339 -339 756 932 61 -58 -462 -561 576 -248 94 434 -987 -273 -776 -28 -25 4 -587 -994 262 -64 -306 -741 616 145 749 736 747 549 -226 -530 611 320 95 583 523 -682 55 589 -817 -871 543 250 893 -560 -576 718 943 -94 637 -722 756 792 -287 -582 944 -508 122 -477 -793 375 -967 865 657 -547 -670 537 -35 -555 567 -301 158 -969 614 278 -930 -228 -646 -846 454 -283 
-918 231 235 -49 -361 -884 -509 -248 -693 -506 -208 -147 -54 184 -881 -903 -467 -767 -846 512 -776 -173 -976 906 99 -207 673 330 -69 567 -223 428 -546 -486 -121 4 479 199 784 -64 832 752 318 330 327 -543 178 966 -92 499 -580 -425 -310 583 -140 -712 950 962 884 -751 572 250 -222 237 175 907 886 -403 -809 -12 -556 114 421 395 -817 208 -339 438 460 -166 -716 -821 110 -444 260 451 276 -440 686 543 -636 -163 554 -603 972 -691 720 -319 -35 502 
-669 184 101 -483 -254 -783 857 -654 -22 -597 401 66 -54 -918 -690 657 922 -100 762 -859 -735 -349 -25 -880 853 890 -141 -199 -819 -612 740 -989 310 109 -149 474 -125 365 760 771 832 559 -422 444 -655 867 -573 -575 -489 868 289 393 709 -64 -598 413 -627 -693 -840 119 340 745 -150 718 -551 912 417 -685 -486 230 -865 -20 -728 987 -756 637 -887 613 -912 -834 404 230 235 -91 -43 258 -107 -732 -259 -980 648 -9 -36 950 -884 -41 394 -233 256 -316 
842 847 235 969 811 971 218 230 -685 478 401 935 668 -363 -442 13 351 764 436 575 56 -927 -121 782 -559 847 -603 174 361 -631 -453 477 -218 356 643 -256 -956 -926 741 667 -304 -328 81 267 146 536 -664 -277 106 37 576 429 -505 -612 874 -287 919 31 941 -106 -975 -969 -927 719 816 -275 -654 -973 962 -614 848 334 544 -771 214 -165 -642 -351 -723 866 404 -317 -987 13 718 -505 -411 743 992 870 898 865 567 56 174 -896 -422 -248 79 -587 
-782 -918 61 -721 682 -725 -423 450 -973 112 -485 56 194 489 620 157 320 -809 -786 225 175 209 643 -809 996 317 658 856 891 -885 186 -111 175 -33 -180 -256 284 -512 -560 -84 391 25 -342 -5 921 112 -221 75 168 848 259 652 -623 -944 874 -497 -362 959 -93 435 -66 165 -450 -838 -754 208 -373 -803 -715 -149 525 580 -966 -741 -47 256 -642 98 733 476 -974 480 934 -561 232 -224 223 -901 920 113 -33 422 220 465 680 -863 363 -569 -462 -218 
851 483 -455 -830 -411 -375 -17 -863 -973 -232 191 -914 -205 -259 -949 -856 853 962 7 413 253 496 -651 433 185 -357 56 186 -823 848 583 593 -962 -766 195 -254 873 612 891 935 -23 -871 -342 -782 86 852 783 -2 157 863 -429 -266 -13 -303 -72 52 -27 -59 -744 704 449 -900 585 167 138 -629 450 82 102 -835 -892 469 339 221 477 30 68 52 -122 555 -271 517 945 362 451 857 -934 262 122 -849 212 230 297 754 856 602 960 658 873 221 
-746 483 -829 -283 99 -777 566 916 82 512 -999 649 90 992 -581 682 -999 -715 248 -528 77 -266 195 -989 -291 -224 554 337 -823 -556 372 668 221 -313 772 61 -858 -646 55 785 -672 119 36 -545 494 -414 907 -962 -238 759 45 -468 -224 861 -997 -874 -582 317 242 536 -247 781 -877 292 -399 -639 -863 82 -534 -159 794 425 687 759 -546 815 13 -642 -314 -871 -64 -333 150 791 307 464 206 -602 -382 802 372 252 -613 -14 910 724 892 62 -339 -432 
-543 734 25 190 89 -726 -87 916 -21 -107 -254 -309 582 765 902 780 262 -250 151 357 -432 -336 450 -965 576 -866 754 -961 -226 848 372 864 -432 -41 450 354 -205 -168 -816 935 -831 119 55 -283 852 988 -833 -259 -73 821 449 852 47 -186 -58 408 760 578 -88 780 880 -849 67 -117 -94 937 -340 -550 982 -770 164 -223 192 -283 694 468 -293 -555 -550 -903 -757 880 577 552 -884 -292 329 -450 -776 -372 -204 -333 -224 345 114 -870 -435 -353 512 228 
653 -363 -53 -372 160 857 -331 834 -214 -992 -557 -412 -842 949 567 657 -304 -266 -808 -165 -92 321 87 347 896 -229 -766 -975 -41 -176 977 -176 228 580 -708 1000 -917 -519 -810 548 92 -106 -3 78 431 -902 -593 84 -479 510 673 -30 359 -285 -672 560 -466 -646 266 -386 280 534 908 -672 203 796 916 470 132 -796 -75 -223 -844 918 -701 -239 -592 -630 -491 657 -393 880 -334 791 680 -292 -18 853 315 100 -551 880 -143 -589 337 -416 -725 747 -859 640 
931 -224 -689 327 181 -446 846 834 -305 -217 -557 649 253 122 772 -259 894 -381 729 835 501 -402 321 146 34 771 -955 -894 -896 570 977 -233 22 -775 456 542 -827 535 -183 785 691 435 -999 -958 562 545 -174 300 734 612 -141 -587 -930 -885 -672 616 -771 114 -312 245 288 378 -130 -630 672 451 -198 372 -334 401 -456 521 428 982 -28 -239 -80 -964 347 13 920 620 146 -531 186 -659 -192 -476 -452 207 -857 -468 -357 -646 -71 -68 -603 584 225 773 
-945 -224 283 848 -106 -333 -326 -48 -854 -217 934 -80 0 -382 611 283 -453 935 716 844 22 706 -708 351 734 -732 -589 294 -863 -458 616 -574 640 333 -71 715 570 527 430 584 473 -120 -504 669 507 -555 -138 799 625 318 -603 -593 -892 848 -331 960 440 944 -802 457 714 -25 373 -630 146 297 663 -261 -265 889 34 256 477 -587 -486 758 -557 103 -637 -246 -227 -792 731 380 337 -698 -319 -685 -592 -66 609 819 -4 649 -961 -12 417 -582 413 -29 
-566 620 73 -793 -91 -534 468 273 -261 -217 -116 611 764 -642 44 -44 -779 852 199 678 640 574 456 960 -594 478 -81 -95 -194 -386 -205 -38 773 -618 260 -753 717 -871 -221 -359 719 749 788 951 76 -270 401 682 -554 -249 309 -70 564 -865 242 960 221 -690 -802 -927 -542 -173 843 -210 789 -556 -48 -755 -232 -495 144 186 -411 -546 646 -831 -700 -27 -418 -856 -194 264 -764 303 -961 171 313 50 730 -721 138 -449 -224 401 782 237 548 601 -528 -662 
984 489 516 -606 168 -451 925 621 -755 626 -116 -767 -582 -776 396 -361 -31 -593 552 419 773 -22 -71 -403 226 940 401 -283 -526 907 155 -350 -428 801 -725 550 250 784 -864 -530 902 -386 -587 710 764 -281 819 330 -940 827 56 823 -994 848 766 614 65 793 450 -993 183 953 -237 99 423 -801 -487 393 336 191 66 38 514 -218 -396 -777 7 500 524 682 335 676 220 -262 -572 139 -233 990 -120 340 -865 125 862 911 542 796 873 -687 357 775 
339 686 -952 470 865 -763 656 81 -707 -374 958 -627 660 315 75 -254 428 -403 -64 -714 -31 97 810 191 624 -502 -871 766 919 -147 -772 120 -952 248 -861 114 129 -636 570 -585 -742 457 26 503 -902 -715 -664 41 -479 -502 -547 989 -292 -663 637 -546 413 -47 547 73 101 -850 -186 -109 -909 -311 -560 -707 235 -289 935 -88 -91 4 -33 -131 -957 500 -286 556 -619 -449 524 696 -975 -43 -778 612 363 -830 60 -957 -504 -708 -894 858 -51 -631 835 290 
258 -582 -952 470 627 -735 536 -971 -306 -447 885 379 -847 -31 103 512 -910 -1 -669 568 -662 -9 19 -283 246 -370 -912 -920 -12 66 737 381 -31 -604 -759 -643 745 -219 209 -141 -609 -462 941 601 -967 2 349 21 -178 -653 465 -403 -917 848 706 -319 413 601 860 306 486 944 -443 531 -572 381 -248 -867 -107 -771 948 -802 864 77 -725 670 -671 -631 647 657 832 258 -88 -252 -325 567 845 -720 -993 190 203 434 -229 700 -778 -248 -122 -739 -3 818 
-649 -259 -268 -606 -307 323 -381 -77 -398 -670 268 643 905 730 755 89 -481 -697 811 288 775 393 -725 791 -492 184 -708 637 -660 -85 253 636 -662 -877 -293 -634 594 246 -714 934 755 205 941 45 95 124 668 891 212 -741 293 -474 225 525 792 -176 918 -467 274 -456 512 944 156 -908 -783 213 -77 203 -992 -501 -914 194 184 -165 467 -270 -993 -631 -727 -259 -102 -464 -88 182 210 359 611 660 810 927 672 -814 771 -708 -533 -485 -877 -612 -172 -199 
661 -407 229 -606 -113 -113 -624 657 187 -670 258 -226 -987 -120 128 763 907 160 -186 667 233 -423 -499 854 252 170 -534 -809 -149 769 -205 378 775 -933 173 -937 -386 -680 -469 -126 908 -993 969 -45 -513 813 680 -369 -205 953 345 823 -698 570 -459 -149 918 -546 -135 -800 434 869 -608 -418 -236 -846 -442 -163 254 -777 -309 668 -267 -432 -18 -61 810 -61 760 283 -378 -957 -123 513 39 135 658 -865 -574 223 -59 -113 -581 -708 248 -771 -425 243 598 132 
732 992 229 1 -774 873 279 -890 -455 260 -800 643 -455 -557 543 -670 907 160 756 -682 -199 276 -759 350 317 585 291 -486 -835 56 41 504 -181 946 351 397 -666 -919 619 311 916 113 -545 986 -817 -518 -121 -930 129 814 -646 -618 171 -892 334 782 -737 -284 388 -259 372 -908 922 -62 334 -9 -890 -462 -217 -432 -123 -829 -214 228 195 -61 -574 -520 595 728 -366 -814 -81 -843 -782 -812 374 533 -51 745 118 -318 -732 700 764 592 -22 -81 -698 -346 
343 920 -843 -446 601 652 128 235 -702 -647 -13 -784 590 7 -657 -324 -275 -193 -865 413 -223 841 -630 -680 771 585 -693 -549 -770 -309 -851 130 -699 424 139 56 -321 801 965 501 -30 -984 -545 983 -399 193 -348 -526 -263 117 352 -618 -43 -147 -131 -350 -735 -609 -564 785 -221 -213 -806 681 745 865 -338 -924 -257 -432 -412 592 -650 -5 175 -510 46 243 603 -361 -571 -136 -923 632 -766 -848 319 -990 893 -912 -572 545 478 -877 -711 -58 -522 467 -516 -958 
208 920 -603 -491 158 188 -333 -338 13 -719 -514 755 431 363 -980 -91 517 892 848 473 -346 966 -268 4 473 -297 410 646 -778 962 -767 4 -199 -580 835 -397 145 -587 -448 -210 621 -753 -701 -452 718 507 843 -592 893 767 401 -697 -480 175 -414 -759 248 724 -268 -944 646 903 870 61 -765 773 577 -444 -281 -782 -886 90 883 -898 -471 -303 887 -793 -238 5 171 -552 511 417 -915 299 62 -170 -115 733 -783 -58 940 291 -809 -238 563 -426 -387 328 
-560 949 -858 193 -636 -533 -402 198 934 -604 -224 -112 611 -671 870 865 -629 -802 525 -497 -958 -602 173 -763 692 -920 -22 -510 4 -80 -536 -474 524 -108 -519 -954 378 977 -153 250 573 785 -787 -720 336 -70 -943 -164 -287 157 911 160 -43 345 156 316 56 743 717 -841 471 480 565 -339 -978 -770 486 -702 -374 -891 611 582 316 -1000 248 -128 -51 -687 816 862 720 -318 -409 -607 359 821 319 857 440 -723 -988 -604 -502 -693 -486 -782 -922 219 -559 854 
138 122 195 472 -563 -467 -783 -924 552 451 -46 739 807 -437 -390 -380 937 994 794 339 328 710 351 983 -660 -280 -685 102 -248 803 -368 700 -258 898 190 -119 199 -783 101 -45 573 -84 835 -33 -199 328 881 -121 -8 370 -912 -441 -160 -830 -90 -829 253 646 -853 -710 898 898 249 597 933 252 150 958 -670 958 254 -842 -829 506 -604 -3 -105 -23 600 -455 619 167 -797 -426 -436 404 319 301 -42 733 -236 -297 101 -22 646 -891 871 -21 -897 623 
-165 481 -316 448 -729 922 101 -600 791 972 -892 475 -851 580 619 -911 123 -167 -830 408 -390 -425 266 -256 421 -280 -79 -534 39 538 -987 715 -346 -570 981 -524 953 223 101 925 -346 -710 -539 -249 689 837 -376 736 850 657 -877 567 -540 -456 425 636 77 -74 -982 913 318 187 110 -916 411 -333 -934 -561 -670 95 -767 253 636 -952 -587 864 -115 -413 -138 434 780 -58 -817 319 707 613 -353 -68 -702 -122 745 458 -865 -685 -715 95 -771 327 -743 477 
815 -339 548 -70 898 -630 -561 -492 791 -833 -892 -474 -112 -574 296 -307 -556 -93 -456 560 953 844 528 559 -587 -998 82 982 -495 -628 -455 747 312 -424 610 -482 565 68 67 152 928 43 -65 654 66 921 230 -898 -718 271 700 270 -108 546 -987 378 -605 -396 -211 387 -422 -463 -281 -99 -100 -735 -492 345 -43 885 -169 938 378 -487 424 -410 440 -535 902 -411 863 -604 -814 -284 -853 613 -799 329 911 687 745 -882 422 -79 102 537 94 -996 -880 354 
393 -382 941 -53 99 351 -368 33 -816 174 -994 -35 -112 68 -849 701 92 -708 519 616 -691 231 805 -254 801 -351 82 132 -495 -974 109 307 -170 766 -790 704 869 123 192 275 572 623 847 -686 -118 260 -225 772 876 -637 700 576 -108 519 -223 -969 -92 -313 -642 132 888 -145 -735 923 -431 693 33 934 -647 268 379 764 -610 980 654 -158 -42 -182 902 -88 -773 458 221 552 320 651 -677 897 118 661 844 754 247 -79 -534 -310 -364 776 -195 -60 
-552 -776 -298 -536 -246 63 573 -400 -886 -763 -698 33 408 -51 -691 601 -801 -501 66 -989 -396 889 827 479 -956 788 415 -50 147 254 109 770 -631 -478 -699 -31 -908 519 -851 275 689 -685 -981 482 169 241 -476 -993 930 -227 -892 892 -904 -85 740 130 22 467 668 -174 81 -391 -463 -386 244 880 -432 791 -604 589 618 41 -87 775 -108 461 -702 299 -425 -163 -179 -232 603 -271 -250 0 -296 -411 -276 -491 985 623 -347 -973 982 -13 152 584 473 -495 
-239 -776 -477 -821 990 -999 -61 146 463 -763 171 -951 -669 -105 203 -987 -650 -477 948 477 -495 -402 192 929 127 -853 -21 -506 248 -31 -319 686 108 -745 -538 508 582 784 508 648 -58 -847 516 209 810 56 252 358 325 532 -284 91 89 935 -639 700 640 -41 927 -271 -715 -96 -836 215 -539 819 146 552 -806 -505 618 -767 387 -728 -189 -158 344 829 237 -152 -599 -882 156 573 429 -814 193 -442 618 193 -787 379 -920 248 -50 359 19 18 -497 493 
-890 905 438 -467 -961 262 47 -231 282 -747 139 -951 457 -42 -372 -636 -969 175 -309 -411 635 -238 -21 228 321 402 -214 -597 311 -31 611 -276 -390 932 -542 687 572 572 610 928 977 -154 -414 653 770 332 18 -25 285 304 928 -802 -848 620 186 387 506 -41 -180 12 -342 528 784 566 372 -792 -725 -302 451 -514 643 660 715 -699 367 -485 -217 -622 718 -468 -774 -114 855 573 652 -896 -687 79 497 -418 411 831 -280 -637 900 -930 -260 289 408 -543 
-831 674 989 -706 304 -304 91 -725 -329 -71 -480 206 -496 -217 461 648 381 -491 -123 -319 -543 -187 -699 542 -205 -373 771 112 -777 -226 -851 974 -325 -349 342 116 995 175 585 476 98 -109 567 -21 -699 794 -28 -787 -338 566 573 -973 279 56 -572 -388 773 -18 -758 -234 919 -922 -699 -873 -948 -449 -764 -816 -884 -623 -784 -847 747 257 367 -485 47 307 719 240 -585 -114 -348 391 -266 -563 876 -462 400 -286 -100 68 943 -21 -334 -994 -930 -954 560 147 
-831 305 441 436 -204 894 265 -604 182 955 359 -934 773 944 24 -33 -846 730 855 184 256 -670 980 841 -917 -340 427 -663 -238 379 -851 531 -304 739 -505 116 417 223 -871 823 568 99 99 -80 -683 -255 -987 986 884 619 -579 994 -790 -914 38 747 -428 333 61 577 871 -904 -132 -455 327 -449 -288 -531 -833 47 -647 -847 286 -258 -466 101 911 705 -838 -324 -45 176 477 -741 935 359 -631 -213 774 647 -431 -388 532 -214 478 225 -117 523 616 -265 
-808 730 441 419 175 -363 270 -764 -608 -572 89 -911 743 -17 -66 -33 865 871 783 -214 -931 -788 569 -651 -827 916 -732 235 934 643 363 149 268 209 -390 -408 -96 -968 819 38 -558 -773 -170 101 567 -615 -568 0 175 -9 218 -973 -202 622 853 307 -29 -471 668 393 -602 -163 27 571 784 258 519 282 605 857 -112 -281 770 89 766 -116 118 -678 687 -674 230 -184 517 292 576 -56 759 -923 559 510 -438 -938 886 -879 112 139 311 -598 477 946 
-808 -120 761 902 -780 219 -407 220 946 -975 279 409 -822 -276 -721 212 -770 361 -628 782 147 861 -185 59 570 -198 -439 398 958 336 -78 590 -691 504 -929 888 528 62 574 484 941 68 41 -652 -678 820 -997 613 -315 498 -579 496 182 -309 -802 -266 -437 -824 693 14 441 571 -218 -497 663 -957 -26 -960 -274 -994 800 -368 686 132 -928 -613 118 -465 415 170 545 -639 -339 -229 -584 -17 -917 242 -207 -821 704 -384 230 427 -663 -43 209 203 -111 685 
137 -416 657 -560 -754 428 -850 645 -843 294 776 -846 -822 -276 969 -576 252 -415 -691 883 -140 -148 -754 910 717 -487 -62 -765 958 475 -78 -43 -60 958 578 572 287 361 174 -291 -93 403 -506 266 -29 -531 -118 -138 -112 -176 218 -296 182 649 616 686 -662 -771 -121 608 76 -697 312 606 -380 -814 170 -424 337 225 -474 -455 286 -258 165 366 -558 -942 -296 -91 -67 510 -24 -9 -593 949 95 -882 -323 -467 -594 -686 -340 394 512 -750 280 -997 184 -806 
-961 7 -397 237 -951 428 -582 170 -408 -537 776 -319 262 618 -830 -551 517 891 379 316 119 -831 -861 -239 250 81 393 -217 95 -622 -221 -311 -396 -266 -169 -975 -970 36 72 -84 891 71 -506 368 620 -791 141 -173 689 131 218 231 -174 -123 616 28 -813 -877 643 -277 -530 881 212 150 -508 -136 -26 696 -71 -698 -35 590 -266 -346 794 521 400 -929 718 788 -20 379 553 -100 -597 -126 -567 -386 -323 603 -851 -588 -899 483 -122 -332 494 -58 -267 531 
-705 -732 -964 719 60 -421 326 645 240 210 821 -233 -511 -729 -607 -754 -735 -228 643 636 946 92 -505 -634 697 -248 393 364 268 276 -257 473 -998 309 205 -606 571 290 326 237 -88 -246 -868 -838 225 -69 -952 909 684 -651 143 -477 613 -412 -470 770 -22 -933 686 -769 116 549 -4 337 -739 -552 170 -687 -961 139 -993 -319 28 312 -927 467 665 -343 718 865 702 785 -568 361 -474 570 550 -511 -313 436 129 -286 -198 692 -992 -790 -469 -392 -214 -211 
-705 -671 950 719 203 -2 -457 -123 325 -703 182 -904 100 400 223 609 -468 -41 -800 378 -146 691 943 -937 745 -893 -560 807 -310 -951 -875 -756 493 318 -671 319 571 844 -430 -13 266 -267 576 489 748 497 701 -616 -78 -245 -100 -719 -349 783 -205 686 233 -128 -651 71 748 543 -481 -501 -226 545 328 -608 -572 -480 -411 611 -276 661 209 -644 665 614 -838 627 -511 831 -790 -715 840 -636 718 227 -986 215 663 -3 663 -854 254 821 -106 640 -650 667 
-139 -993 446 687 672 456 107 -394 -295 -915 404 -248 -24 774 553 -865 812 -863 -647 130 -976 174 -853 397 -979 740 -370 -374 -391 206 457 441 -529 321 -225 -925 -19 678 -114 -908 -312 906 896 727 690 227 948 -182 -219 429 -95 -708 -492 783 90 -747 -199 424 -180 71 16 -150 -476 -529 -19 545 -923 180 542 -160 -411 -242 974 -631 496 405 618 772 -838 -748 77 755 -38 102 -474 423 -81 707 -157 419 -28 -623 -560 393 59 404 240 766 120 -478 
-510 -888 789 969 146 907 59 -671 814 -737 -349 845 -782 559 -793 203 676 602 800 4 -806 256 909 937 250 657 16 -670 451 223 -440 -356 256 -402 -225 944 200 -261 632 -956 962 -880 34 -48 -363 -666 -520 -303 322 756 -967 -365 390 398 582 -680 89 654 195 553 -587 986 902 -768 692 -58 -813 632 294 128 206 -37 671 854 -336 477 78 -519 415 281 -522 118 -439 -534 -728 643 467 -918 -887 237 311 497 441 -707 -811 886 952 637 636 935 
99 810 789 -398 -59 912 -602 -813 841 -436 900 611 -178 -207 -723 13 258 724 -622 -474 234 719 109 -397 697 110 187 -670 589 206 526 -484 -931 706 -770 13 -725 850 926 213 -802 733 734 -592 762 -784 -525 459 -637 -201 -778 -762 -123 736 737 974 132 -108 772 -355 -688 -293 -526 815 860 -604 -183 -408 -537 89 223 -112 496 -325 318 -152 -729 -519 -398 701 773 919 -439 -734 -728 951 -426 -24 -142 719 -170 513 -893 -306 -343 -492 -705 792 378 -354 
-303 580 479 -117 -909 -275 47 -817 -521 707 651 658 969 -365 -606 789 -178 -870 -951 533 531 -20 -169 -954 745 -979 671 818 -13 329 -901 494 147 -22 192 -782 986 419 912 -693 -913 -292 -739 -839 -28 -255 -854 805 376 587 -415 -477 390 -367 253 671 -258 638 87 -355 767 236 633 491 783 879 74 319 -700 -332 329 -112 453 -304 696 -480 400 928 -95 601 674 -917 -160 132 -919 634 -921 -782 191 687 433 -535 657 505 -507 0 -667 -493 -87 -840 
-128 -574 758 -117 974 -223 705 648 -271 -853 -123 -402 -543 146 -122 -910 -318 -68 -951 387 -211 -67 -728 -980 -979 -338 -455 718 47 -911 -439 188 -140 972 -609 288 -150 -516 422 -809 964 -493 226 641 522 324 573 947 -38 641 -95 210 -652 -700 0 149 810 -189 -708 145 610 -656 -949 101 404 -232 -788 325 -915 -790 -911 823 -43 268 706 -141 -833 627 292 -636 110 -892 -481 -506 -441 -865 -946 851 527 292 -768 -509 110 187 807 574 -675 334 533 -585 
864 372 -971 134 -783 -54 -8 -788 329 47 -123 -402 653 -217 -446 118 167 -12 206 715 771 720 105 530 165 -987 -91 -459 -892 -846 -509 688 119 393 -885 896 236 -387 -465 -247 -988 -274 624 81 -176 894 562 -638 -8 128 -95 -31 574 259 -627 -101 656 367 -71 145 -461 -656 902 -38 -974 908 603 -295 359 776 -810 -669 -986 -691 574 60 559 -4 183 -563 126 106 -532 -170 -697 371 442 -543 527 134 692 -848 235 671 -447 -634 554 292 715 -141 
-559 771 -687 -630 -787 937 347 603 -741 -425 -859 -402 0 -926 -418 -572 -58 237 -934 747 667 -787 -309 -315 -666 945 -909 451 -994 -319 265 123 946 195 -76 101 -601 -111 794 959 -687 347 -800 -227 -902 -964 558 -647 -653 -751 -778 -879 -141 -335 764 980 -958 367 -771 -771 313 -200 567 80 -271 754 -365 841 -436 -315 -192 -555 -968 -40 875 -799 -207 -501 134 648 971 -965 355 344 -219 371 142 -960 -907 -188 -523 -423 -762 -455 -43 359 -225 -90 747 -841 
-410 -51 -877 149 844 123 -65 -700 -579 716 -563 319 -295 -887 -286 -988 -297 -770 223 686 -478 826 -849 -362 -314 417 -885 -199 -292 -319 853 724 685 841 -743 -177 -191 -286 -362 317 388 -470 697 -454 -686 854 -822 818 685 694 -533 -491 -634 254 41 -968 661 -466 606 -665 872 -835 384 -737 -704 755 -700 238 610 182 -319 -496 473 -396 972 -203 607 -62 626 898 -725 883 -971 336 -441 -772 -576 -103 957 -538 404 493 198 -156 718 720 -859 469 770 -126 
461 893 -261 318 745 123 -908 -120 -767 652 -739 886 634 -701 647 745 458 858 329 -250 935 843 -225 -528 840 927 934 62 225 -233 -476 642 -146 -809 407 434 -835 288 -627 796 -734 351 771 -585 311 236 -85 966 660 869 -283 -491 -634 362 477 473 108 975 19 906 -239 -563 1 -626 -229 755 -915 -521 707 182 -233 773 371 988 97 28 -465 -476 -233 -33 7 645 9 112 567 -664 568 -295 -815 -908 -271 -541 -205 -885 451 -17 -844 -987 -250 -257 
-158 -115 -413 -538 -263 -556 -875 855 -100 -302 830 588 496 702 510 844 -882 -208 -846 466 -354 54 676 508 534 -400 28 -833 -659 -778 -685 -95 -146 746 -552 -23 681 -743 965 -195 -754 -403 692 965 265 -267 10 -425 849 339 248 94 -56 127 -646 371 623 165 -861 -880 -228 -53 -663 337 107 510 -915 329 -853 -174 -248 743 -756 600 393 -29 146 -690 318 -889 961 81 799 512 515 323 86 -566 -815 -600 -191 -901 -933 28 62 -96 -468 -223 -276 -580 
-501 440 -535 531 -978 92 -641 346 -95 -266 -985 238 386 191 -727 -978 176 -248 -233 531 -840 205 -770 941 -148 146 -816 910 112 -569 50 -377 -933 -602 -496 -77 -353 -682 760 -868 -982 191 -660 -678 -685 -596 96 -87 34 775 764 -69 717 365 -767 -25 354 794 547 782 -228 -463 -663 770 914 -302 446 329 47 -349 611 -822 467 -529 195 230 146 -690 -109 212 533 -34 373 235 -866 -513 -755 496 553 -62 -928 -456 -17 791 -833 914 -457 521 974 -575 
-501 932 936 -466 -787 452 -300 423 -415 -468 237 193 661 607 760 -100 -184 -485 613 149 -359 -53 962 116 378 -221 791 186 139 -300 449 -839 576 -977 752 646 -876 -195 -466 -756 904 -283 -587 82 317 -863 898 809 -230 -822 -920 730 -985 -550 -851 -610 -691 -173 -759 -292 -701 -313 396 147 -194 -463 517 921 -425 -492 374 154 -356 104 -809 230 -323 -442 -538 67 -578 428 -468 398 892 -4 -755 258 -466 -613 -619 -170 -934 -816 605 66 84 -453 671 553 
101 -42 -643 -418 933 -311 938 592 -208 852 180 -582 -560 -907 603 -610 510 191 -569 -101 -141 284 -664 -408 677 -604 670 -747 -43 -814 990 -741 531 386 559 -4 -53 -921 440 -373 927 720 479 365 308 -628 -796 932 80 177 -809 671 -189 -998 -767 169 -40 739 -630 -556 -787 -312 396 -51 -619 -463 592 921 407 -652 -402 -321 -331 256 -602 -245 -217 630 -908 -576 426 -73 -152 -765 892 -445 18 -508 615 -197 629 128 826 494 856 221 103 186 496 -457 
-116 -702 188 -613 294 -650 -117 -829 -100 734 -17 601 256 -242 436 -438 379 -771 658 -986 -944 -30 -732 119 -912 972 -352 -961 -160 374 612 760 -826 231 144 -632 -20 -728 221 -467 -758 452 -886 -577 -521 377 373 535 383 -883 361 671 819 142 -536 220 -961 504 438 -989 767 -38 -850 -432 629 -517 -828 -9 -167 -652 728 529 494 147 710 -610 -986 -949 458 175 857 557 626 59 -802 -351 289 637 554 878 -711 115 -400 303 337 -865 -682 -753 -43 152 
366 -217 -799 61 -100 -969 -130 763 -549 -593 -126 -889 815 923 600 -539 831 -58 62 -968 -575 557 397 572 953 220 380 782 128 374 660 741 -64 231 763 616 187 -966 -26 -833 -104 -403 284 612 901 -901 -979 -461 -304 38 646 672 506 -627 -536 -331 -495 496 324 -965 -580 545 842 -604 -378 68 763 -100 -266 -99 62 -450 688 -265 386 195 -157 -581 -600 -780 -446 983 -649 364 -431 339 -901 -165 331 -893 620 453 146 -329 -71 -772 539 38 473 275 
-682 -141 -889 -197 -978 -163 755 -24 823 -403 0 -716 -239 553 902 118 351 -777 -799 473 -457 -35 737 -975 -850 524 303 542 -108 319 -80 -645 -220 -313 -871 898 -312 339 413 -284 787 -680 321 -646 -156 -597 478 -259 -662 -343 102 871 570 14 -847 494 635 -266 173 347 219 330 -538 -181 43 -313 -848 -95 515 -563 319 853 123 946 801 346 -157 772 -62 -857 -333 -433 -155 626 911 742 -698 -878 814 -916 165 -741 -231 -687 -961 -681 477 -88 467 -611 
467 456 425 -339 244 -534 -917 -790 -510 -1 -505 356 -212 118 237 -948 755 -432 747 -756 152 -972 -76 340 869 -619 -262 -325 -542 319 533 55 667 -992 -751 -730 -296 408 -283 92 681 -763 85 -302 -943 83 835 54 -919 -277 -534 771 -583 -252 -281 -968 -543 309 351 146 516 -384 190 -660 620 -311 -38 -415 -967 -970 886 218 639 -403 231 -113 -157 611 259 -754 -45 -834 -777 807 -207 436 -140 815 101 587 903 -913 731 -608 -572 -681 791 -802 441 476 
444 911 -686 -104 489 -9 -892 -40 -534 823 907 759 -831 554 718 663 919 -782 -582 467 275 321 -743 -975 -213 -619 -899 -256 -636 319 -990 821 -84 -238 -106 -101 145 -226 502 743 -149 983 -205 -168 458 -545 851 -675 -127 -880 982 -302 -583 796 -368 123 935 457 266 351 935 985 -749 577 467 -130 -40 766 -584 -739 -988 -616 100 949 889 787 942 44 25 609 505 298 -199 -670 257 393 -308 -552 399 -487 863 774 -604 632 -975 -164 -938 668 -356 551 
23 944 -942 597 -539 865 -685 176 -734 -728 66 759 -131 663 -838 -28 106 -891 -687 441 255 949 -104 -66 582 -123 -201 -700 821 886 -170 -816 548 832 -106 413 -523 -868 756 109 -149 -256 -121 -400 103 864 392 -336 856 650 -299 -415 -134 -134 951 724 256 706 552 960 462 -162 128 966 -799 755 176 -711 734 -985 747 -616 -95 -806 137 787 -744 44 878 -68 -451 774 -122 -6 826 -166 203 758 -455 923 -823 846 -288 319 -894 296 -107 -205 -484 -66 
-480 -17 -942 213 550 773 -965 708 -50 -441 -626 -739 670 331 167 -554 -965 95 876 -356 476 -637 -552 -813 -27 -394 182 868 -174 -672 857 674 785 454 645 -342 444 -273 -587 -311 686 -822 570 118 -470 683 815 151 368 500 -925 634 745 -241 -455 837 -931 875 14 -403 99 -838 -657 403 903 919 -804 823 -593 720 250 878 -377 531 -929 -364 -142 788 624 -951 448 -991 -122 818 -296 988 -997 -831 -768 -99 -179 809 519 155 668 781 591 90 494 -602 
542 400 120 213 372 733 883 391 900 135 311 -612 383 461 -117 -226 883 537 -631 494 551 755 -741 449 898 -671 946 -766 613 588 256 430 935 391 -391 919 385 -989 248 -33 -698 61 570 535 149 236 175 -621 546 -208 900 668 423 -974 109 -95 -223 875 805 191 425 -774 -980 375 -828 -917 517 823 840 620 238 -728 -839 771 832 -185 -190 787 -104 -399 762 -991 -138 718 -501 843 -672 -808 -53 215 -774 -698 359 -693 210 -691 -25 582 -968 -291 
542 -276 -167 -99 -851 480 -458 -532 -170 -219 -925 -517 -705 101 -672 433 81 873 759 -28 -602 287 -460 813 995 -478 632 89 -115 -23 454 -318 -354 -114 536 -602 -782 960 56 -725 772 354 717 -604 488 -85 768 118 -333 6 -597 891 907 30 -319 262 119 972 827 -283 41 621 49 332 737 -935 -532 480 -728 180 -52 267 -741 -220 -187 323 -757 -850 -620 514 -113 182 212 -719 350 -786 -502 -961 -544 -924 -585 267 328 841 -700 742 434 -842 123 -321 
13 618 -343 -865 327 -302 81 -622 -265 -711 622 550 -510 235 134 -886 820 -505 -917 100 -291 -409 484 13 -145 -797 632 -915 -492 193 489 841 584 396 -386 55 -545 32 175 282 450 431 129 512 -683 162 -38 -368 -899 198 478 -228 -651 -767 -998 262 946 -734 190 373 996 429 870 -714 -813 106 617 982 -70 -17 1 990 901 -84 -684 265 702 -942 -916 -777 -27 554 -580 -604 -31 248 640 -510 516 116 -45 -266 -923 928 -658 742 221 737 724 -282 
-269 601 -846 566 989 777 -34 9 -663 642 505 -412 -303 61 99 692 -94 -224 -612 72 -282 916 559 -782 -391 -817 417 359 79 -582 897 581 584 -842 457 -3 344 -760 77 580 -629 542 -661 -699 834 160 -326 -524 -957 -461 254 -226 951 379 -998 843 -403 195 192 -403 185 -310 -390 938 -599 -959 -461 -925 -728 -126 548 738 799 584 -788 397 191 75 587 -777 652 614 289 -248 -179 -808 77 -128 -952 763 545 -83 511 573 868 -846 432 327 -95 -616 
-616 168 -781 -924 81 693 -34 -692 -663 642 92 718 -3 25 -188 783 -536 359 455 784 -908 -30 144 996 -96 74 -426 -816 0 -687 -317 -166 -359 92 263 -80 394 668 591 -910 -708 841 745 -64 -246 613 -905 512 882 -306 364 -691 -372 -169 -37 -741 685 841 610 -403 988 260 619 -673 673 883 -895 900 135 0 548 -720 51 -354 -106 -631 607 842 923 13 -668 554 576 330 94 -337 637 -410 -268 337 702 412 -797 -579 -766 -587 861 253 837 -908 
-672 -729 -437 571 -28 880 243 -419 336 576 505 -81 -410 -53 -908 -523 934 -930 -412 741 -956 621 479 43 528 242 814 -853 -814 -800 879 -139 -530 174 -927 -66 -573 184 -92 -803 456 296 594 482 617 679 397 799 -271 957 -507 -228 -372 -627 -281 741 -976 -658 106 350 -291 796 296 402 -585 645 -579 -597 -618 423 876 -281 406 785 473 -324 527 -538 923 789 609 -137 -828 -884 94 781 886 -158 -850 923 -511 -436 993 -229 -915 -587 -331 -182 262 589 
-781 497 636 -64 -508 812 -73 -407 -107 -193 107 -668 -158 283 -62 -974 -799 -292 718 891 -235 -154 937 896 -98 221 65 320 574 -739 -462 -298 -585 473 -993 -587 948 -233 501 175 810 715 165 -667 -174 458 431 -285 -826 -941 -281 -823 -865 -31 158 891 -933 -75 -699 -680 -868 -573 -849 -345 -45 -34 -407 -265 -697 44 -716 660 344 -359 -842 886 433 190 453 789 922 -561 673 174 730 781 189 101 195 -768 -74 488 -365 -229 410 -110 13 -627 784 -146 
230 774 636 -497 -554 676 -94 29 -992 892 -164 -955 461 73 -613 -271 -945 -292 -81 -467 -809 -46 -871 101 -970 -365 -521 -425 134 -917 436 -448 -337 719 909 26 -339 -213 -898 930 19 910 31 109 845 599 234 -988 -665 -913 -374 -41 371 379 -952 -467 531 -425 580 474 -461 -127 802 -246 230 81 373 112 160 -651 918 -80 -445 -585 -401 -349 -580 -749 453 -932 -630 -207 -141 -763 -819 -395 114 366 548 769 -884 824 156 -126 513 393 -672 764 760 -809 
-245 774 360 150 -170 -449 934 -233 -217 994 296 212 -158 -952 -176 -64 -716 -698 -536 -445 959 456 -751 486 -163 -700 928 411 359 -612 873 965 -126 902 113 610 301 -214 -1000 -824 -861 -239 882 -599 336 429 -207 -924 802 -638 264 721 301 -226 -952 -445 -64 844 980 983 590 -339 978 -811 545 243 -233 -232 567 311 918 -798 -810 -141 174 392 -580 755 566 421 -115 698 -603 910 806 -395 920 -682 -298 491 -112 -903 -120 -100 359 -786 618 -582 741 -786 
790 -833 926 337 -226 125 -433 582 59 -973 323 346 101 -268 878 -757 -115 112 -426 -810 -646 -346 119 512 571 -348 215 652 -985 455 321 -244 311 -825 -928 941 -874 -650 773 552 -248 -643 -797 966 -215 -891 975 102 165 31 -670 -863 622 -226 -170 -810 -220 -71 569 -256 34 185 100 -856 204 820 582 336 270 -858 -917 -798 21 -337 -109 -923 -336 128 -873 -910 351 847 658 337 361 -64 292 444 438 -530 971 270 -915 478 -86 248 173 -767 -560 959 
-915 559 453 131 -19 -353 -834 842 -811 -93 -208 -946 366 229 -893 -928 763 567 -946 21 -646 928 119 434 -697 -915 -271 -266 -17 243 431 -102 538 -972 785 -658 208 -350 -952 -771 -759 -97 806 352 -388 -402 -410 161 -229 -909 -6 507 -772 643 509 21 667 -158 243 559 -119 274 461 -449 -511 -94 965 336 642 -179 -567 509 -521 934 719 945 -815 -177 -455 -464 320 -708 -547 -71 891 -64 -849 464 613 101 7 1000 423 764 610 724 619 660 891 578 
346 -207 453 923 405 -178 -716 626 -343 -719 -445 -687 444 -603 -620 -227 553 -750 -21 -521 578 -102 833 372 200 -120 391 935 949 813 -339 -564 -843 -609 293 834 -220 -759 991 -933 -311 821 199 -692 -842 124 439 -144 -228 -24 548 602 -681 -800 -853 -318 -354 889 -185 -254 734 -564 24 657 -74 -536 -458 235 270 622 455 736 -848 -626 541 -684 -815 -688 -912 -182 320 -808 -766 -572 -823 567 469 -141 497 -38 -777 -850 592 637 -853 -808 843 -536 344 -195 
-96 -465 -62 -768 -456 434 271 -458 807 -708 -691 -21 405 195 -916 335 19 89 -576 -848 -195 828 833 646 549 477 292 -468 570 212 512 101 -575 -826 -84 -239 -252 381 -487 -785 -293 -937 -912 -41 106 689 -840 798 334 -636 -43 -194 505 -112 102 -848 709 137 -267 479 489 756 -66 -288 -884 934 -649 -107 892 -681 -412 857 -832 -944 -195 51 525 -688 455 -572 43 -4 -14 542 -109 -285 -223 60 657 -737 -578 -998 -339 -809 320 781 -288 -847 -183 -690 
787 -365 -481 -893 404 -136 131 807 264 350 660 142 -480 548 -487 -619 176 279 327 -574 -817 149 435 471 543 423 -741 576 -491 328 -859 67 553 755 387 -545 -45 -904 980 424 351 937 953 -252 186 -442 -628 -196 891 386 577 724 505 800 32 -765 785 -238 -861 354 -594 769 -721 283 -884 -799 387 -765 -802 92 -170 32 -137 -580 -951 228 525 -427 337 -783 -999 -524 -589 -894 -226 -631 740 -203 -397 -878 857 -582 553 -486 -425 199 -213 905 -521 793 
338 146 902 -182 -974 -318 587 414 -670 -708 339 -576 542 941 923 629 806 776 568 -139 269 974 -391 616 -150 -828 921 -383 643 -946 -722 192 -457 916 623 -228 528 636 775 598 351 56 565 495 770 -369 483 851 -278 446 781 -870 -164 475 843 902 -840 -837 -42 431 391 45 -373 223 -112 -945 -199 59 994 -681 813 489 -225 -843 557 890 118 870 -305 130 962 -866 -81 294 -691 848 256 -672 -248 -496 -446 198 -568 646 429 314 814 -368 -221 214 
-364 -986 -881 366 -271 545 130 -923 -6 -501 -846 -945 -616 -298 112 -378 517 821 584 288 -546 -695 536 318 236 -24 218 -593 -626 442 -722 317 925 -30 -174 -701 479 504 -181 638 266 -954 565 -713 355 -211 -43 -714 169 -961 410 -702 -726 -35 897 570 -359 454 943 -981 216 -868 340 774 971 759 -122 -811 -93 505 813 -282 -428 -575 -35 498 118 -688 -305 -236 -762 -748 649 -95 -41 -865 -639 -781 950 337 -534 -514 -790 -715 -266 -64 199 -455 -765 269 
643 -926 -149 -279 -229 265 -26 -199 -43 -501 762 -996 460 -477 -865 43 -532 182 689 288 -833 98 -386 -730 291 -829 -767 989 634 -21 225 775 -278 621 -847 274 -310 61 -199 -570 -519 876 869 -586 558 -712 -348 -702 348 -204 451 919 323 276 921 668 -585 379 125 542 246 927 -830 795 -375 -115 662 -343 257 343 -668 -317 110 553 4 -645 663 484 923 745 639 795 401 -415 721 -556 -753 -245 446 -45 134 852 -160 480 935 302 642 590 -574 -467 
-185 -733 633 357 -757 -58 -772 662 -43 826 -587 584 -245 438 566 -366 -461 404 -901 498 224 568 263 81 -191 -568 -100 840 371 142 413 610 152 -46 12 835 -52 130 350 -570 190 530 -213 912 398 -640 612 -989 859 -796 174 -722 323 -107 256 110 -374 -114 -548 841 -742 -588 190 289 -904 -991 -122 -281 -725 107 -668 -411 -139 -457 -826 426 331 49 533 334 639 -727 142 -208 132 525 372 -773 789 -780 -451 59 806 982 852 567 -238 -319 -139 -546 
323 -926 -581 -821 -393 -604 130 -334 232 -31 988 480 78 989 -924 467 9 -349 523 619 -284 949 263 413 -835 -38 962 -474 371 26 21 182 275 573 175 -539 -249 4 -223 432 190 -315 572 263 528 -834 -855 152 -128 39 -884 -68 -513 33 -442 -714 -141 -148 909 -265 371 -823 -372 512 961 -422 662 -374 -501 -164 467 79 288 259 755 437 -138 155 533 985 -444 -388 -877 764 -863 834 668 346 -61 -122 891 -533 517 -299 -593 -278 -722 611 288 -284 
-664 -733 722 -737 -928 -806 -282 -717 -459 969 -786 18 -915 441 -497 171 -692 886 -598 619 -28 941 -927 -342 -803 19 -510 -728 -858 -546 21 284 648 -996 -863 847 -619 700 810 -597 981 -362 898 709 -307 893 -828 -51 -911 -296 605 -502 -513 -951 79 -714 -141 -831 109 -651 11 -619 -372 -411 -353 614 -138 -447 -762 296 344 188 521 -190 287 462 814 113 769 -787 219 586 -912 637 -194 -892 668 -96 -687 -828 -735 47 355 -50 -597 -186 671 807 119 -284 
323 -733 772 -496 335 458 614 662 -604 -491 407 -596 -96 52 70 903 -419 -492 203 -102 356 -93 205 36 -53 -439 480 823 -239 -996 -115 -949 648 928 608 -953 -686 989 656 -478 192 -528 256 571 -635 441 -727 514 -786 121 680 -241 641 -411 -462 521 -841 -401 -169 715 771 -789 327 -822 -446 554 611 548 -725 323 680 436 -469 275 -409 -598 588 110 -182 -599 -453 940 -708 -809 724 -458 -205 204 -844 247 -113 354 9 900 -403 756 -700 -37 619 724 
265 -887 611 337 832 63 -137 -336 451 942 843 246 787 -630 337 46 -233 0 -672 101 -33 -744 73 441 -771 -160 982 -1 296 776 -165 -119 -190 572 -773 635 291 -388 36 -132 -494 508 -391 -899 521 158 330 231 219 -980 -763 -12 -237 206 873 619 -126 691 -728 -883 570 389 553 -531 -446 130 327 818 -501 -691 -946 209 498 255 264 545 814 -487 491 -599 -779 -370 -534 361 919 -900 -606 -364 -535 750 -27 -8 -419 -597 823 848 259 363 619 743 
249 -142 787 147 629 -882 -561 212 307 730 -166 219 204 -964 923 -828 16 130 -672 67 -313 -88 113 76 498 -481 -925 -441 -208 -755 707 174 823 974 403 935 209 747 328 -173 -699 941 -96 869 525 -372 -297 19 472 -869 -857 388 339 -911 321 -448 -944 174 105 910 532 291 -793 48 -333 182 531 718 -501 -691 219 242 939 476 302 4 461 -691 -530 411 -31 101 291 -549 -502 -456 -772 323 299 866 -946 -156 29 344 -1 848 254 -112 376 -486 
-631 -701 -663 147 -711 -114 567 -580 972 530 407 -140 -364 950 769 -179 -32 -563 -331 192 -766 266 -562 -530 -823 391 -50 -697 641 480 -3 635 328 -493 71 44 -838 770 894 -349 -538 126 287 203 824 50 -521 208 -702 -344 337 -149 742 -18 667 965 538 -844 -849 875 692 689 470 -468 -534 -137 259 -43 -501 785 -687 -107 939 551 -30 527 235 203 -38 -435 428 170 -693 962 -12 -147 253 323 829 -871 -668 -154 -233 -663 370 -176 362 408 -153 -33 
-324 -757 -850 -45 -635 176 220 289 -833 -819 407 -308 -185 789 491 -774 -702 -634 228 -851 -910 -312 -928 748 -38 -532 900 160 -691 689 -172 326 -795 -412 -246 99 827 -178 108 739 -542 543 890 -876 215 871 173 57 -431 140 -961 -159 273 -144 -339 939 -485 536 -225 -97 421 -66 -606 -324 -363 -207 45 -805 -686 339 -546 -386 -153 328 -154 -992 -400 211 357 -978 269 247 176 646 388 66 477 405 -771 -808 -533 19 965 235 -697 570 365 419 67 587 
886 702 75 -780 43 755 847 326 174 806 -808 -598 265 -631 366 -585 934 -970 706 -902 333 962 785 -80 545 -824 -334 -441 202 -596 601 500 -291 568 -246 -170 383 -680 623 209 366 340 -904 -981 -428 -159 -557 -158 -964 -109 782 588 273 -846 -386 -102 -38 541 699 -514 -587 -974 733 207 -763 890 -724 -719 969 742 327 -386 101 -66 -198 855 61 100 80 -438 -481 -347 -22 -715 116 -85 -767 320 -889 13 609 -908 433 -107 160 -900 -550 -669 192 -766 
587 191 -604 -122 -366 623 -224 449 680 771 729 203 265 -793 -279 -45 28 717 -493 775 -618 962 -796 -66 464 -461 478 567 -274 246 598 562 -321 -558 -267 -559 -845 466 953 496 -42 -975 571 -190 -969 -186 -680 -454 651 562 -975 227 762 -192 -859 101 250 -195 -290 821 479 -583 733 346 -763 297 -141 410 969 762 568 -859 67 -877 -178 231 -455 283 -737 244 266 -347 -259 -120 237 111 660 886 834 157 -139 -592 542 -992 270 -830 142 -257 317 282 
963 527 103 -828 -383 -302 -4 -141 856 -415 -679 -114 405 -687 80 545 791 -985 -90 610 -824 -277 -66 -587 -53 -66 344 -193 742 -140 419 926 -282 -744 154 996 -13 974 354 -266 -390 -975 -697 290 -343 -326 -253 -259 -498 424 -894 -778 -587 -233 -553 67 -45 307 962 -937 -777 -751 -475 66 -735 -613 278 -248 -491 436 776 -859 -851 -291 572 184 -768 461 -888 489 907 141 -584 102 -655 511 -536 -923 -758 -856 63 -189 -367 254 892 519 -627 -555 775 -910 
