-742 -816 -326 -523 751 619 -882 7 734 -575 -179 -783 -956 -675 -384 276 367 -43 -357 -595 494 -836 -166 -631 793 -458 552 206 -805 -187 276 -239 882 268 774 384 -741 151 98 -660 -381 -781 489 -542 -415 396 -366 360 449 353 -379 133 144 -180 112 -284 -37 660 184 -939 303 426 -774 -934 -25 -957 -853 -530 -121 -561 149 -948 -942 776 112 836 647 589 916 -768 767 715 52 763 -206 869 421 -260 -141 906 -992 -301 610 968 -778 -960 743 -172 561 -730 
-915 -802 477 862 -793 263 -824 323 -445 -818 -973 679 -388 812 806 -254 259 954 415 -57 380 966 -92 -542 -443 730 637 -134 -502 811 -421 -685 7 419 -750 517 773 -64 134 973 -318 -386 -410 44 65 206 -525 -927 714 488 -372 842 -504 72 572 -867 -517 -644 685 307 -801 256 10 995 931 -964 579 -243 -656 -363 -308 -917 -434 -366 497 -1000 -344 -176 -921 -517 854 905 886 -611 879 381 357 348 627 -804 -996 -799 -982 -935 -491 -39 -772 -724 -955 700 
-78 503 850 458 -176 -507 526 -253 -418 -457 -864 117 705 63 -10 171 -362 -320 604 74 -904 797 -420 895 -203 -604 -307 159 418 783 538 -647 -113 683 -562 -708 -245 382 -412 588 657 -545 537 -734 57 555 949 517 15 169 -683 -516 833 -51 -426 218 302 831 791 449 -630 132 -371 396 -251 -224 152 42 728 -380 108 370 935 -449 659 631 -818 582 662 -391 -112 751 -433 -817 -427 -872 -669 318 123 -818 219 -646 692 -716 -682 -311 75 356 893 -395 
-785 683 -624 927 -248 -925 514 0 81 -288 -326 -407 -162 693 -476 -249 825 79 -389 -933 -765 359 820 668 82 558 466 759 890 493 -756 -250 -831 654 457 730 988 311 -764 476 -267 -69 -191 461 -580 -580 -384 87 887 -997 -523 -37 -288 325 -466 161 380 -768 -217 -731 -994 -732 -682 -609 491 -673 -329 -822 -750 836 -406 -57 24 -700 -511 -545 651 171 722 -947 28 66 772 252 987 444 -14 723 408 -817 -226 -888 542 -678 -479 923 742 -980 -715 -306 
-168 776 -589 -334 -56 922 -462 59 405 -207 -34 -671 -996 708 -828 -623 -641 -137 879 -909 70 -400 -785 -130 181 966 -327 -924 449 -529 -206 166 -652 -941 645 564 795 -963 -261 383 -37 -795 950 -147 21 -970 494 412 -771 -532 139 799 489 821 950 488 169 994 -994 354 -583 -292 824 930 573 794 -12 -47 -186 253 -564 -984 104 749 724 -676 -330 -159 -490 -851 -797 -235 76 -303 -584 -664 415 -443 -695 393 141 -842 757 -615 117 345 24 -930 -131 607 
-693 514 -586 219 -238 541 -764 -4 788 479 -616 -67 612 -864 709 -874 -696 205 485 833 695 511 168 499 -851 -732 -70 -411 -369 11 -428 201 80 -310 -997 -522 -107 176 39 744 631 -700 -842 286 55 799 339 -762 -895 219 -992 109 -641 -112 -784 -550 869 262 -223 669 698 19 720 35 892 234 136 -787 -54 829 -417 742 69 137 816 -196 993 235 -497 -63 850 -913 74 216 157 -700 904 -404 -420 -102 588 907 385 0 773 -173 759 -70 1000 -868 
206 625 379 -15 -820 277 217 896 -902 578 -171 564 332 115 109 29 422 -296 154 -660 42 537 281 987 555 148 308 54 106 -781 6 842 -786 391 -972 -395 -965 107 887 -54 -999 295 121 501 -861 -933 -112 881 821 513 -950 85 -277 585 -535 -657 -351 273 -858 -968 511 -127 -392 461 625 -469 -339 384 -168 417 666 865 -576 -685 -942 933 968 -386 297 442 504 -770 836 -331 963 246 -225 470 8 -586 -5 810 -930 -704 -890 -429 302 -706 948 -382 
946 412 137 954 556 -637 943 690 -698 -134 469 5 661 578 578 -878 -978 108 555 266 -738 -836 -433 -252 -746 -681 -51 -807 -383 -737 980 698 280 -292 -835 -785 -790 -151 434 155 189 -995 -11 419 -899 -834 25 595 -198 29 742 492 -52 412 441 863 928 141 -608 267 -691 -977 -921 394 -400 -221 -790 -390 793 992 357 -758 -984 291 535 -910 630 -2 215 -349 -958 -621 -410 22 -678 -489 450 548 795 -534 -355 -42 -439 775 510 -17 -138 -228 -198 579 
-634 623 -753 -745 145 278 780 -233 -86 383 -729 -753 -677 -867 593 -997 -536 158 -845 958 640 -825 -413 205 457 -557 358 231 323 872 299 713 203 -771 152 -57 851 887 -735 -43 922 495 795 -328 -389 -7 748 912 740 439 -278 -95 938 623 245 61 508 -789 -734 -378 773 767 -219 -548 70 938 -195 -474 792 -203 860 -441 980 198 478 -466 772 -838 -222 -591 -137 -66 -177 20 873 -877 -31 -819 304 -119 900 -336 695 931 -25 939 -871 550 915 -739 
-342 466 831 -645 382 -857 739 -373 976 -973 -110 -505 998 755 -906 -601 761 258 860 856 -88 -945 -463 649 -442 871 508 352 -172 480 -152 972 -513 301 226 630 261 -320 -464 -262 -903 -655 527 -668 -726 -63 738 -158 480 868 -44 -768 -25 0 421 -605 554 -170 296 -252 572 24 -846 271 23 -188 165 -12 762 583 982 -492 206 982 -670 566 610 502 -35 967 174 296 712 93 -513 -353 -593 -605 317 -760 312 -500 181 892 -489 -89 -63 -423 461 69 
-164 -91 712 -203 730 518 663 -108 242 780 2 46 -890 -367 -779 -588 -192 57 -460 316 -40 432 -62 432 -362 -714 -419 -814 852 101 -963 -449 -666 703 -414 -243 989 -187 1 -14 -231 -794 -588 87 703 939 855 -921 199 -607 330 902 -93 301 -755 726 -894 14 866 -619 590 -839 427 -138 363 -576 -236 -923 682 282 -358 -942 -419 -362 -451 -648 -438 420 -135 695 235 -469 -811 958 220 215 675 -791 -327 74 -576 -80 23 928 422 383 117 351 482 -762 
775 669 -646 280 -300 -74 206 802 333 379 635 -295 234 217 -676 616 522 -89 266 -672 -57 -344 -453 -862 -309 45 -160 546 65 -100 479 -268 -257 -939 196 973 -242 219 348 846 579 -905 -235 463 -141 -229 454 -520 -223 170 -235 252 -180 293 73 -612 -962 195 -544 962 -887 431 -352 -45 -501 -565 908 329 96 -474 -437 784 772 -602 661 -169 971 459 -764 -68 -653 -854 679 96 137 -639 -888 352 856 -400 386 947 543 -299 -815 -520 -825 875 -253 -920 
-732 764 45 772 -416 -98 263 -620 -156 437 475 -524 823 185 887 739 336 125 -728 797 -931 -39 -424 981 196 645 926 -545 -989 -120 504 620 -127 986 545 397 753 893 -770 668 -781 473 282 575 290 -698 -209 768 689 423 -634 -232 -289 647 -140 -226 939 945 209 498 -818 496 -850 -681 499 610 621 -586 546 -827 -847 -510 -831 212 482 545 -146 -944 287 31 -435 -226 182 -132 490 830 11 -357 -83 -100 562 -714 602 -731 -640 -924 -629 114 624 -450 
60 810 837 -913 -277 838 843 493 785 548 320 -214 -593 542 166 -505 229 -401 -386 694 322 605 -995 -274 -932 -301 -385 95 315 -465 343 -341 990 100 259 617 -456 -633 -821 30 709 357 -667 192 -811 -813 417 -985 -192 408 796 675 -136 825 689 916 -747 -691 -508 -798 616 660 760 372 807 -737 973 14 -111 -503 532 502 -884 721 -797 -541 -694 300 838 14 115 -120 -567 -517 581 -472 739 939 566 -225 -296 -786 -712 -727 -94 -144 -180 -554 -348 -548 
313 473 399 -704 709 -719 878 -836 845 -323 376 789 968 -847 197 -314 629 406 -351 94 -79 568 162 -184 506 620 300 831 132 344 826 -997 226 391 -723 -656 634 -50 41 -723 659 730 367 631 437 -466 15 -508 600 -410 -323 -125 558 -227 -714 -297 650 611 280 -917 462 -346 -693 411 395 -119 220 -858 750 637 -575 -660 910 -164 196 990 813 836 -47 -301 157 942 -743 908 -740 967 -41 340 -313 100 -539 430 -868 438 69 826 561 803 426 334 
-506 -880 -743 578 205 87 -439 92 -988 844 17 813 -1 -118 -520 278 277 518 667 368 75 -520 694 -221 397 131 -668 718 802 -586 897 874 30 625 -747 54 -527 -786 994 204 224 -13 646 -158 -863 336 473 609 667 803 410 -758 47 -495 550 -974 -419 146 261 307 793 70 641 369 -880 -998 -369 -73 764 -58 -281 -333 -69 729 -854 -889 503 799 132 -947 -836 703 -90 254 450 678 857 564 699 -892 -211 949 663 -137 223 -566 176 724 -888 -922 
614 621 -666 999 -462 -648 568 237 -357 900 234 411 158 -143 221 728 -881 -14 508 677 966 -2 9 -694 615 -830 378 -955 826 17 855 197 -263 930 -906 672 563 -114 -785 299 -714 520 397 885 225 -40 -128 267 682 -737 -847 -534 -17 -820 829 -558 -684 591 711 915 450 -194 726 -595 569 -7 242 -861 -237 -864 -349 -56 -261 -78 648 682 17 545 -201 715 224 754 553 -813 -575 48 845 -135 695 -938 -428 -997 222 -74 -42 -915 -230 -657 -752 -749 
813 -309 762 -476 -519 -833 -455 -753 -207 -769 -781 943 -972 -704 -568 -752 -269 -786 76 -399 -25 -40 -203 744 51 851 -927 -538 284 -277 943 -754 771 -369 17 986 -201 542 -476 -811 -158 819 802 391 847 660 -486 625 418 -493 170 -899 234 -32 -809 752 804 -238 800 244 -559 378 -96 -879 204 554 -568 166 933 419 498 -109 501 790 -594 686 851 -364 390 -14 -990 -133 -827 92 -452 -196 347 739 632 -557 -200 17 -69 681 346 -390 -380 -327 727 -612 
-724 -505 531 -948 -147 -524 343 -833 599 -605 -901 390 323 -17 886 531 -663 247 11 -499 -735 -261 -811 -121 9 55 847 878 -747 -520 -618 138 -84 -948 679 -732 295 189 653 -665 -985 -532 -552 185 -102 205 -291 242 -362 -636 231 726 701 461 -755 626 67 -417 -421 981 -487 432 928 581 439 157 970 -490 991 635 -98 -366 927 -110 179 349 -604 -879 27 908 332 -921 -42 584 276 -357 -25 127 -415 -397 -221 -849 232 -153 666 146 406 762 -686 -287 
827 59 329 825 693 -242 723 -682 -301 16 -577 476 -750 -801 -237 -410 -383 232 -601 922 733 575 930 556 -765 -234 -639 -94 85 21 -36 -880 731 -585 584 227 989 879 -17 401 931 -735 1000 -262 -374 -944 115 819 51 -605 808 711 -440 638 908 -222 -127 -697 -108 288 -781 -968 768 -813 -721 152 -548 -577 -343 -745 833 -135 -891 -75 -674 519 476 -575 176 901 282 -405 759 -762 342 383 -34 850 430 -274 -744 -484 -918 -278 -775 -248 -168 151 -583 662 
-299 -270 -410 566 437 -588 -464 -419 -758 -252 780 -596 198 -161 -788 -777 941 263 358 -60 -254 -902 420 446 594 -170 -185 143 935 815 181 133 -751 930 752 166 980 -222 453 990 561 629 -724 696 -248 -177 769 -493 487 -859 -573 125 264 851 373 725 82 -41 428 275 42 -747 -426 -442 665 811 995 -310 -719 -310 439 354 892 825 -463 31 -451 502 -978 926 13 -234 554 33 -684 -750 -88 -655 -585 190 -917 -823 -119 -735 917 -153 -968 -154 -393 -758 
-314 567 554 -530 -497 702 606 824 -164 -531 -82 968 709 885 455 -79 29 655 -712 -566 -813 -891 -289 -164 -788 616 787 -440 -947 828 -293 -601 -251 -25 -465 -947 -260 -710 -377 -806 899 256 742 -202 519 922 -799 -101 961 653 -450 554 -735 -879 -690 3 30 629 68 -989 316 656 -881 679 39 406 739 -439 718 -969 91 121 -358 -528 -327 -765 -601 280 343 -275 -263 125 -807 -274 -393 -709 -366 -285 -108 764 963 597 -619 -646 -314 -174 580 -31 692 683 
229 493 -527 -275 -27 -918 -379 129 847 -403 188 480 -324 -148 977 204 397 587 236 570 -987 512 73 695 110 -254 388 661 551 438 -913 15 931 -762 -502 248 -108 -306 -375 177 -597 939 -129 712 -510 -839 -734 764 749 -477 965 162 40 418 706 192 -483 -893 -709 -764 440 333 500 -747 -71 -287 -314 -421 -155 440 -643 -11 733 78 905 -124 385 -797 611 967 -864 110 -591 424 30 992 949 503 -383 815 807 -974 -590 -290 -48 961 -586 -250 288 800 
-568 -12 -839 734 109 -794 -454 151 -834 -203 168 -116 -893 -100 -233 520 620 -160 929 513 777 -713 330 426 -60 -161 250 -432 626 19 940 704 -535 -310 -469 369 -238 202 678 -771 -604 -189 -1 -786 822 -631 760 -137 637 -755 870 -230 -987 -527 -442 -530 293 107 458 -555 483 236 145 713 451 -760 956 248 -954 -722 484 850 534 -572 -738 443 -681 -656 982 932 -610 796 111 -113 581 660 454 -442 880 779 484 917 -238 -472 -910 -272 -483 -444 151 500 
103 643 861 -218 921 -378 381 527 417 -853 241 -636 -50 -562 -27 771 -127 -437 -366 -138 -523 473 787 -108 359 544 -313 -64 781 -851 -427 -520 -92 -878 200 -48 -708 -50 -502 -874 -107 -146 -793 53 -127 653 973 438 -127 -382 634 903 -33 54 684 -932 -31 103 -101 -544 786 -929 -24 601 -101 612 389 998 457 192 683 -357 952 -137 -470 599 -104 947 -797 -1 -279 -425 -451 -650 -153 118 -974 -640 755 -297 229 357 -375 554 -739 -482 -867 -445 -735 -509 
412 -260 223 -525 244 -118 811 617 329 578 -935 749 -758 -900 -284 -21 311 734 582 -762 -428 -939 -6 -748 -152 259 -433 -384 47 717 -221 -113 48 -389 -72 -744 182 637 -792 305 -779 -395 662 -1000 -147 -643 -230 -941 -427 765 -365 -801 937 288 393 121 745 -514 661 885 761 -291 -801 243 -504 418 808 -819 465 554 -652 902 330 985 -260 228 811 -117 -366 796 386 660 396 -94 208 67 -763 24 984 235 -208 -274 378 66 -474 653 327 854 -500 38 
385 -290 328 -801 983 -137 995 57 -194 603 -844 757 -832 921 685 -635 883 -681 -189 502 419 445 -12 113 -600 -117 510 -881 -819 412 100 -694 458 658 -606 169 501 -550 150 -106 735 512 59 -220 452 75 -938 -959 -259 559 258 783 -667 -105 609 698 -75 -146 -882 633 -760 92 14 -690 673 747 65 -608 334 -153 -86 964 -33 725 -416 671 -397 -420 173 946 225 -801 -864 139 -857 870 635 -924 755 970 -781 -890 169 443 -277 342 -434 67 782 -679 
79 -204 -370 -582 32 -846 -898 -710 555 -674 -248 -148 972 982 819 -246 67 722 332 -701 -520 -596 -467 390 783 -292 -998 -621 856 214 -90 524 -577 -383 -431 -323 -907 -947 79 575 -734 -244 844 491 210 -336 406 793 -108 648 445 862 -182 50 -234 -756 -339 335 565 731 914 -989 117 270 108 -989 -662 289 -725 502 501 172 -503 -35 733 -306 -712 242 -416 650 197 100 163 696 564 639 402 -330 179 -627 -381 177 -206 582 158 -597 -845 93 56 -106 
-910 -753 -197 505 -720 -441 -721 302 -170 210 -84 954 -181 -535 705 -12 160 -725 975 -186 316 668 325 830 611 -429 -27 -122 918 204 289 358 -302 -890 -367 -74 -248 367 564 -258 77 26 -338 725 -234 -108 -486 -942 472 442 381 -918 925 173 -289 -345 -710 903 365 630 -617 137 -711 -891 -726 -995 -347 -724 -578 942 386 629 296 901 418 246 682 29 -202 -451 260 -989 -979 378 -158 168 354 -562 -186 -416 241 614 -794 -410 282 -756 -170 382 -272 -912 
-283 -784 -911 -671 449 -95 406 733 -834 665 582 -581 497 634 -719 -528 698 363 -192 857 3 229 192 -792 -80 -886 889 761 -11 708 -791 -153 357 -362 -363 971 884 996 -830 5 321 -743 -862 368 977 -753 -344 279 339 987 -460 925 -909 889 -258 -94 945 -982 -996 878 776 928 509 -940 968 612 -575 783 461 617 827 -74 -269 128 27 215 303 938 2 897 496 -956 -668 -305 963 822 164 863 -754 -958 978 826 -879 691 -808 -828 -820 -251 42 320 
-295 759 -96 234 -392 -819 -688 -734 726 -171 210 -916 245 37 -87 -713 -563 836 964 699 805 -302 612 -542 908 -487 737 273 316 736 847 909 -544 385 -793 72 -866 785 -359 -826 70 -750 563 -370 904 685 386 -153 -489 -661 -164 958 634 885 -48 -517 353 594 613 251 900 -7 674 -184 -775 907 266 159 -155 -686 322 18 -518 936 336 -700 420 756 554 566 343 -583 398 229 963 -398 -63 -951 -775 622 -183 -259 806 402 -812 -184 -159 -595 875 640 
-159 809 -328 790 79 -999 -75 393 687 -121 -603 -430 424 -166 645 241 -450 758 115 604 311 -521 134 -173 -931 -878 -423 -160 -173 -157 711 912 884 -312 439 -424 -216 219 602 -772 -300 -131 962 907 127 617 -545 381 584 -182 949 -395 191 747 322 -172 -216 -889 552 -217 -965 803 -31 770 -871 -720 520 0 591 -200 -26 -835 -723 -362 327 22 413 103 -953 670 -724 823 -882 -936 487 -245 416 842 802 166 -439 184 754 464 -948 -911 -56 323 671 -36 
-917 12 -392 -112 688 -338 -88 -739 487 -492 -769 -670 974 621 -591 725 571 -438 14 -30 -122 -69 -39 724 -862 -602 606 -885 522 241 703 569 -209 -845 -350 -665 863 -550 330 -514 664 151 -465 195 744 701 944 -847 63 639 134 829 271 86 -360 834 -381 642 312 477 301 957 -757 793 24 -333 49 -932 265 415 322 -786 -672 560 78 -274 541 117 -40 -435 -118 456 -66 -852 -896 531 -604 257 555 -944 -201 -665 -974 -251 -707 -217 69 977 -496 -403 
-934 837 379 807 -543 -332 564 157 -706 -494 826 -957 892 -444 156 327 206 -809 -976 -481 -618 363 134 193 -638 -724 596 -272 213 -458 540 -9 347 -632 -459 -285 252 -415 565 963 941 -831 -167 -124 770 -509 222 -169 -496 439 965 83 579 -910 446 -569 -454 911 921 -972 554 586 -221 178 -163 -38 -286 956 157 -416 800 -771 304 839 969 -595 -10 -592 -916 -539 604 822 -762 -405 -443 -336 325 -585 -623 398 -873 -455 168 -246 102 -945 -995 -400 -880 611 
-699 -184 786 -31 672 -92 1000 378 -195 -267 -916 866 -549 895 632 -252 180 -455 -111 217 505 -353 653 565 222 77 -262 751 -168 737 -273 585 -566 -259 -926 -263 744 -44 115 505 122 -650 343 874 -673 -372 178 609 541 -905 -800 521 911 965 -104 -501 -872 494 227 -139 428 -88 -228 -785 584 -204 -978 888 -845 526 -701 -291 196 -964 -282 -404 876 918 -823 -994 127 923 46 399 -985 -164 -394 -369 515 925 -419 682 935 259 907 842 -535 -537 -510 737 
-293 318 988 188 -586 609 345 26 13 75 -335 -605 -538 -94 -960 -843 -548 402 -875 -333 -321 457 739 96 649 310 -71 -664 -384 136 -92 -364 -783 -342 880 984 282 682 -861 -483 234 -116 105 -438 471 -836 -16 -922 624 -292 -999 635 -606 -882 -57 -913 572 560 126 -573 -531 516 443 -291 -309 -799 277 -153 137 659 -55 454 -443 594 -382 101 509 171 714 235 -138 22 -519 685 -372 879 -1000 -804 -314 -316 -166 -450 409 333 338 -599 -550 -34 119 -59 
-323 769 -267 762 807 -100 999 -301 505 -947 -569 -358 365 -828 -33 -306 687 -479 223 -566 537 -23 831 39 152 194 -516 -370 563 -815 725 -352 396 359 -129 917 -174 -762 -726 353 594 286 256 389 148 -859 -10 -958 -448 438 -901 189 -107 -266 -858 -896 699 131 714 318 810 706 488 731 79 -244 807 484 -294 -338 541 414 -934 -681 -669 123 248 544 863 -773 730 -228 -954 -321 574 -278 -80 -365 -516 279 -414 -699 681 44 92 721 -384 -10 949 911 
515 -500 349 -499 -722 675 905 -435 -409 -751 -229 -891 -772 142 318 -841 975 -512 965 -164 -962 451 153 597 -650 -431 -978 347 -929 -106 371 317 439 -942 405 -48 -222 -358 -472 926 117 202 806 -251 105 961 61 -905 980 462 34 -88 -972 0 -613 -561 -551 -494 -20 -971 -874 -681 523 -408 -373 -254 -27 -16 265 473 -269 670 -389 737 748 -935 423 -581 114 941 -627 87 -94 -500 -294 -288 -369 555 -659 -50 159 141 -955 99 -821 618 -51 -417 887 -907 
-674 765 -20 538 -849 453 739 196 88 -348 767 532 431 -397 520 551 246 -863 -919 -626 213 717 262 -728 -16 -327 932 -563 -10 -129 -694 -152 170 -624 865 318 -116 109 925 547 -740 -147 556 793 555 654 -720 947 -325 -319 -740 -427 -655 -722 226 192 -220 -895 -66 979 216 678 500 -49 -833 988 -156 346 -49 88 -482 379 -750 -417 -496 310 106 799 568 -515 567 -112 -836 -454 -665 -429 62 -469 849 -350 507 -469 -598 602 -146 -368 -26 -161 377 452 
623 42 -745 698 -708 766 779 881 -814 82 123 -621 -397 129 294 217 256 -613 -557 695 -242 -379 -381 -950 -327 -971 -528 -14 424 998 514 -763 -483 -481 -979 669 373 -909 -185 694 -873 616 -232 -738 859 -665 -412 687 -636 -519 -290 503 -691 -941 -521 -419 -899 -75 20 288 -942 142 -474 272 77 -723 -711 120 -994 -173 636 714 301 -804 -779 -163 492 -384 -46 -69 -357 -831 818 30 216 370 950 -94 -246 -890 851 997 705 -302 107 731 -582 610 -452 114 
522 907 -952 218 -329 -246 846 486 431 -166 -780 919 -466 -163 751 -429 918 -289 572 -413 -44 164 -904 -442 -4 -452 -502 786 -378 174 -617 439 -345 468 234 -9 569 -633 -999 -409 262 -601 -650 71 782 -417 403 -295 -775 597 781 828 597 -22 -756 712 -545 82 830 600 95 -466 -494 241 -722 256 -664 978 463 127 956 -183 74 -127 616 -892 515 -773 563 640 -427 985 650 -658 -563 -483 -967 -729 -530 -247 66 -680 358 -559 704 969 576 -310 -334 342 
348 -459 -132 -847 -129 591 -30 -570 542 97 11 -509 339 -339 -352 512 -971 260 535 178 770 -358 647 -681 -965 926 -891 138 -993 763 403 -888 -570 -141 293 682 354 462 -320 -684 445 813 286 192 -400 637 228 -753 555 42 517 -206 -258 -523 368 -307 193 608 5 362 942 -293 744 888 -954 -49 -644 -896 561 -506 642 372 -318 428 706 614 -274 -369 -585 -36 -107 -578 864 221 588 -763 1 -547 -567 -685 693 -785 -97 954 667 977 620 858 -82 873 
-307 873 -581 -911 484 -319 81 233 631 -395 -962 298 253 -96 -61 417 747 53 -619 -65 -608 -773 -403 157 502 350 -996 459 -18 -485 -553 -946 281 -658 -457 -281 -680 -32 -132 -292 148 -460 909 -298 -410 144 728 510 -587 635 569 -673 -139 482 -105 561 95 -535 57 -803 262 -792 499 443 -884 467 -131 824 -381 962 260 -313 -151 -572 577 376 253 702 -827 -34 -210 987 72 290 166 -28 178 -732 388 811 473 293 526 -916 736 -733 59 258 -691 -93 
-983 243 -41 -699 -902 -170 9 -619 -529 -730 -929 440 -586 128 617 -358 -597 888 917 44 580 518 -313 90 885 -878 584 396 -595 -323 320 -398 677 -416 -375 -5 -507 514 400 -742 -615 -8 -44 -581 213 671 788 642 -248 916 -916 -902 287 -677 941 -169 -53 -329 -150 476 -722 -996 607 -197 592 896 486 616 -300 752 651 873 89 367 -103 -85 252 644 781 250 -2 -45 769 299 136 -237 -301 -891 38 -719 -244 -329 619 -539 -141 270 -269 -905 27 -77 
-476 -292 788 532 122 263 -388 -498 329 -497 891 -713 -417 -946 1 -365 280 922 -369 -463 934 -624 -608 933 -544 407 798 -952 -394 -434 -365 -195 997 -981 -949 44 -729 -23 -813 -333 703 -235 -828 682 -24 -933 -154 -915 599 -755 313 -931 -295 -638 909 -655 -806 348 745 -837 -694 96 -244 959 -104 153 636 -887 734 -543 603 883 408 197 -199 446 625 -458 755 -347 -80 -544 166 -334 -177 -629 400 -397 -509 121 -156 -566 -564 -345 -349 -947 -949 866 -308 49 
88 17 57 426 -42 -500 54 4 93 422 178 374 980 -755 265 774 -877 -793 464 350 978 -162 -998 137 162 -135 870 -973 -597 155 -4 901 601 -799 651 279 -303 -497 853 -18 224 -274 -424 -758 -423 46 -385 -277 246 -509 734 765 -445 -187 -201 918 242 -626 903 81 716 365 -547 444 176 668 186 -311 734 832 163 763 -473 -325 238 -565 466 -85 976 -684 -643 193 -691 -922 548 714 426 301 -41 988 756 -775 -643 888 -491 269 891 -88 -792 -951 
-629 168 -92 -19 -564 243 425 739 730 261 202 -660 -897 42 -98 880 310 -612 872 -414 540 -698 -547 591 -397 413 -131 288 -978 -577 -346 -884 472 -668 498 826 -366 687 -679 839 -614 -88 -186 -900 -497 -287 619 516 -476 -281 576 613 793 762 806 944 740 920 126 970 543 -966 -316 426 341 365 -688 288 -647 47 62 -130 -300 -994 -979 -971 22 798 739 381 -498 -495 422 -816 444 -488 879 729 367 -872 214 -239 406 805 925 729 546 -263 49 -993 
227 -469 435 -968 -271 464 -319 222 -711 -196 734 -658 613 820 891 997 565 -447 603 -567 -178 687 -800 666 623 886 154 846 913 530 -922 -434 623 -465 171 -760 -592 -364 981 149 -201 -685 -49 -460 142 707 -342 -260 388 847 34 -792 90 -830 462 -760 419 -273 612 616 -650 264 -742 -418 -665 -164 -485 837 -958 831 391 -886 -50 777 479 420 -335 -784 -398 -458 -730 -883 495 -893 -514 70 828 -619 243 80 -373 -903 -251 905 70 -88 218 158 572 -239 
808 -448 321 -162 -490 -818 -649 965 -424 -901 -560 -558 224 -577 63 -548 -987 -949 -455 390 -506 918 -181 134 426 988 950 -451 339 498 53 555 143 475 595 986 -984 -434 -824 103 -248 637 -856 -790 -466 -995 -698 -908 -269 -736 -792 -934 -631 623 468 -945 -91 263 642 982 -254 -20 -299 -82 -352 -550 -909 672 150 306 -819 -540 455 -125 690 -699 298 41 825 583 -315 -634 -981 625 -56 919 451 248 -688 801 717 212 -614 282 -492 -930 83 -533 -213 297 
706 330 925 460 -760 -793 -813 624 -661 -483 -300 -615 27 -682 267 368 514 -97 -920 573 979 496 -167 -386 825 -29 -826 -199 365 -844 786 251 -987 -121 179 975 285 -929 892 710 422 26 958 -57 -90 -12 -630 217 -615 602 341 454 -560 589 401 -790 755 -328 878 -66 772 -176 692 623 282 -260 554 519 669 -30 805 279 624 77 -993 -133 762 4 119 230 -458 334 142 -857 335 -349 873 426 -720 -741 -679 636 -486 785 13 455 -101 265 105 -296 
-585 680 71 -201 149 152 -207 14 827 -431 350 204 580 688 -35 55 -793 -820 167 -488 -77 263 -200 47 -800 -936 -315 -384 -6 -588 -27 939 47 921 -52 628 59 -487 -430 -434 98 -985 800 548 594 66 -70 347 -44 274 -607 -157 809 -444 844 59 391 -908 -687 -192 -548 145 331 -785 253 -670 -259 -547 -86 147 -845 -844 126 -829 480 -832 230 248 -815 88 126 -912 374 -884 -590 112 -219 -262 762 -308 -984 983 984 -577 -662 -328 400 703 451 -148 
-283 -603 -500 832 655 -856 675 913 -854 -373 -122 -170 -279 -438 797 -666 -385 64 -598 601 871 -110 -9 -498 605 338 -755 -435 -908 522 -971 -273 603 391 -436 305 -182 -912 -845 96 -786 -270 431 -295 -973 264 -555 -243 352 202 844 -877 780 -35 -850 -900 926 490 -69 517 -899 418 -649 270 483 915 399 -35 -697 -561 628 -508 371 605 312 -430 -9 -176 49 732 859 804 417 890 517 305 473 -534 902 704 506 225 276 442 -369 971 443 -698 -814 393 
-308 567 45 -743 573 -712 18 -924 831 -780 -518 -637 377 59 -540 -282 -818 879 -997 295 -840 9 368 28 878 921 923 797 -566 -311 107 80 479 566 861 -471 93 -315 510 -664 -820 454 -973 530 -332 231 464 929 397 -967 -231 -109 962 -762 175 -869 -386 717 111 -470 503 243 358 -492 941 -950 623 75 437 730 -41 -151 408 -204 24 28 -898 281 -152 341 242 -954 -452 130 -851 -520 929 -36 377 -671 151 201 477 -990 187 -662 -507 422 263 932 
804 956 -77 354 975 266 748 272 -919 797 -831 -181 860 472 328 230 848 -481 628 -419 171 -976 -287 582 213 -34 304 718 257 -387 281 515 70 583 961 879 -250 -216 803 522 532 -84 661 -283 141 -146 -120 -922 -897 -730 165 -283 543 336 -43 728 99 -453 -788 -353 -49 -682 -924 -189 -392 544 -998 599 275 -608 -799 -737 493 -451 -86 343 -734 841 727 -560 324 -910 811 -788 -973 413 496 -145 -964 -333 377 -624 148 -300 -98 847 -477 -684 -506 520 
-235 868 998 -351 -180 -568 -384 161 -382 -90 327 -991 266 -168 367 -803 -16 824 108 -129 -832 -424 110 577 451 -890 -955 265 -126 344 -728 -120 -880 -316 -370 -728 -423 -188 -10 -932 20 -929 795 872 -904 766 -238 425 -591 -350 737 -358 -307 666 636 -849 805 242 -542 -213 15 -290 -859 78 164 -439 -255 166 -249 -492 -424 -223 -184 -233 273 830 -488 246 758 -458 -695 450 -292 327 784 -997 -453 -891 -90 805 10 -841 638 545 639 -995 -141 581 761 147 
669 -137 -910 -691 50 331 831 -641 156 -615 437 511 -507 -404 -592 -858 -344 -245 -801 335 -654 438 -564 -720 815 -482 -253 188 281 957 -310 895 976 -370 709 336 -325 68 144 -675 366 128 -788 -957 -446 -516 -81 120 -323 -71 221 -474 -604 492 -309 -188 -648 123 -607 670 -206 871 -153 10 -355 -69 -268 715 -385 965 956 497 665 656 365 -232 -846 628 496 23 635 -677 676 -688 -686 940 -241 877 23 -624 99 941 154 347 -999 -170 -297 859 467 935 
-898 -12 583 -955 261 852 499 -381 252 -10 -122 -582 500 -649 -1000 573 -56 929 566 -104 923 194 -260 -542 408 725 920 -500 -582 -484 -413 -976 -881 -370 -626 440 301 -986 323 -624 -191 -334 16 784 223 -125 535 340 743 872 -975 747 106 8 623 -476 -842 574 651 487 887 628 245 874 583 554 -439 687 -203 -92 -908 581 -881 389 -956 639 17 -778 123 -655 -723 -867 -106 756 -121 -73 133 -913 -585 222 608 620 81 -286 -644 265 228 -624 517 824 
710 494 351 998 -883 -23 598 92 60 31 714 144 618 835 -144 -908 476 -986 -73 546 792 -502 -748 -490 -505 -942 913 435 -904 -299 -946 604 312 -294 -147 424 -718 -191 -886 -984 -11 -504 19 -401 -111 -285 -740 -854 618 637 -811 735 -819 -138 359 422 152 648 -249 680 449 -918 348 -881 456 23 -218 90 -128 -185 170 488 506 -331 -262 688 -419 -448 112 -129 22 608 -106 630 28 -657 -901 236 613 223 556 -363 -277 -55 -76 394 266 633 -941 328 
742 -252 -708 -71 686 578 -312 943 -484 382 -681 907 -274 -814 -723 35 -590 -302 -582 -111 79 853 -541 605 -765 457 16 213 -419 -958 598 845 -409 575 214 -908 -970 419 -510 -875 232 -716 754 336 -379 740 -816 151 191 620 821 -438 -733 -961 856 -687 807 815 -482 275 560 -180 195 -782 652 -417 708 887 -722 512 109 94 -10 890 -123 -185 -716 -761 -79 -768 72 -890 -544 -353 -588 -684 -606 803 847 -244 10 911 928 987 964 200 286 879 446 -126 
-545 726 -877 -170 627 -474 864 -597 706 -338 -570 653 -892 -933 349 564 771 -731 28 992 836 -483 -534 519 939 -376 927 -299 -92 950 -16 300 719 -220 -481 -699 300 531 413 -94 -911 -315 -912 359 259 -902 -340 218 313 71 -396 -874 180 -734 524 -431 -694 396 514 520 -71 198 584 258 658 -860 -358 -83 -690 -345 769 -989 186 543 -482 112 -810 652 727 -533 111 -810 -166 -546 771 -148 962 -259 -183 438 -440 -568 721 -766 -532 -298 683 407 869 -797 
321 166 -105 -818 709 554 803 -712 -499 889 167 -566 712 -509 703 -556 648 -188 924 609 440 -405 530 -972 -700 64 -658 210 329 246 880 -899 809 -591 462 -325 -900 -228 -173 -585 301 309 -516 632 529 426 678 179 -792 -628 -706 977 -704 610 52 746 788 839 371 -305 347 -174 824 -998 475 403 972 -529 811 609 911 -287 853 -24 -897 -912 -438 67 -918 -233 182 826 491 -587 305 -869 159 84 650 782 899 -104 -637 149 327 622 -652 655 -286 699 
-408 382 -436 265 217 -404 -506 -280 -734 800 -939 -32 -398 -122 -655 575 74 997 867 311 665 521 -362 -540 -110 584 610 524 908 -762 -22 -500 -878 -207 776 230 -293 -675 22 -475 -720 -705 697 -616 -202 758 -920 779 883 -69 959 518 207 -112 230 302 -937 -835 -626 526 -901 417 -203 945 503 431 217 -87 -68 -936 53 927 9 650 959 516 -786 -771 -2 210 -615 420 -89 260 -348 -7 227 -470 -144 559 -111 754 -613 -42 837 129 -171 -6 331 -263 
709 -510 -839 355 584 -969 -513 494 -499 -799 -412 -841 413 -479 -70 989 88 417 -200 867 358 10 59 -910 -735 -63 -663 686 -165 -1000 -233 -113 676 -259 -238 -410 -419 -689 47 -417 486 -833 401 297 -149 -18 -793 -154 -697 -329 -428 625 -740 -5 -549 714 -654 682 -499 132 16 -642 235 168 -660 553 -475 -736 -552 -673 -428 -45 208 -476 132 -848 707 -285 -295 -866 321 585 337 -641 754 389 -698 -62 -633 13 269 -638 18 888 530 911 -359 772 -293 -792 
-110 -299 -495 -121 302 -988 -842 468 -844 -317 979 -428 -915 113 -313 -175 981 -137 156 48 716 302 253 408 579 112 -875 507 -535 -723 -119 -818 -768 328 -870 -139 -708 -279 -637 563 459 865 -581 27 458 288 -669 -310 -450 -229 -68 -716 697 162 696 -144 539 597 -987 -353 208 515 556 870 623 706 149 644 895 756 969 -373 -842 -774 12 455 -826 438 -935 211 991 -104 -103 11 -813 -294 -101 226 -967 367 132 -254 -135 -736 -838 39 361 558 -44 -705 
-979 621 -599 -717 612 908 918 -614 744 -283 -429 -501 782 667 719 -761 -204 -837 459 121 -419 804 33 769 -112 903 -334 282 702 244 364 -419 -762 -224 -732 -145 -260 -407 -733 15 794 129 -469 -115 496 -502 438 -429 -939 727 -132 791 -518 674 -117 -45 447 -696 595 -737 475 -505 -295 669 -169 -292 120 -581 256 690 125 -724 -929 -258 307 -789 -415 148 128 -251 537 670 -157 -122 751 -49 -52 278 598 735 -434 475 -319 244 213 904 -397 731 -1000 772 
811 630 -320 62 468 116 355 -859 433 577 721 678 -49 686 -320 369 427 -54 -119 241 -201 -127 565 607 -125 -774 -819 -421 152 -883 256 593 -811 -470 -478 391 -293 986 945 -754 525 818 -453 -112 -911 462 -447 -142 440 -980 644 -620 49 -185 680 37 740 -631 830 613 310 -309 -320 418 85 766 -731 -888 -778 -855 -994 468 715 301 670 787 -477 -462 106 859 743 223 848 -57 201 -285 928 -587 538 -892 -314 129 887 945 617 -216 -251 876 628 -721 
602 -325 209 -174 452 -333 561 762 -123 -994 -231 -530 -310 -153 597 118 -991 -560 -522 88 454 -165 162 226 593 -469 843 595 -235 443 778 843 653 186 -123 836 912 742 290 -689 275 79 451 690 -362 51 -154 349 -695 -109 336 609 300 639 -159 113 -839 -2 -786 68 614 -486 -561 -814 506 857 464 588 35 92 -791 753 125 903 -409 729 48 290 -109 -493 399 -563 254 -886 538 399 -969 893 852 -474 -83 209 -447 30 788 449 312 -797 -462 -813 
767 -672 -40 -45 -754 193 -686 995 -18 -541 16 262 -381 727 -212 581 391 -491 -253 -937 540 -198 -117 287 553 981 -253 -491 289 634 -338 246 -660 -353 549 118 -137 664 -8 619 633 -846 511 -647 806 -486 108 -282 -759 669 583 -226 -938 -545 585 247 -310 -332 -293 300 -57 310 -393 -942 -26 -243 -97 112 513 724 598 529 -185 -475 -123 248 -799 357 673 694 -139 -355 -144 -805 -376 -278 -873 756 -645 682 484 -881 108 146 984 -739 118 198 387 620 
-229 -71 825 -97 735 720 -143 269 198 171 668 -861 -760 -731 889 -33 26 608 911 950 312 -459 809 -428 -678 -83 582 -769 260 618 -793 545 -919 987 509 -475 -349 48 -683 -420 -818 -40 -324 643 -772 -202 -981 914 -638 630 -98 -504 -472 -85 975 40 378 399 298 286 183 -218 -408 -892 229 -559 -455 -951 56 333 -626 994 -657 -689 33 652 -531 373 255 -130 131 -271 -534 -451 -47 -193 -512 798 480 975 701 -833 486 848 47 910 -910 -701 -747 -900 
469 205 998 -34 136 -731 513 649 12 889 -781 -405 -61 -331 372 -823 107 -29 -791 16 -42 -197 -781 788 598 311 -932 435 534 387 585 -417 -934 361 389 -489 604 973 7 727 872 497 -721 829 699 -137 -645 217 -86 939 -480 -657 -636 -687 -751 701 553 596 -742 -905 -645 -411 -63 -42 907 504 -666 -333 -348 734 -741 359 -271 693 -390 -757 -432 -891 671 268 -627 -173 -508 -207 680 -130 424 -829 103 740 -951 -428 -720 -197 229 -847 665 -876 852 941 
-70 -824 104 -630 784 167 820 133 427 592 -760 -204 627 573 -746 -454 -788 -239 89 -2 -677 -713 625 719 -446 -680 898 696 915 -126 32 482 529 -47 -973 932 -396 966 -495 -415 306 -995 -989 -963 -264 813 -263 950 745 970 -212 -113 411 -234 507 440 732 116 10 -51 400 -915 -894 187 -551 -791 -479 710 -916 958 -573 132 -529 745 -634 -267 430 -920 601 743 971 756 -883 151 -834 256 -282 -215 762 274 -997 -522 641 510 -700 223 -26 -59 927 -484 
957 -882 -730 -306 991 -928 -135 483 -180 -687 379 864 95 361 708 949 -748 628 412 -696 917 -428 881 -461 740 -978 100 121 928 900 -82 -240 658 -930 652 824 586 472 528 126 826 559 396 -602 587 862 -294 390 -583 -498 373 -25 278 -202 -319 -227 565 807 132 -733 903 -634 -360 -442 -523 125 934 -802 -875 -66 -639 727 597 -921 652 -385 284 248 -828 682 692 726 -2 675 -987 -687 -610 531 353 189 -847 97 984 923 101 -181 -120 679 -957 76 
-522 331 692 -999 911 740 -863 -905 -320 -475 595 221 465 -899 19 -913 -940 -140 966 -509 -420 131 698 105 -753 735 393 702 -262 -213 -565 -847 423 -995 315 -863 -675 -92 454 417 955 -101 633 481 -772 992 -427 353 -674 130 -982 267 137 -45 194 -823 689 261 -429 -279 -346 -952 741 -11 -640 152 -754 -847 -237 -601 -339 -426 -607 -421 -807 722 -602 -448 592 133 792 625 0 -55 199 13 -183 246 -828 565 -660 -503 -579 -542 -320 35 849 -853 -386 692 
213 396 -453 -679 817 -692 -542 55 150 724 -692 -656 -616 332 19 762 -295 764 176 954 -686 -638 -831 875 706 485 -943 -428 879 47 331 -772 648 430 -966 511 -925 397 -916 -43 -809 306 289 991 -248 422 -706 557 -423 -471 80 -438 -431 -354 -119 -902 -310 874 992 566 -870 696 -216 251 -939 -285 743 320 -515 -306 787 611 642 192 -518 -756 -38 -554 443 -379 -358 -249 893 537 -952 755 -757 -231 -269 154 610 56 -99 823 716 -669 908 282 -819 -470 
-400 -17 -91 831 95 -286 -901 -72 578 -185 569 -811 444 -364 43 85 521 197 942 213 -599 608 720 898 -661 -864 -565 303 46 332 -537 86 -723 -242 -681 402 94 450 575 741 -999 -560 -254 296 800 316 -808 -437 -383 -302 -702 878 438 -129 -169 731 652 -181 571 -146 827 908 786 807 215 26 -735 -344 393 -444 86 43 496 -878 -416 551 691 -889 -687 -464 -70 -189 -95 238 912 -363 -404 -621 -562 -960 484 117 -327 644 -219 -483 -787 201 73 -820 
-945 -174 -113 -401 -152 -340 640 935 -639 634 841 -493 -439 -901 -218 545 -911 -578 -837 577 893 197 293 -371 -487 663 986 899 -755 211 823 -684 -538 -947 -69 997 578 -229 15 990 52 -52 835 197 -754 -880 149 1 133 -764 53 -799 627 399 319 671 -417 937 -739 845 373 -216 -210 352 377 -860 -405 -268 189 -749 -546 -638 567 -792 266 -975 -272 467 -515 -359 -135 21 903 -811 335 -711 -37 312 348 910 -416 146 -407 588 205 -267 -10 -552 923 175 
-917 -762 885 -541 -761 -760 -911 -390 45 404 -704 -971 312 108 -412 -177 663 -22 131 -753 313 964 561 -554 -972 -224 -614 658 9 47 -561 180 672 -65 825 278 -319 -650 524 621 501 -725 543 22 -340 -251 34 692 -991 -917 -622 -509 928 613 -837 911 732 -467 -589 11 157 -27 -962 84 459 -18 478 274 936 -144 950 -128 186 191 383 196 139 -126 139 607 532 37 556 205 192 -642 846 682 -710 -789 -824 -606 -556 440 685 207 -442 -672 584 986 
-550 699 -697 833 -445 -384 -156 -962 -560 -448 234 -870 -800 -713 304 307 540 -209 244 109 506 -396 -345 -642 634 -105 555 950 -404 745 234 943 666 -409 665 653 -198 -388 381 -109 -273 949 -598 56 -957 653 938 169 709 -364 -410 485 -427 760 -922 730 -498 187 759 -256 214 -801 406 -811 -733 691 -985 355 -566 -678 478 -536 -230 -907 -261 858 236 -592 3 -329 388 -664 -577 -491 151 738 752 -465 -9 778 354 751 -719 555 -882 485 -836 676 346 52 
162 -491 731 91 -571 4 -86 -629 -578 -620 17 -809 876 23 431 949 -859 616 526 960 399 -365 -92 869 -136 -487 -432 109 -688 349 342 589 914 -256 -281 100 -931 148 37 -4 -985 496 89 -170 224 562 254 -898 -239 117 374 -483 -141 635 909 -235 400 199 76 310 487 -119 582 -90 34 1000 -443 -741 758 -421 665 562 -150 214 982 985 -680 455 -456 189 555 -752 143 884 -87 -810 526 462 -79 382 -423 -921 -262 -502 821 -72 40 718 -857 640 
969 -883 -809 -969 -859 470 947 -527 375 4 -805 -214 -54 -154 -950 -101 -581 76 -459 713 -577 -550 390 206 -744 941 292 783 -914 827 707 -195 -215 962 -228 767 -277 489 964 527 -280 421 -982 406 -554 971 470 -376 -118 472 -457 -230 -313 -192 -773 411 145 285 863 -554 115 -38 -506 765 -794 -492 -955 70 -530 -28 -938 905 -389 435 -944 -570 -738 -632 -132 150 191 -638 -298 -823 -33 -367 923 -98 272 164 291 357 -41 81 650 303 -975 -87 -126 -608 
-212 106 245 -128 767 334 -424 -873 -891 -179 -973 -211 650 975 876 391 -734 -263 172 820 287 408 153 -156 -71 609 672 255 -155 -102 -796 400 126 740 91 -65 980 -268 710 -843 -217 834 -101 705 -398 -524 -818 -578 189 56 875 -332 -259 512 -27 -325 -251 -185 360 280 -613 -151 740 -993 -850 -75 651 593 -783 -941 -434 569 787 67 -213 988 67 773 -17 -742 356 -24 747 561 -367 711 -470 -668 146 79 -78 208 853 -86 534 -347 140 630 931 253 
-511 933 483 603 -673 -87 590 816 0 408 -441 -27 -707 -856 650 363 -385 -383 -274 327 -14 843 11 -310 -559 -311 -887 761 -38 306 -120 525 472 -909 337 132 -403 -292 644 912 -887 851 -200 -8 907 917 -880 -153 201 -58 -769 798 -877 -845 -662 861 -763 -851 -668 994 974 -425 -921 -110 933 262 -193 590 -50 703 -149 623 564 753 933 -483 322 929 -88 68 -958 688 -897 -890 572 -282 -423 513 -163 -776 -187 -93 430 -654 -478 159 321 -357 -773 776 
824 -642 -416 -699 -5 274 316 223 -905 436 76 -951 56 -505 332 515 -178 683 -261 705 895 526 -322 -37 -216 -707 -26 129 361 -147 -742 449 443 236 981 -210 61 -986 801 -555 -896 -404 711 -609 -39 263 -256 -355 -795 892 521 173 948 595 428 -520 961 -333 -155 26 -12 458 328 717 10 -522 -327 971 -824 583 -246 980 -231 -807 892 730 896 -670 193 4 582 -134 -486 803 -514 116 -701 -199 238 -665 -28 715 545 727 -254 -480 -928 -971 259 739 
-157 -83 -752 -471 529 -691 484 145 -401 327 -924 432 -998 238 -6 961 850 904 515 -304 672 669 303 -52 -705 -663 -956 575 33 -446 712 786 -90 -442 -327 544 -64 -879 953 49 -371 -41 906 452 138 -14 -727 485 279 -57 905 -77 736 198 -749 353 -108 -422 -278 964 -633 -671 914 757 40 -906 398 771 -108 -735 -51 403 -650 -183 200 487 -732 -739 -332 -602 -112 -763 774 669 573 504 -438 113 -356 336 -658 533 -426 560 642 710 -364 -274 -932 -338 
-655 235 -398 -239 442 284 -194 124 394 -720 -140 522 606 274 -551 -636 263 94 414 -230 -842 480 5 335 -628 450 297 -211 -438 804 740 205 463 186 -31 672 458 208 311 -796 -616 4 38 -908 -89 180 452 -855 871 652 934 -31 703 -737 -100 -170 744 -104 -197 809 -874 190 15 871 -573 -166 471 954 -998 927 637 -127 517 -253 -141 -839 912 402 883 -149 -708 719 926 -438 -25 -404 -151 224 181 -389 -774 -141 65 -291 -264 948 -111 471 717 -822 
703 -209 469 -288 381 579 587 146 960 27 662 -277 632 -615 -990 -757 -221 -208 -906 -567 599 648 89 -497 181 -427 664 -133 712 278 -50 -690 504 -599 897 924 979 321 726 917 982 -820 -499 309 425 -161 -598 489 883 -89 401 601 -368 -747 158 -320 -383 -989 478 419 -933 -512 -485 -360 -317 -230 -372 -353 400 -457 585 -574 40 797 -276 636 -641 -672 -325 -669 938 -935 566 -288 -852 -954 -249 77 -976 284 480 -529 -477 345 -796 560 -39 -611 337 268 
-304 659 -648 91 -406 109 24 976 936 -723 -253 -897 -391 -292 -805 -930 73 -259 -640 99 -179 130 -9 -532 292 407 993 58 -568 -30 561 878 -506 791 -930 154 702 -709 -801 297 -378 946 -170 -980 -836 -53 585 -921 965 311 456 -35 -26 465 -122 718 160 -679 -767 139 -166 -544 -562 699 -721 398 192 -918 -755 -508 -663 140 -720 -43 -708 574 482 377 -717 366 252 -624 350 -584 -644 -392 278 707 -32 162 -769 771 -358 -417 -591 96 -308 309 400 990 
-457 550 -936 98 441 -483 713 -56 -900 638 500 -3 -24 -159 -192 -493 543 90 778 -854 -464 -390 -865 -162 -85 977 655 -687 286 -536 588 -727 -215 982 753 860 -723 -178 -774 -85 295 380 -511 -21 -452 -313 -654 886 911 -535 496 247 161 -692 -546 -844 -254 -676 -738 716 172 573 653 626 992 371 462 -566 984 718 -367 -270 33 309 869 -652 -972 414 528 -61 616 -738 484 -71 -32 751 792 81 226 84 -502 -885 677 679 -772 584 -505 -371 198 -92 
678 -476 -817 -545 -444 -72 -85 -754 699 462 -956 414 -363 -568 995 -308 -723 -60 -800 -479 -651 179 -862 737 589 -35 -308 -126 -292 692 -396 943 -245 -443 230 -715 -227 -379 -468 220 507 -513 -304 294 837 530 -14 -249 -726 -753 -785 780 -843 -280 861 -597 -568 383 -886 939 59 -957 777 -181 -591 905 -292 162 727 -292 780 -669 -512 -628 354 -38 -503 -873 309 790 -382 350 -456 409 701 -799 -677 203 -471 361 60 716 219 90 232 -434 228 -772 -701 770 
-457 -703 676 371 544 -597 -358 880 -480 -913 38 247 -417 779 -819 -909 -599 972 488 756 93 589 -230 74 45 276 759 -339 -18 396 -448 407 450 675 313 688 219 336 -873 -989 -874 -889 309 735 289 550 112 -673 -99 -572 -492 591 -32 1 -55 127 -15 981 770 -40 730 -395 671 536 643 585 -801 46 -859 21 193 75 -139 467 893 -620 -508 -390 175 -843 -726 -280 -150 -332 549 -181 307 386 -730 63 -474 -108 606 300 -989 372 457 719 307 844 
-431 269 1 529 -25 422 -994 -123 -952 -268 -821 -524 -804 196 197 87 -941 823 -288 331 295 -73 -749 613 -982 -397 209 292 400 225 297 767 -805 114 525 413 -11 -914 375 -897 -998 -439 -861 -16 -426 810 221 -669 -81 -95 -88 769 -226 -509 -199 -863 275 -914 -778 -661 -118 -37 590 120 -473 975 905 -432 -848 375 -895 -232 223 677 -144 165 -455 -391 -149 -138 336 699 198 844 698 -629 -766 625 -567 315 -486 -359 802 -141 21 935 217 700 574 624 
-927 687 680 -494 -783 -124 531 409 -643 -234 1000 -469 678 -710 -773 -953 352 80 -930 210 -362 -79 209 876 864 98 -42 -894 541 209 142 -439 -925 -761 -535 337 548 370 120 813 -839 -415 -572 -85 -671 -102 -395 -445 -851 803 -709 664 -889 761 -306 131 -339 207 491 751 552 -181 -967 -273 188 67 769 507 670 -576 -216 67 148 407 44 -983 -719 259 858 -200 -948 -837 -226 378 -995 -181 711 208 550 976 904 -552 344 658 -554 25 -40 -183 102 341 
220 936 594 16 533 778 -77 -15 740 -639 434 993 -873 -95 -21 881 604 309 404 59 -847 137 380 776 616 536 -153 -785 980 139 348 -186 -148 -234 -368 -368 -734 229 -273 -374 -534 -266 856 -395 229 441 -868 89 -970 -644 279 351 674 -263 -361 -990 65 -141 607 782 937 -596 430 560 -305 86 -200 538 915 -435 -590 -770 693 639 -866 785 -568 285 -270 -328 488 168 -679 -167 599 -375 235 -800 -333 -201 966 -988 257 -912 380 -885 926 -743 415 370 
869 -71 879 5 87 -480 12 556 476 -562 -205 30 338 911 -205 -52 -128 146 -15 -19 -159 863 447 -729 -509 39 -222 -86 -214 -707 -358 70 297 -844 992 613 -314 203 -44 48 926 -140 276 -356 338 152 309 141 -526 -253 -752 -968 -628 743 274 597 575 451 278 453 247 -191 785 -158 264 -15 -46 139 240 -569 544 851 -149 651 678 554 801 -867 -929 340 941 -541 -178 145 68 287 -19 -377 -704 336 -288 -111 -216 -803 -983 -894 767 -138 79 -239 
-92 -577 -244 32 -606 -419 861 -377 -821 -61 231 162 -822 812 551 -780 -773 -798 -150 943 1000 503 -698 389 52 243 -597 -686 311 -365 -121 815 535 74 -664 -971 -104 -785 146 662 -556 -515 -42 16 -373 767 -375 -620 -718 587 -242 -534 -382 -535 999 -344 833 859 260 968 -350 952 969 -684 801 257 -893 800 527 243 -281 465 -97 12 -184 -942 -653 699 -831 -780 280 -848 195 -416 -593 865 -739 -271 416 951 189 110 954 -844 -389 548 86 -741 118 509 
-861 287 -149 31 -171 -605 841 737 -732 805 975 728 884 -237 -782 -295 214 -699 -537 605 466 -986 -848 -361 846 431 -356 311 -543 -254 -821 32 -542 -237 -39 -599 -605 -117 984 -337 977 500 763 917 -218 -546 627 -43 368 -484 -25 -41 -634 -221 393 -985 -394 101 -220 571 634 140 798 824 111 802 -293 926 -987 -399 585 664 -375 575 -360 307 -607 85 -691 442 174 -913 75 102 831 941 -249 -502 -934 -487 532 -499 -66 327 -114 -871 -326 -635 232 -407 
-102 986 168 -112 489 -82 -811 103 298 15 -582 -199 -798 420 -348 8 183 721 -988 230 -331 44 459 58 -345 437 -31 964 173 291 -702 165 952 -370 179 -440 -85 488 339 934 -453 635 927 682 190 -157 248 744 234 237 -32 294 89 -891 462 736 -132 -862 -497 96 -304 596 -706 -625 589 942 -297 291 667 771 176 863 -691 566 -150 -247 -230 -597 -501 -364 -30 -943 768 994 -208 896 758 -399 -125 886 128 -764 688 190 919 -532 357 808 -398 335 
490 -180 -985 21 -990 -263 -957 -995 352 -990 -940 -71 989 556 321 40 752 -220 48 -383 696 -679 -456 -895 -792 171 702 -367 -909 -795 -868 -666 -820 -603 -437 -901 -412 -473 622 -261 578 870 -555 844 -926 -192 641 218 -272 707 548 997 -180 883 -902 -137 -513 -404 -686 915 -243 58 -289 -778 -479 -336 591 -193 -784 -326 -221 796 929 161 -79 939 246 509 543 -688 -221 -940 -698 -839 -219 711 -734 365 227 302 -914 -770 789 -781 -34 318 377 -195 990 106 
-596 -406 192 -268 -31 316 -691 -997 426 -606 952 -533 383 -508 500 287 216 -921 45 -167 -919 -97 901 244 -336 251 -78 -466 -923 930 403 -873 -179 -776 -302 -108 97 94 -924 0 -781 -240 -837 -676 1 -162 -174 -638 821 988 -618 776 -564 553 -152 -447 -515 113 -290 -580 90 263 -110 -868 977 -39 56 -966 159 -20 -752 -3 548 -786 105 -407 787 -617 967 291 -814 187 156 -888 168 -934 -69 418 654 -59 -74 -14 -436 -478 544 867 463 906 279 263 
-493 -154 -693 -994 759 709 483 220 140 944 931 -60 0 676 -183 398 550 759 -968 178 -469 173 68 392 -959 -867 27 -654 -853 -994 265 447 -737 -812 428 109 -985 158 606 308 149 -472 -427 484 -69 -470 -500 -553 -498 -409 271 815 -657 -166 874 917 -332 -377 -59 -338 -634 967 971 630 -395 -886 -52 -694 -789 582 -642 759 326 376 664 -633 698 792 624 -446 -881 -568 112 -549 670 875 544 392 293 64 94 -763 -632 690 -272 764 -356 620 -298 -216 
