196 -766 955 720 -79 -185 636 526 -44 -309 -340 -55 -78 165 -820 -570 -55 358 -146 -165 425 -414 -28 -622 355 -98 814 -979 3 -401 -448 323 -618 -168 720 -376 907 535 253 872 50 -521 937 -916 841 893 -849 205 -169 -26 800 -336 277 258 755 -434 524 678 448 -581 -581 -546 894 330 220 -168 -662 411 514 397 992 511 -426 507 -879 -200 -352 937 -11 -446 615 891 843 -60 788 329 979 -363 -619 428 60 -456 -984 -552 626 364 -896 -72 -548 694 
-991 -2 260 -635 669 938 -820 -655 -779 347 -888 -442 327 23 -883 -863 -829 -269 -152 449 313 580 620 -440 47 -994 461 648 -296 -55 579 -919 44 -541 -321 -736 809 -915 -281 119 -412 -433 267 -52 -10 510 289 -691 -773 -628 -647 -658 -146 -172 -169 958 -777 602 875 -544 -271 -142 360 -576 -751 390 957 303 8 -989 38 825 52 600 48 -402 980 417 203 78 957 110 462 -517 709 -626 -627 696 -505 -807 981 400 292 -471 273 -573 899 -605 389 311 
-128 -347 -954 136 -422 272 682 -470 -607 -951 134 -592 -262 -51 664 649 470 663 -223 -370 128 156 921 717 230 847 -615 734 -287 -743 940 760 -125 197 -279 412 -498 540 492 776 592 -429 -432 -452 -451 -974 961 186 640 969 -274 -426 125 333 3 -348 442 -167 130 808 -269 -836 -911 -808 397 -776 463 -63 -670 814 451 985 411 11 426 -325 -862 941 359 98 890 -794 -765 -956 708 53 -287 193 35 196 186 100 591 394 -187 -434 210 225 300 -547 
399 -203 -697 258 -29 -251 966 251 660 175 818 -682 -734 651 828 -652 -189 -286 -799 -906 -644 -221 -894 -655 -10 385 388 -379 606 -345 745 -127 -949 -626 971 -245 837 -541 62 -766 -980 -210 -50 -364 -949 672 983 85 537 -89 783 634 799 -623 -67 19 -518 709 -629 -295 38 494 604 -335 -744 462 439 -417 -267 -713 588 558 43 -979 186 -199 720 -135 -448 -766 797 854 -860 4 -237 337 459 636 -677 644 -254 -779 412 -588 915 -79 83 -419 -305 -129 
-967 -862 -896 88 148 -755 -908 -599 -972 706 -328 -108 -461 -977 959 737 867 467 199 -889 490 897 -322 85 -35 123 20 -281 -65 551 245 -559 -104 310 -429 236 -116 -556 423 -932 172 -855 524 634 328 223 38 -895 -534 400 793 135 790 797 -495 -994 815 155 -721 -793 700 -489 799 -466 -690 401 -739 420 -415 569 282 442 -1000 346 -750 84 614 231 111 -711 -124 837 692 310 253 468 -584 389 -362 -591 688 -417 122 328 -890 21 101 487 -998 971 
-497 -510 -683 573 -844 23 -434 53 636 -809 797 -811 -243 421 652 676 -590 608 -367 -767 542 -416 1000 -599 282 490 -757 281 495 -600 28 5 -399 969 874 206 -566 -668 -864 -171 -357 173 -448 361 654 -20 801 541 862 -665 -902 922 -268 -769 -301 606 -827 -882 -362 295 -871 -100 379 -533 237 278 -53 441 912 -977 -718 176 -645 373 234 -226 753 606 -254 -527 543 -302 835 -728 -214 -126 -944 471 95 -4 111 -99 541 187 -569 597 -920 -781 230 513 
193 226 731 72 -539 -453 439 -17 -119 52 328 -435 546 -426 589 701 201 469 539 -281 153 573 -760 770 -12 879 988 -133 54 219 -219 -233 -441 851 -195 -537 -679 83 -885 -974 847 -598 -396 676 -112 220 674 959 -984 109 -756 657 873 654 936 -145 186 -526 -622 132 -856 404 220 -768 531 -50 -65 -330 -26 -648 -947 272 -741 58 600 -952 -406 -375 47 -752 553 -920 -133 32 -397 -994 -806 -415 553 784 -865 -887 169 -626 696 -137 368 -329 208 377 
983 -875 -209 -827 446 -78 345 -635 -952 29 956 -198 309 -999 -667 305 293 -159 129 452 932 -32 -842 754 986 -120 937 -597 958 -375 -842 -134 824 -201 -5 584 824 481 218 -718 842 398 -731 716 -803 821 -143 -218 -622 15 -429 604 377 258 904 -245 632 743 163 746 859 205 914 923 483 520 843 413 -300 -53 939 -169 232 623 129 -12 -718 650 854 -5 179 -411 867 805 719 840 416 686 -734 596 -317 680 -258 -486 -980 30 119 733 733 40 
790 951 439 -129 216 -544 -971 -439 81 172 826 -803 -716 799 -219 -484 -69 517 950 311 288 634 781 584 559 175 -757 10 435 -225 326 789 -66 -385 952 -832 702 123 -838 707 -674 620 -351 -371 451 538 -177 586 104 -379 -443 -279 -911 -844 -525 -812 220 227 702 -489 100 -861 -166 -592 621 521 -839 -650 -899 951 -578 665 -726 791 -800 528 -520 558 859 901 -651 239 531 -440 -451 -599 488 25 331 -752 857 393 360 -311 -587 153 931 880 190 -933 
-333 -932 338 989 118 -70 803 463 139 856 -703 727 -125 910 384 103 -4 376 941 -505 -512 -427 -521 -807 452 -354 -102 141 411 799 722 -703 -578 382 -790 -56 350 450 -174 -804 -464 -601 741 214 871 -531 574 208 775 284 -616 460 340 -77 -645 58 -519 -53 -967 -213 -407 844 131 686 -477 -75 268 648 -767 -26 -162 -600 282 517 -892 134 76 515 322 -526 263 -764 120 785 -405 448 360 -684 819 -612 -707 -230 -246 664 31 -657 -834 630 101 566 
69 388 -204 -421 -173 -907 803 321 136 474 616 671 961 -375 777 273 88 730 653 771 563 -44 868 -744 -58 349 -845 717 -213 999 349 482 301 309 -275 -95 -985 783 785 244 -926 -816 -496 696 -741 109 -818 -824 777 -856 -653 -559 -510 -652 569 -165 135 -897 -989 556 201 -941 -409 612 17 -479 828 -635 637 -172 -244 -784 -352 -270 958 -134 -858 -581 -761 -78 -337 380 21 -542 -159 -896 -336 -437 -533 -531 -149 321 578 367 584 684 929 151 190 -797 
-944 838 663 -351 858 -890 605 -5 414 758 -333 423 967 776 -415 -586 432 -343 490 -274 -710 904 833 -168 930 629 -707 238 107 -287 387 -646 271 706 -14 300 -57 -862 -698 -165 -659 147 519 -905 -774 -170 -747 26 278 -803 -705 -615 -323 -19 -254 -203 -792 -175 801 683 302 547 547 -820 -999 -579 -865 819 -435 559 785 292 -755 -580 -875 27 -965 -87 -837 -312 -328 43 -147 834 -149 212 -53 -782 -470 -853 -607 -788 -100 156 -648 -469 -467 855 514 380 
-989 509 -309 -766 934 951 -269 -683 -412 -44 -908 -617 -731 722 -406 21 492 76 801 -819 -474 -253 913 929 -29 909 362 801 -196 -598 67 631 -332 521 -79 739 473 525 447 131 463 -430 796 6 -568 311 -703 -359 949 -567 17 12 199 -917 779 -87 -483 -436 91 585 -672 408 740 935 507 823 -334 -923 157 331 -907 156 -255 608 993 891 16 -64 192 -831 105 -37 -611 -61 -221 -707 -674 -597 22 -463 492 -144 -712 189 630 -861 810 -543 263 840 
-316 -523 -920 -563 -533 701 981 501 -309 -744 -340 -107 -242 -257 316 317 -594 895 246 -97 -684 -614 -211 661 995 -811 -903 179 380 967 -225 325 -738 843 969 67 -30 416 -319 358 572 -586 -314 354 -265 547 440 -51 357 720 -277 -672 750 -454 854 -60 938 758 -765 -691 383 475 313 -906 -970 -579 323 -722 467 -447 -114 125 -448 -83 858 274 -338 79 825 474 -65 -10 996 -475 -690 -86 38 -260 62 400 -550 -150 -13 -1000 -100 -940 -497 100 287 -213 
805 735 -743 -733 -301 14 -487 865 476 -591 390 327 673 482 -62 -518 -115 -308 362 697 -956 889 -491 -488 282 554 697 347 -791 452 774 -166 896 -315 880 511 -252 710 739 945 819 -356 -888 234 -20 179 84 -814 981 476 -693 626 -52 471 -656 830 394 -968 -79 517 -344 -80 917 507 -896 -150 -255 439 -76 -28 132 -346 222 379 752 604 437 -279 -388 -212 -470 480 436 176 337 90 627 92 474 -252 585 -126 134 296 -359 482 49 192 -275 694 
346 65 -972 379 151 444 449 259 -770 -275 211 377 115 110 -145 -94 -754 -879 -873 -723 361 -45 950 -506 -29 -302 -505 -634 57 626 879 -138 -299 109 -399 -738 574 831 892 -200 -860 250 429 -222 665 -427 -612 962 8 815 -677 -806 -738 19 -615 -565 974 -615 138 -533 532 -943 515 419 -448 513 -994 494 -503 -671 -846 -539 900 -215 900 822 -124 -461 406 -413 556 -462 -575 523 -730 -214 687 31 990 858 503 -868 -206 415 -286 -805 -598 660 -139 -841 
509 505 659 414 140 -181 -721 205 926 654 -186 -421 945 -47 909 -668 -367 229 118 -349 912 542 259 -796 922 932 79 409 -330 403 516 -816 736 -807 82 388 -978 -147 -715 103 -986 -544 643 -383 -688 49 -236 -809 439 885 703 183 -420 -763 -77 41 552 -208 -723 683 -285 -687 152 422 -388 -459 420 -25 -578 -484 180 194 920 823 801 -864 -750 356 -627 -999 -654 -173 972 -713 833 638 32 -519 925 244 -206 39 -698 -609 -927 602 -29 -518 760 658 
683 -830 -606 484 145 394 528 -316 -842 248 520 153 -379 -22 494 -527 734 653 -173 -457 526 -529 843 -29 -409 729 936 -538 -834 -602 700 -469 -76 -646 785 -149 -508 320 122 64 -648 79 614 957 338 276 -942 189 -614 -353 375 846 118 479 -519 503 -377 81 -193 367 -366 411 -558 608 640 -94 181 371 -530 -767 -15 -194 -524 970 969 129 -69 122 422 -702 -611 -35 614 148 10 -596 944 -704 130 648 803 300 -472 344 -365 13 292 -25 508 657 
-656 -119 879 438 -640 468 969 678 522 -734 -888 -903 -623 764 195 -74 -900 783 850 -344 242 125 -509 863 -852 607 -193 -700 -32 187 680 -934 -250 673 -127 856 -398 592 -995 932 -61 -594 -103 405 -61 163 -939 713 -379 -148 -178 960 -329 701 -75 -754 675 -442 -498 420 -552 563 584 99 -696 -692 866 -741 -489 527 -222 -41 183 -913 -989 228 912 885 -461 -803 -598 281 89 -517 -521 645 -582 858 52 -126 22 549 230 993 -19 394 651 535 714 -937 
0 314 -863 -120 264 -319 -302 -352 991 -281 -375 -310 512 -306 -305 -436 558 -506 834 -103 -277 859 -321 525 -968 -840 341 -755 -538 754 298 988 -964 -119 -299 -693 -33 637 -871 974 -926 844 915 -398 742 -498 -989 -555 -921 -66 -716 335 441 -194 -421 695 -843 221 -350 -89 115 109 193 -151 440 239 -919 73 111 202 809 421 700 552 -42 -321 615 585 -816 525 929 -389 -30 709 296 -272 -169 966 34 -720 -986 532 894 348 550 -712 -756 -849 -427 -298 
460 674 493 622 -908 -143 516 8 -445 672 113 -926 -64 -303 466 -311 878 915 -794 -637 537 444 249 172 -274 329 825 950 -744 -959 570 650 24 365 -608 53 101 433 -206 169 504 658 337 -404 -96 -884 675 338 -391 -173 503 182 -3 -891 721 -266 -471 753 -699 -766 -8 -530 -539 -730 575 -314 830 751 310 792 -886 -939 712 -501 760 915 -57 171 169 -177 -52 893 -809 813 -766 579 -637 -525 781 -965 -163 -564 229 -161 92 287 215 -104 31 983 
106 -959 -801 449 618 437 827 506 -972 500 855 978 -270 -236 763 718 418 -507 -374 995 -938 511 -135 -523 -572 363 -462 -693 -395 233 572 302 504 613 -141 867 -303 966 433 314 -744 -763 258 603 -508 721 611 499 -490 -124 -63 131 -19 465 352 -893 -401 -405 -666 -969 -949 441 584 595 -675 -176 -186 -921 -318 227 100 -228 456 409 -967 -594 -922 -763 -928 447 -381 43 -75 -611 -637 407 -275 393 846 -945 316 597 202 76 756 -829 -772 405 -639 423 
-254 121 25 981 -473 -611 428 450 61 -234 801 209 -22 -225 916 -643 790 983 166 -605 -779 527 436 -989 447 -737 -354 -975 -331 618 -453 568 855 -538 813 389 -584 860 -745 -545 708 341 -845 -882 -221 -649 -528 -959 -914 365 91 -48 -779 -66 837 62 758 -793 219 -415 94 227 897 -585 499 373 893 -152 542 -729 -72 28 -582 493 5 -870 -918 282 -690 -751 -16 112 79 -358 -988 -248 -284 884 -771 773 -984 602 449 682 -87 837 534 -868 993 -105 
814 -612 -823 -191 -473 -903 -874 -415 -481 489 -876 -425 -134 -446 -238 -941 -384 973 929 143 -680 564 -37 -837 -721 271 555 -156 861 523 565 803 101 6 135 955 -985 849 675 -346 462 970 808 -514 858 -940 238 267 -219 218 822 -59 -53 -281 -408 -906 -59 589 -339 -470 -326 896 578 913 -777 150 661 455 105 -907 -39 -962 -938 292 -780 488 -665 -398 -116 -545 578 345 219 -637 -457 -502 -627 -888 -161 168 473 -51 246 -721 -50 532 85 137 -45 -301 
-636 529 -218 -36 -447 -106 676 495 184 -684 229 22 -144 99 552 -990 861 887 -991 -793 660 482 -608 -302 -666 611 678 374 -296 -97 98 350 -955 691 -496 269 -186 -917 155 -985 -229 345 644 584 447 -645 -567 -304 -495 34 109 -22 -537 122 -207 -903 -425 238 200 -440 -629 -843 88 993 -891 71 -23 -420 -148 742 666 -121 406 871 483 694 -190 886 202 629 -193 576 339 -430 34 -775 632 648 -963 -804 207 -764 -113 804 -381 422 -891 539 834 -228 
902 -630 -608 989 -356 -52 -132 209 632 -417 -732 38 -615 890 719 -407 -203 -870 266 -124 -683 -423 734 -897 93 118 -315 652 -758 -610 -719 427 267 -690 -138 990 266 603 -903 -595 -182 -295 423 481 -296 393 -103 -578 -864 372 758 167 452 -984 528 264 610 142 175 681 436 -705 590 203 -634 -659 149 -176 -15 41 189 -363 387 -630 -888 -384 181 -335 727 -545 906 -752 424 -923 554 -632 -495 776 937 -453 -304 849 638 -838 -484 -583 729 536 -768 -457 
-109 575 -643 -304 -560 914 -932 -467 719 -167 -400 -429 -637 -425 -821 -106 429 347 658 -863 -368 959 -156 282 -639 -370 265 747 595 -728 496 -815 -705 601 817 -406 6 423 -596 977 -330 -85 -698 841 -887 -754 291 -670 -422 427 786 250 -122 -601 -38 520 -180 -153 905 925 700 505 -389 693 390 715 -732 77 -182 -844 56 -162 -925 262 -144 821 988 -703 994 -825 709 -570 988 -919 -501 -557 -606 -642 -604 -658 -311 723 -971 445 589 504 -422 200 -210 874 
-780 -259 -662 -523 214 22 898 681 546 516 584 -606 248 208 -753 112 -815 -664 -659 -161 -996 -772 450 353 762 -295 -800 -657 134 -491 -9 231 626 716 757 -273 -548 762 25 -558 498 283 -191 243 -762 -804 -830 946 -474 733 786 777 -679 -11 -753 703 914 433 -315 -929 361 -285 251 -24 -429 384 427 -792 -549 173 -140 27 294 197 171 826 -586 -524 430 744 654 187 -479 297 431 786 -870 -363 -323 -305 597 -593 -728 -759 519 -459 915 -997 522 979 
-426 -155 705 -993 -903 896 -822 779 329 -912 -71 -580 218 -426 796 193 -369 874 -581 -650 -649 312 724 794 -929 114 495 811 -814 -686 188 -179 224 -785 -4 420 -578 -870 688 389 218 722 753 -226 326 -77 264 418 886 -394 -758 871 -372 -216 -296 -459 210 929 677 -477 -319 797 -705 282 -958 669 481 -843 -482 275 -670 488 291 -291 -375 -391 726 223 -409 913 -781 -604 -774 -858 -429 -439 754 -483 316 -146 -876 891 -499 -289 -215 535 -569 747 -524 -621 
91 -316 859 -9 -564 91 -146 -748 108 -156 -827 16 20 410 709 516 -51 -531 -579 -212 -671 -764 -105 846 -758 124 462 0 38 -875 -501 -617 184 578 61 677 279 -504 -188 479 -306 396 -333 611 -406 -89 70 366 -526 993 -737 -401 36 -559 48 -297 -385 802 -454 -786 -312 -706 -328 -184 -118 271 -27 764 -961 490 821 -981 702 792 959 -59 89 442 -899 17 -679 -170 -285 -164 -480 427 424 237 600 -79 -223 -429 -383 290 -526 844 -651 -11 869 588 
-179 -904 -534 500 554 -803 -191 506 417 -503 -918 837 -550 -830 570 441 -604 597 -115 -174 704 685 898 49 -833 915 -809 621 -385 180 298 653 -169 358 -259 370 372 -378 104 -508 660 -476 -185 710 886 -91 156 601 676 683 -816 -319 126 936 -61 536 -919 -75 -305 244 832 -303 -854 -534 754 336 -986 -68 -931 -202 -887 -640 -111 79 -362 -145 233 690 503 811 -3 244 -738 662 46 611 35 -761 238 -561 -114 301 -126 495 -134 45 -147 442 -753 -962 
-316 751 839 653 -493 967 94 -941 907 69 -852 -975 889 461 481 205 -202 798 -838 -931 7 262 675 -547 -903 -637 -533 -907 138 435 750 -883 452 774 -813 -805 -150 542 695 -300 484 -465 -773 70 774 -881 399 -976 -949 84 944 -354 233 98 856 -700 -982 -237 623 -961 874 119 -535 895 3 -677 273 525 258 276 618 -474 334 -475 589 464 896 -482 479 741 -723 -35 141 785 -497 -209 -449 -885 535 -187 -13 813 -666 -501 -924 739 416 727 -514 470 
-113 -25 876 316 752 -316 -332 70 -8 -932 -500 847 547 -556 -808 898 -746 -692 193 859 523 842 452 307 -58 234 565 -886 -432 790 942 268 -465 396 554 -797 -768 -754 977 407 -324 -483 961 -162 -60 -765 -502 -654 295 -198 -500 -86 -616 -351 471 -754 -721 289 -164 -856 369 -318 -954 -784 -213 -174 23 -311 -730 -171 554 605 -394 -285 45 701 511 517 237 330 23 -687 -539 700 937 -544 609 -197 110 -99 -781 994 -571 21 -115 437 236 690 -621 56 
-46 884 -226 -246 939 -2 -892 673 513 955 867 8 -697 962 -971 528 380 465 -585 -662 867 -36 -185 373 -234 -251 645 31 370 -274 -477 -629 -123 198 -246 913 -910 223 -739 727 66 -257 170 -622 -342 885 -205 -537 -46 266 -146 -499 -7 -859 90 -989 239 -567 735 873 -888 -328 682 920 -434 -256 -192 -441 -137 199 -523 -307 -814 -418 -38 -233 -916 23 11 -940 392 -799 -705 -109 296 -533 -8 513 683 886 487 722 876 431 -623 494 -981 427 -38 545 
-646 -533 -808 -979 -78 -809 -107 180 -74 -753 -736 -240 -79 26 -845 86 -984 169 721 444 -1000 -581 21 0 375 414 -880 645 604 617 -706 223 336 -964 328 779 163 -628 605 -877 907 -365 557 -376 708 900 119 581 861 -878 -3 928 659 953 -384 -905 840 -216 -820 -92 -633 87 87 -732 -269 -278 417 817 111 -100 -241 500 768 -323 -377 -554 529 281 -405 -481 205 -159 205 -382 -139 879 30 -501 -655 -41 -161 -380 -540 745 8 -871 186 -761 203 -164 
-101 880 527 -142 -142 -325 665 40 -147 -713 55 -873 679 -587 947 -483 -615 454 249 -868 -842 891 -30 -448 -476 -815 844 392 320 -25 411 -98 956 207 -626 440 861 -26 602 -246 -932 25 442 -530 -148 29 711 -137 -219 -367 312 508 158 -116 169 -576 199 265 103 915 256 -308 584 574 -254 -295 382 211 200 648 414 883 -474 934 -940 -28 -540 -321 -634 -357 -369 -523 -735 -861 246 -510 311 517 491 -184 365 992 -910 -604 -511 -527 -364 963 -374 960 
-481 -148 -671 180 691 -657 329 904 -702 806 -268 -806 -881 -655 255 279 684 283 881 879 -317 12 679 696 -824 218 39 50 -350 790 0 354 734 -639 181 -923 454 637 -305 218 -550 -319 -323 -721 -554 861 -469 29 -266 -881 -155 -412 190 922 -784 71 958 404 973 -649 309 134 156 -942 -724 886 543 133 -873 -192 -445 -3 604 104 789 564 829 -123 -804 414 -539 -165 791 628 -495 -281 330 581 555 758 702 -782 590 353 299 -792 -166 -954 674 -828 
-910 600 124 -883 734 -90 422 438 -501 372 -393 831 785 -629 -659 482 817 -554 89 -416 -670 -582 -452 -490 905 202 -289 88 941 -256 -69 810 781 221 -519 623 176 487 415 23 231 -251 686 -581 924 4 -223 978 -408 852 449 93 124 261 -849 594 908 778 249 -943 503 -114 -360 -302 250 957 48 -473 -994 -52 -796 -316 595 750 621 882 -174 558 -343 638 -634 485 -445 -721 -445 122 100 868 829 751 730 -333 800 -463 563 228 -412 -440 566 -864 
-541 670 -804 -953 -510 -620 772 435 -530 252 160 -899 752 207 253 219 -56 -554 -268 166 -532 -940 -922 -767 -244 609 441 -308 -601 739 -22 -484 692 441 481 458 653 -265 934 615 473 -696 -328 603 -686 -792 -509 -288 -986 -474 258 102 -56 37 752 -743 -951 142 -410 -550 30 685 -59 -261 -119 452 -679 443 -446 527 339 290 -782 435 -812 186 -162 -575 242 -377 -872 -110 -40 -49 -443 -131 550 -143 -762 37 -25 205 125 604 133 -854 562 568 478 1000 
-278 -521 -211 82 861 338 -916 595 -66 256 658 -472 970 206 101 623 254 -930 -246 -24 2 301 581 245 -281 -239 -587 -184 -937 392 -227 -14 756 -765 -279 971 -176 6 -250 360 92 -308 -102 -953 900 -857 -973 -191 -804 184 -727 50 -721 -786 595 339 -539 388 -579 620 648 -322 -789 -850 -784 -896 -612 -174 -152 655 347 -312 -969 -452 663 -709 34 56 -172 -637 -12 -373 52 956 724 -581 -658 -259 -34 -529 -881 172 459 -319 -761 -181 97 749 -911 -980 
-191 -346 113 529 479 676 -10 556 411 -831 246 -110 357 357 -279 500 449 269 -431 -179 -549 885 -221 747 157 -970 -240 -411 999 -812 -603 -521 177 -618 -369 843 965 65 -29 -978 -108 677 -788 771 -766 453 333 -171 922 -400 -422 -873 312 -595 -682 531 999 -635 -360 -775 543 -285 -897 -470 -32 -712 -782 567 167 -777 230 -347 285 312 797 543 431 239 -134 61 818 -141 533 850 615 -36 -871 604 -472 -145 968 131 176 -862 -686 -421 -141 -879 470 -4 
-578 709 131 -369 832 -409 -421 108 671 303 202 -463 746 -193 -513 -899 -527 235 -161 -108 -525 -168 389 -191 -135 852 -253 83 -350 -378 528 -295 947 350 57 -52 -619 727 -192 -896 -865 770 266 791 -392 837 -373 -113 -74 601 584 -110 -422 -849 898 -476 138 542 -89 -658 340 -696 295 -982 -914 -614 -557 999 613 -442 -149 -616 157 -349 700 5 -757 962 -23 -952 -126 482 372 -912 442 859 931 543 -349 -741 844 -609 651 33 -406 495 343 -714 524 -782 
20 -119 -912 440 -447 -376 793 637 -667 255 -779 776 136 815 15 291 -467 -375 679 91 217 -208 -97 -824 -79 785 604 923 870 779 -644 975 895 -588 -797 671 411 -330 -271 -65 -946 84 -164 314 -813 664 499 -624 548 -112 878 674 364 -819 -490 -359 -889 -977 107 -318 889 -936 517 591 -874 -73 633 607 -775 -219 -711 455 110 166 465 994 -973 -55 466 -243 -476 -721 722 915 286 -566 73 84 -479 -485 -428 390 834 -728 623 -95 -716 -177 450 563 
820 943 624 577 138 144 103 206 -200 383 -135 -725 -270 -885 168 597 50 -130 -632 30 -328 -685 598 402 -944 -73 609 924 -47 -364 -661 -281 -331 136 -79 488 -634 509 218 687 -609 -124 -607 578 -948 450 750 -814 831 169 802 558 918 679 -172 675 114 397 418 847 822 418 -188 -623 -977 -340 -19 -475 753 -762 940 -948 918 -298 444 -744 -33 -834 287 400 846 597 856 -610 785 -788 784 -139 -268 -921 54 -710 -980 -750 34 217 -627 480 955 -833 
-172 -131 343 -597 -567 278 -962 377 549 643 854 201 894 -724 -676 -655 617 247 710 285 269 -363 195 453 -806 -522 977 -948 -563 465 6 374 769 983 775 160 -153 -926 812 -281 -41 145 20 447 -328 -52 310 -917 -379 995 331 401 298 -282 989 -839 -192 -523 -985 708 35 287 292 366 227 -39 892 -808 336 -434 -463 -796 813 -165 912 428 -755 50 691 -709 -958 927 -432 -348 732 146 -379 -40 -41 -31 -854 -587 -385 -803 -560 -969 -525 -19 -903 -987 
234 -251 -890 120 925 153 -654 902 -610 -180 -316 625 799 769 -141 -389 397 706 849 127 42 997 579 279 -593 70 -182 646 953 -122 -182 -892 701 896 384 -961 179 -213 391 -383 -915 -29 357 -612 -545 160 -348 215 74 227 782 340 422 -300 -766 280 469 837 818 -266 -253 -783 696 -677 814 -605 542 728 607 -11 -12 482 590 170 -889 304 796 -241 -475 -447 855 -24 21 920 881 -249 745 780 903 -895 -783 -434 344 -603 698 -779 189 -789 -189 -156 
-404 -515 716 27 93 -116 -757 -804 441 -326 -498 851 -424 -631 325 922 238 -529 77 125 972 -560 -426 941 714 -199 -420 -613 -561 -725 -1000 498 -431 402 -294 270 625 -286 -895 478 -212 958 -106 -705 -374 459 -968 -274 -1 195 -972 -503 -871 636 -698 -443 618 934 915 684 953 915 574 294 -433 226 922 872 -584 -818 955 -464 210 -471 -189 299 645 -866 -218 -146 -490 -524 949 -695 -240 -550 357 -75 -215 -402 -531 -756 -936 -835 -774 -719 782 756 696 -155 
-141 476 -671 838 -975 882 892 -953 -3 -491 63 -97 890 -932 545 -595 -548 -96 27 482 973 -735 32 464 -428 -851 276 369 -965 844 -862 488 543 -793 531 -952 883 -820 -689 382 942 441 931 -917 -105 -82 -94 -65 199 -525 343 -463 121 981 -361 168 530 126 865 424 -645 -185 -585 509 -459 -230 -842 -275 622 843 -665 -652 -257 238 336 -919 723 -908 -764 -292 -313 897 -21 31 -959 45 -660 -673 -535 -684 445 595 -373 -5 -483 -69 750 -152 381 384 
-69 979 820 569 852 -393 942 664 -551 993 -869 870 -146 -40 -409 -732 990 539 965 394 -437 41 52 44 -22 631 -339 -994 745 -212 312 -686 949 666 -603 194 -167 -484 343 180 468 461 -880 6 -623 -688 -543 152 191 93 563 -409 442 -914 36 -358 711 52 335 635 -285 -389 666 -583 -139 426 -35 897 747 747 874 -917 121 453 263 -623 786 613 165 569 -979 197 682 -135 -291 -590 -954 -619 -107 -431 598 -837 -186 928 286 -769 -989 -900 855 -827 
129 -511 86 180 436 -919 390 798 958 -980 -158 842 -84 -115 -868 694 -640 -668 -756 898 338 -27 354 213 486 -548 390 -747 -301 -475 -40 -957 -901 -456 687 768 64 452 132 903 -691 -981 -253 626 -754 114 -866 924 735 -170 -651 -914 -600 589 -57 -957 836 831 -583 486 -136 -576 -398 973 967 700 198 -915 322 157 -261 -712 243 617 623 83 145 851 595 351 -769 390 1000 -485 -629 57 221 -86 880 -192 523 121 465 -196 -3 -774 996 -950 782 388 
-132 989 -246 -300 564 758 589 292 -722 371 100 913 904 621 -140 -314 32 612 130 -104 -1 -961 -874 -137 448 -124 616 579 -610 -230 -164 -372 93 -723 805 934 253 985 755 -798 -475 -585 247 -273 -450 534 -890 6 985 -230 946 829 657 844 82 -44 370 523 -276 979 266 -737 -124 8 -669 -478 -662 298 -184 53 -529 -899 253 994 888 -777 54 -728 919 -648 126 -697 -526 249 527 -363 950 -251 -370 885 -610 144 -821 -478 -242 -958 -919 818 754 -443 
236 -824 -728 -250 -675 -62 374 386 -970 882 -702 -658 -843 -461 -154 -368 856 -686 -20 103 -391 -889 875 -345 -344 -420 327 227 -385 -703 -838 234 109 -698 -444 64 -217 959 185 528 -205 854 694 -92 634 75 -855 -221 -72 391 -846 -304 343 -389 895 576 -511 -879 527 -622 13 140 -888 -640 -181 -501 -753 839 -937 -832 -522 626 -955 -718 775 196 -993 -640 105 506 -923 -391 229 -527 -990 950 -422 686 -611 -294 248 -552 842 -255 974 -428 -868 -191 821 938 
-529 930 -838 -829 931 22 415 393 848 -838 930 55 -880 -27 67 75 549 -422 -263 -372 553 -823 -832 -209 975 -852 871 415 -785 426 659 -49 400 933 -836 -571 677 783 -885 701 846 -25 26 552 -684 857 789 621 527 -626 -141 -39 -72 -456 -741 -871 83 742 170 265 -513 309 389 317 -914 617 -648 -720 -705 -909 -477 239 -574 87 -409 -488 -678 -324 -211 -609 138 447 -161 -136 -91 -678 169 685 -525 507 638 -217 572 -156 697 -342 -505 -207 248 602 
257 789 165 817 -541 834 418 905 -458 671 44 718 -973 613 -534 710 926 104 -733 -967 -724 -475 -536 -870 -18 -233 -972 630 -768 263 -55 -653 -266 720 -674 -388 -567 999 332 -189 -380 276 374 459 812 -267 -257 417 101 279 -138 -486 -826 -213 360 152 -926 -354 -722 170 723 604 -159 -143 350 -994 695 915 643 -461 293 -530 -988 607 -595 853 115 -251 -177 -940 -18 -443 -931 -604 941 968 -626 730 210 965 -259 -893 -895 -798 -680 -906 418 85 -922 368 
274 697 429 -939 611 987 477 -528 -580 467 -340 -910 -557 623 84 792 -624 -923 566 88 -88 -119 -746 -851 -687 839 -606 898 -590 772 126 -725 342 -794 -255 -481 -297 993 1000 234 673 244 452 -853 -733 182 108 64 -884 170 -880 843 -841 -794 206 -902 -125 575 30 -739 -204 15 968 863 128 -49 667 570 -929 46 764 86 705 338 814 225 665 -332 683 752 164 -601 -63 955 889 686 126 946 330 -33 -715 8 -616 847 587 640 -962 866 -816 744 
397 802 -267 779 824 -113 -423 924 -798 -221 -508 372 239 976 222 786 170 -17 923 209 -24 111 -97 72 748 972 -31 -892 777 655 -864 -488 -571 641 -885 721 92 795 -417 918 -589 -897 541 110 501 701 -343 501 191 87 593 -55 -913 641 119 172 567 -575 448 -623 -573 799 565 -991 896 253 798 -747 886 874 -470 212 647 -433 184 -851 -662 307 -225 -368 -319 -395 630 -688 206 179 634 -751 250 912 -165 452 -855 584 -708 284 -960 933 880 -425 
-609 730 -594 -628 -367 266 -768 -998 401 -780 544 324 168 592 40 -257 -303 -224 -481 -401 -198 -217 236 794 408 525 135 -889 -625 218 734 -987 142 85 278 47 604 -732 943 110 -320 -838 -813 -127 221 839 226 -778 -307 -716 -550 533 -265 603 -204 873 -440 -487 -826 -350 60 685 -460 45 325 -939 -593 547 -155 479 -797 345 -245 360 -105 361 966 865 -213 314 35 238 357 -290 -802 -701 84 -396 391 -712 -32 62 -194 -101 -131 -62 652 902 -909 -201 
707 -348 -338 382 -379 288 -398 679 -603 625 -248 -685 -600 337 597 130 -907 294 412 848 -956 863 837 -171 711 -942 740 -999 270 260 -30 -62 -85 315 227 -591 645 31 -288 411 -906 979 912 -107 -588 95 442 -623 -746 -447 -123 779 928 302 -52 -113 -514 396 -372 -21 812 -994 584 -44 486 594 382 965 -808 80 -725 741 -687 214 -337 -791 -747 932 -396 906 -552 12 -326 -972 -333 -704 221 641 944 988 534 574 -867 957 856 250 947 -730 172 -958 
988 -425 434 764 -132 861 -245 913 -595 -890 -555 -380 -983 837 708 -742 -155 -814 597 -927 209 -368 488 -788 846 -335 488 -993 -463 -687 -20 600 -919 -776 -1 351 245 100 557 -680 -81 -637 -293 114 913 -742 -592 -272 400 236 -235 -938 83 -625 261 -686 112 56 -997 -548 63 -317 -499 209 421 -736 -946 167 -842 -499 445 142 678 -132 -785 -454 -820 -586 415 -548 187 221 375 140 776 794 -580 442 -400 -97 -763 -965 912 219 578 -939 -625 648 -576 -323 
-284 798 825 -850 783 149 161 183 65 815 -243 -415 343 -172 203 -354 -652 623 515 -264 410 -822 -667 23 380 -384 381 253 586 302 938 -813 -250 94 857 -447 343 -550 688 -705 -641 -935 752 19 590 -354 -874 -7 -447 39 376 -476 -287 -189 688 218 -251 395 -694 -843 -237 44 -656 739 379 44 -123 729 666 -229 470 -9 26 545 -800 214 68 723 -984 877 91 660 -104 459 790 115 -419 -274 -976 651 -461 688 347 787 -692 913 -459 -565 37 -274 
662 207 218 910 955 461 713 552 -96 -218 656 -822 662 -872 714 -714 322 -426 262 -485 655 803 583 -421 -369 -361 -160 -934 491 799 489 806 990 220 264 414 -442 -674 -123 551 -753 -929 36 -647 -907 362 388 18 -537 -622 -116 357 826 565 224 -51 -519 309 342 -739 -66 -397 708 648 -280 -631 106 42 -4 -875 826 -456 -563 640 124 -346 549 -865 34 5 893 -724 805 -235 908 -100 -627 -249 -659 -479 -654 221 -263 32 -194 -679 952 -883 -115 -800 
667 136 -791 -674 -316 -423 -952 -961 -144 709 -713 635 323 781 -37 333 438 853 -724 -25 -860 884 -31 978 -656 683 -628 -60 -831 -936 -958 897 417 -724 766 755 -431 567 933 344 823 140 215 -646 -736 -709 -845 655 471 675 875 632 203 771 -552 -716 672 442 -417 946 472 2 494 437 119 718 228 614 970 -584 -1 -959 793 -383 150 -404 871 827 -833 816 131 600 -10 781 970 586 885 324 877 -963 374 -591 653 -896 -791 93 109 969 212 -419 
849 56 -178 420 -971 451 -815 466 -941 -962 919 -651 436 976 476 -116 -340 945 933 958 -715 151 269 -641 254 -321 -60 -774 292 -63 -946 -757 274 824 -277 -513 -181 -59 329 -25 70 556 990 965 -602 -147 930 -736 -248 -386 -321 -71 334 339 151 531 -290 236 -44 -444 -367 383 -32 -836 -460 541 521 -609 691 264 745 222 -59 -955 240 284 -856 -359 447 -440 289 978 -359 -454 -693 -663 -726 803 365 358 64 -45 262 713 -581 -344 212 -691 -192 305 
475 28 -566 383 -258 122 224 44 -29 -823 -589 -757 -279 -684 -385 -259 172 874 117 340 93 450 729 508 -203 860 248 479 -47 48 831 -342 498 -901 255 868 710 767 -111 506 46 -247 -129 -847 975 -582 595 -597 566 -612 179 -999 -606 -299 160 -430 -862 -661 403 -718 -414 -968 -518 768 -708 266 352 144 -325 493 384 335 279 -836 449 -335 -614 343 81 -905 385 -665 109 -768 167 -687 -347 -747 987 -867 -744 912 353 586 229 203 -409 297 691 37 
-431 -758 -24 -185 -209 897 794 -264 946 315 458 -57 -742 -339 374 122 899 822 736 682 -768 -793 -412 -474 -597 859 290 -233 523 702 733 -782 -207 677 -438 -916 833 57 -372 -398 74 432 -390 138 673 817 -352 143 411 -527 -631 989 -55 817 -764 -334 274 -334 -137 564 867 -16 -781 -10 -196 -928 689 -763 709 -220 25 674 364 -1 236 -879 -87 -918 142 405 -425 -437 235 442 -26 -263 691 926 19 -32 957 592 511 960 -350 -747 107 -872 935 754 
752 -326 915 -986 -946 550 -354 727 319 -90 548 191 -298 -714 -194 529 -216 108 795 -39 178 478 -989 -495 -932 317 -735 47 -904 418 -456 581 863 16 -470 699 -138 -373 868 -969 -913 -437 -981 -784 807 -836 245 -186 33 991 105 51 -9 717 360 -663 849 -88 324 683 -162 -556 -841 257 -162 155 823 818 130 -159 172 80 901 412 43 -624 577 -78 56 -112 95 -960 -204 -694 28 65 -635 -49 -931 -712 -997 -271 853 -598 -721 808 102 -753 542 -952 
-227 -127 103 -334 397 -312 -615 703 -231 -918 476 421 131 -379 -194 -775 834 255 939 895 29 -195 250 204 850 -996 -634 -96 226 334 751 -610 -556 -296 723 438 389 328 581 -763 -443 -731 -162 509 720 411 442 -827 -585 -245 -366 -389 354 79 -130 -697 295 126 8 -761 42 -896 -536 -385 597 555 135 -762 -335 -958 -354 -991 593 636 394 -675 854 -690 -515 873 543 309 -264 -961 -776 -447 -743 274 980 892 915 -870 735 -356 11 965 350 317 -401 722 
-260 -742 498 -632 -606 908 -190 710 -756 427 -243 977 -563 243 -275 291 762 -354 -127 968 -926 806 79 -278 239 -34 342 -942 38 -215 411 286 169 -17 -715 592 630 -791 -530 335 781 152 -455 439 167 -853 -151 374 912 918 -316 -426 -893 540 -689 732 340 424 -481 642 -856 -792 75 -368 459 933 -95 -371 -568 -377 -388 -246 -873 782 627 672 -465 375 363 6 -395 311 -41 832 -603 297 739 -909 814 -583 -609 -563 -695 979 709 -480 168 -1000 838 -559 
172 -722 527 -649 -493 -334 305 -222 -847 354 174 -967 652 -874 -789 -413 -781 752 -476 -457 794 -777 -651 456 939 -466 204 -254 393 -556 979 -781 -705 916 -422 871 -362 864 756 -314 -644 -122 706 404 -348 167 -206 -688 395 -999 -685 424 154 194 -331 653 -687 -335 -166 138 -16 398 496 952 -226 400 88 184 340 -103 -212 -558 656 -752 -150 -818 -856 -558 -999 425 776 -786 800 -272 -422 420 672 181 714 -390 -513 216 673 -486 -467 -822 190 -921 841 212 
-172 216 533 328 -594 -430 532 637 -604 -407 994 965 -719 422 47 107 933 902 -535 -14 -602 -932 449 430 -94 737 459 748 -822 -954 -62 507 641 631 615 682 -8 73 -933 -742 649 410 881 -820 -708 -204 -646 975 -950 524 82 -553 -581 784 -230 783 740 441 -261 -444 -255 -132 265 -48 268 -737 -105 577 -740 116 -660 -335 719 -898 687 148 721 119 371 173 514 -992 768 -8 563 968 508 690 -66 -378 460 -595 -584 -449 515 938 -364 410 -293 644 
-90 -782 -385 30 912 513 814 203 772 555 552 660 -45 613 648 -239 -448 -187 -224 452 765 906 -366 743 -8 318 558 -917 951 858 -66 -253 415 969 -955 456 775 565 -810 710 -645 -451 597 -537 726 292 -366 -854 242 933 -544 480 637 -734 533 -995 -915 438 -561 -274 302 -260 -664 889 369 -560 773 18 149 -616 -870 651 -224 143 -25 879 39 407 -168 674 807 678 -177 853 272 -426 121 -806 264 371 153 831 -577 -288 925 -708 841 638 -742 -767 
809 -776 128 -828 69 -104 17 441 197 -248 259 368 222 84 -981 -14 -807 641 174 -610 -986 829 -964 -337 -606 -205 741 -593 671 -427 323 181 -77 -224 296 -585 -556 148 625 582 -452 590 -96 14 460 219 329 67 -371 833 149 -591 422 -385 -1000 8 -223 -681 310 -940 -526 -633 -384 -403 -532 927 580 238 -726 -98 -781 -639 -376 371 794 -213 -322 -966 853 -249 -405 -835 373 -418 -458 178 303 -384 -884 -923 -546 -610 -413 -999 -482 -157 -609 288 -660 914 
683 -774 -887 534 44 911 -71 99 -338 394 -836 570 -253 609 -166 334 -475 280 -531 -565 -543 708 937 851 536 688 -925 -872 -717 281 -499 211 -659 -744 93 -472 -614 262 -259 349 612 458 -865 -662 -5 40 325 645 768 -709 -764 464 591 908 -996 279 -454 -105 -149 461 -979 -667 248 465 249 358 541 954 303 -626 344 -59 -871 -820 361 -841 -360 -506 -776 893 -447 362 -520 553 -598 840 -706 978 235 -322 -810 -651 489 -156 213 -338 399 449 -76 453 
-472 -936 667 742 622 -25 -72 529 -545 938 -575 -585 108 -236 425 -172 -833 464 470 -462 636 480 -455 894 905 -404 523 -549 -366 -682 -538 658 -256 -82 -195 424 -750 928 588 196 369 299 615 -177 -909 -220 194 294 686 890 -909 -105 -355 678 -941 -377 388 524 464 -285 221 -732 153 -459 631 644 -238 893 791 -569 -850 805 -84 424 -864 -524 86 -118 366 -865 -170 626 566 506 855 -495 889 964 823 -675 107 -778 -802 -54 191 439 65 -828 -707 416 
-363 -739 -721 473 23 -836 -780 797 950 352 651 522 909 -427 -168 -621 707 20 394 968 -440 249 -600 568 -498 -767 -550 397 -770 28 807 -104 -988 -841 567 715 -218 -617 -148 -896 403 506 846 932 -462 341 -713 -747 627 250 -151 -18 52 829 -730 -264 696 -377 278 -664 -843 -872 413 856 -89 -135 -166 91 868 -394 458 -877 -716 -832 -833 -833 -736 26 342 -663 630 -481 -700 -710 -288 926 -380 -724 703 -965 71 -899 775 -972 -681 163 976 519 836 -509 
-688 542 122 183 -38 -778 721 -776 -327 642 70 -812 -225 483 618 186 976 216 401 -733 194 73 -566 872 -297 -149 -197 -879 352 710 901 -591 -51 -931 -349 -64 -564 663 334 -544 98 711 649 461 557 -225 -618 -365 702 100 -693 -784 -955 -740 935 499 -231 803 -410 -330 -565 623 -911 965 558 53 -693 -468 -966 -284 -561 -50 833 700 -727 210 -507 739 117 967 269 642 573 866 -327 -849 -500 -247 -352 710 -669 -927 489 -596 23 280 912 757 345 -576 
-110 -368 75 -198 228 -738 -583 -369 -862 692 371 -292 721 784 -942 906 -122 950 -63 -876 965 122 -23 -158 466 -677 -641 286 -576 157 313 -620 -575 -740 600 -273 750 405 -363 -843 -702 -346 832 -424 -581 974 930 976 -675 -622 530 524 880 251 -399 -897 -664 -524 -381 -275 629 -432 -111 335 456 -301 537 -822 565 825 109 814 223 594 -474 485 723 340 552 -479 178 -749 160 232 -575 -346 -701 -150 495 390 -211 -848 -369 -49 28 -715 394 109 705 413 
393 -556 857 104 739 -546 -534 -406 757 16 -491 -201 993 439 499 55 -853 -935 863 942 -54 958 787 -632 780 759 -106 838 717 705 -892 -701 -769 571 -302 588 505 -269 850 786 425 -180 -113 839 -120 -418 -12 344 -76 -275 -961 -577 -251 -980 612 -870 -218 -803 820 -114 44 -62 -387 -63 -618 -235 124 797 -978 -459 -99 -579 -640 -216 238 9 -118 708 -519 206 -765 419 14 672 793 709 -938 618 -466 -371 209 316 -934 770 -444 -159 -627 -773 381 173 
-403 957 714 -368 182 -963 693 358 100 -795 -353 -333 -271 -108 -123 -610 680 640 -146 -834 -110 -65 -521 -675 740 -214 -458 958 517 -698 391 134 -903 -749 -962 145 68 668 490 -351 -930 597 -236 334 524 -801 -426 -924 -582 -90 -945 803 197 -603 -444 15 548 -898 656 226 227 897 -942 790 -15 -661 472 -34 382 963 -61 -863 778 -739 282 -543 409 -639 115 -582 -321 252 611 -92 464 -44 -851 -384 -366 631 300 -269 438 537 708 -403 -68 -280 -302 -700 
593 -324 -878 -271 -297 1 -996 -525 -126 452 -483 -402 -501 -883 -409 846 36 430 -822 -447 816 529 -142 -385 -963 745 870 -88 -784 19 262 -6 583 -891 -676 -822 -576 494 -743 -85 515 -958 911 -887 569 468 -559 -269 163 270 435 442 -593 733 -308 -380 -846 -92 793 -233 -764 -410 -533 445 -29 -766 602 -659 815 -279 -280 -288 -71 337 516 975 855 282 -679 260 779 -902 -88 -180 822 409 58 -223 -903 883 88 888 -150 79 -368 -451 -500 934 -344 -766 
-331 719 -885 -961 -363 221 -892 821 -10 -969 508 277 287 -494 199 676 217 666 266 231 -55 614 702 137 -87 914 0 -872 167 84 -848 552 -705 -590 -984 604 77 414 -487 40 603 953 -232 -506 -659 196 -625 -197 -215 -181 126 -576 -937 -609 -687 -836 -622 465 -550 -578 -975 -153 436 852 -965 470 669 858 -132 409 -770 114 -833 -653 -723 -397 126 -908 571 184 922 858 482 -996 -333 864 -115 -80 362 -644 -79 -724 -72 -742 -379 -503 -220 560 -59 -927 
-973 83 -161 -985 197 460 644 564 57 996 918 -46 746 211 419 553 671 -861 778 -529 -415 68 922 -437 -629 -401 -470 203 -848 -684 -751 -607 438 -458 -125 -767 485 970 -487 -694 -973 -803 699 -375 -974 989 -194 695 -965 645 -248 -881 673 -1000 142 834 -652 -511 965 -825 473 814 163 -260 954 121 247 -810 -305 685 -509 665 -612 88 726 -413 -313 732 840 -8 41 959 1000 374 -234 424 -38 -868 -107 373 -859 -78 989 -802 307 -981 245 -2 -480 847 
-493 900 16 -279 -212 -303 -646 -839 -556 23 16 -192 -176 -917 -84 -951 -227 -814 -557 -712 -527 360 -35 517 965 -712 -823 346 773 710 -244 -427 -412 -432 -935 611 79 -572 -74 -853 299 155 -148 73 134 -926 -258 -788 478 976 698 385 629 860 -123 -94 556 214 709 334 585 706 231 -637 651 -744 -469 808 550 880 -476 663 -446 -257 -638 789 -264 -219 344 590 338 -388 589 -956 35 389 700 -921 511 387 -621 -503 192 -585 -810 -933 -678 -586 308 291 
34 -880 -281 -327 223 941 -507 286 241 211 -121 198 -833 -249 607 -452 -988 -520 -85 414 -654 461 506 -11 -20 -853 -483 297 -268 153 133 723 983 195 626 193 -315 773 -625 -191 -74 707 -730 -267 87 800 265 -793 -444 -242 774 476 -732 663 703 390 760 954 446 -10 914 -733 -580 990 -104 458 -761 -745 306 783 -296 -341 -792 -659 886 348 -325 -56 337 964 938 -801 -458 -422 353 -498 535 670 -89 393 -603 -233 -628 823 -861 735 561 266 -372 -457 
-97 705 -92 -201 389 -576 -632 -123 -164 521 -21 918 170 206 -65 118 230 -598 -980 -510 797 562 -684 474 941 -210 -708 -817 218 130 -658 908 103 865 925 162 -100 708 -948 960 255 -255 213 125 988 -187 -444 -812 -491 299 838 718 915 -623 -538 547 -495 591 139 -875 -884 565 -601 50 -228 18 -658 -887 675 -630 925 -612 315 -949 -473 100 196 -448 -640 -581 662 -103 236 238 128 692 496 -829 439 674 291 -99 255 -724 857 -9 -244 -339 -494 -339 
518 -836 490 -772 253 789 984 -925 239 -129 113 76 404 4 -278 814 284 -436 -523 991 -211 -367 -291 977 237 -742 839 683 -561 -902 -525 947 -361 200 -256 -161 -199 15 407 520 427 122 -195 -262 -582 434 44 -141 617 831 -750 541 -225 256 -624 622 -2 -798 312 966 -846 117 204 209 421 873 811 -376 433 -971 -132 747 -150 -80 333 263 -362 635 -793 496 -762 141 756 -195 -70 779 -541 926 419 172 658 744 582 327 327 241 25 98 619 148 
594 -370 383 275 402 970 -925 -69 -321 10 -674 -109 -693 8 470 -860 -169 21 -819 -335 -592 -760 594 172 941 -13 699 752 -251 710 -226 -642 85 24 301 -223 237 672 -352 -761 -718 -45 168 321 -921 382 -697 13 529 -715 -738 -101 476 -215 -883 882 -786 -759 -822 568 -316 -548 -448 -272 -29 574 -8 -886 973 517 606 -172 -997 -521 -360 495 -527 -514 610 142 -237 554 719 -87 613 860 610 -123 -759 -41 222 -27 235 -411 -761 -770 620 -111 500 -332 
903 278 103 -755 670 277 680 266 466 -484 -698 147 143 359 448 -931 578 -580 -613 -383 -184 -285 845 -782 -760 -603 -293 796 -672 -557 450 15 304 -817 -308 -183 761 771 -285 658 236 -836 734 -603 236 423 -306 995 16 -154 -719 -90 371 544 913 -199 271 -262 -292 284 -929 -439 -598 552 -534 -924 -978 -990 435 -200 229 -100 840 -246 -565 -979 468 -903 890 415 -517 -551 400 818 640 81 392 931 -483 784 815 870 282 -547 -618 601 -624 -24 183 549 
-194 453 580 -475 -285 -149 -564 -564 326 25 -428 491 -819 -20 250 -362 37 -554 943 -920 -877 -900 139 -840 -356 -976 -384 27 305 672 -341 477 -882 -452 -595 -692 576 95 397 -413 -633 250 -764 145 -984 -238 -446 117 -597 930 -994 -323 378 -987 -544 849 254 413 -954 -640 -89 -35 643 931 -721 -308 -604 781 -974 41 -124 -471 585 -838 -99 -36 782 -567 448 955 59 312 -939 -84 -315 963 991 261 -903 -175 -451 989 568 738 -992 457 -519 -623 -788 756 
908 167 334 287 235 -140 217 -559 875 198 -997 -352 316 616 -815 -398 -373 48 -462 917 758 194 -118 -263 501 -530 281 -795 -720 29 4 120 -255 -206 412 -421 176 252 -470 498 -672 749 -190 782 339 827 492 -591 934 -546 389 -88 764 405 326 620 -435 -333 95 -921 607 398 819 -606 904 -160 731 617 -806 914 -451 -53 -273 -811 -620 -383 -501 -203 -153 155 122 -137 -29 629 531 -997 -347 51 -347 -18 -243 -569 -839 460 -906 952 69 -529 511 -22 
-853 804 -126 -17 703 -940 -42 -585 73 -842 772 -360 -861 -678 252 -669 892 840 -470 931 -167 -860 971 332 188 -577 853 -697 -866 886 296 953 -379 622 244 362 -109 -29 66 -407 81 941 -364 644 -887 341 -192 365 -785 -752 909 -275 595 -748 -637 227 -728 94 306 67 32 670 283 -286 -998 -360 -474 194 -893 255 337 -183 382 64 30 -657 974 -826 -116 78 906 930 604 401 565 535 -227 365 -774 822 -452 -482 -464 -485 -191 -615 369 266 -141 -211 
283 -765 -386 -366 -991 -765 785 -775 392 -879 78 -615 715 848 15 393 979 706 444 -482 835 -699 916 -171 426 -489 -407 -423 -795 106 -683 806 986 -981 -320 790 -34 -552 789 835 -660 306 752 -794 -44 -296 -364 604 -418 -445 769 -153 621 420 341 -870 -991 494 318 310 956 -340 923 930 701 -720 623 252 -504 369 607 -969 141 380 -664 502 504 -776 520 -788 -206 -195 603 -831 -311 -293 -904 641 529 436 849 609 -406 705 -262 -560 -893 338 -188 103 
459 474 -239 -685 340 811 826 -670 41 350 -174 -28 -314 -430 -833 -929 811 -287 234 156 -943 119 -123 462 -380 -248 914 612 -905 -273 747 -385 -453 423 -250 -635 -202 196 -869 -762 -797 -199 -596 970 -468 504 -377 262 980 632 -580 232 -330 -681 962 792 104 968 661 778 -837 293 942 357 -991 -786 387 257 -598 319 531 816 889 318 525 -995 -317 -942 360 -481 -372 255 941 506 -242 899 360 833 282 -264 955 -17 -760 -496 335 359 824 452 483 27 
-61 447 -193 -453 76 136 -957 325 -70 -721 825 -216 -382 -727 -461 -19 175 -623 611 325 -823 -351 289 -985 604 953 -473 697 929 802 562 -762 -592 -270 515 -505 725 -892 -211 -50 6 371 -940 995 -573 23 991 -608 -970 -310 165 967 966 -302 491 319 -452 971 876 686 325 -243 -608 -686 54 -5 -384 -399 -617 526 722 234 -677 91 59 192 -9 322 -30 730 -22 403 346 -254 -356 -29 -401 576 890 -274 839 240 -200 -942 383 -391 -69 -650 345 -125 
-206 779 -69 -968 -80 421 2 -77 208 183 453 740 844 -546 -871 392 -386 304 -374 700 550 390 -231 -504 797 525 -921 -233 -74 816 185 993 -93 -209 792 473 -600 818 -315 221 148 -646 -295 -655 -899 -618 724 155 242 840 284 -611 -20 -609 -797 -108 417 686 -439 -440 673 -223 -485 -446 -197 186 -921 790 -914 -652 834 -778 381 727 -342 -263 571 730 645 -84 -3 -25 -652 -803 275 784 -417 -28 -168 799 337 799 -234 437 506 -444 -466 -650 -303 -810 
-357 -127 295 -446 -256 869 132 681 369 -37 -44 -113 290 684 642 -232 650 733 -990 249 385 -167 -925 660 639 -997 301 556 487 -614 -90 -251 -91 332 237 14 135 -746 -239 454 -761 457 -14 -161 -102 -564 782 -224 -158 493 -196 624 -137 -589 494 724 -235 190 20 67 -459 -947 -583 330 963 -927 -818 519 670 913 -477 -82 121 -840 -198 526 479 -691 819 -627 114 -653 -564 179 376 683 -109 64 -834 264 -382 289 933 -289 594 -630 -371 -236 -69 604 
148 -822 -558 819 219 -521 612 498 -538 544 -200 562 -401 -444 39 -215 -112 940 12 557 -695 969 805 313 63 290 220 78 708 154 -605 -619 247 69 434 -588 -599 104 293 -613 115 892 -927 -487 -747 519 917 -784 -280 -304 887 176 -977 397 -651 897 738 813 -564 381 348 412 281 -858 366 -63 695 -913 -844 -157 -636 -52 -249 716 834 728 -598 953 408 427 -576 496 -351 786 446 848 381 -372 -898 -567 -741 -722 -495 -989 -8 167 324 674 17 481 
-365 -751 493 -464 -192 -849 956 -773 -599 -852 -282 17 75 460 -40 820 -490 185 -1 -464 762 877 741 439 241 588 428 861 -872 -313 -611 -966 -330 101 -419 195 188 515 836 557 -952 -246 -876 -825 604 -288 -908 534 114 690 -417 -182 835 -303 -791 -555 -76 177 -278 -138 -478 213 84 921 944 -524 -347 -243 -794 -248 665 -101 -809 22 466 -411 5 -73 277 -631 -802 621 756 -377 -207 24 497 -233 -913 -479 282 -75 508 775 504 -410 -770 725 -542 -39 
-391 478 644 224 -935 -646 -939 -746 250 -557 810 524 -13 76 -807 353 370 -875 -815 -272 47 493 -89 683 676 843 1000 -577 -503 890 -770 322 -758 -59 -455 -524 -235 203 553 -140 418 251 -289 919 536 891 -626 -803 -455 940 595 -977 -497 79 -521 -116 770 -937 -305 393 663 644 -511 445 365 493 445 -742 -790 475 -558 -256 -773 -457 -693 289 207 -599 -150 -417 715 -695 554 -985 138 444 793 -614 -36 -185 456 -990 -955 -859 574 -566 676 -769 -227 617 
552 -117 837 -413 -670 157 -553 104 -233 -793 880 -174 -391 -251 418 -759 35 487 752 -817 761 -729 969 730 -165 -561 326 -634 -120 0 -463 -440 -717 -295 -132 211 745 760 788 116 471 660 974 -441 -388 -531 -787 -583 -95 799 -775 -992 719 315 -86 860 290 15 522 281 -131 100 -107 281 -64 147 181 269 -162 953 426 -174 -409 -409 -567 872 837 102 877 91 41 726 5 574 548 756 -98 415 -827 300 178 677 492 784 -355 -461 579 792 -981 -115 
