-166 995 441 866 -1000 -744 -396 999 -707 -528 -816 -207 -628 -224 -309 340 -207 872 78 693 -162 -374 371 49 -591 -113 757 -541 -946 69 341 828 -165 -86 117 -139 -720 879 -604 557 602 432 937 606 -373 -815 385 36 753 730 790 659 -830 660 -922 -454 -661 -882 757 341 -804 186 -158 343 916 -177 66 -605 384 -421 -369 -716 373 567 670 -175 -964 -932 501 248 978 321 497 -403 -439 -108 579 -556 -794 -854 -104 -62 818 -808 -413 807 -425 -761 -740 50 
-962 -833 358 834 -577 821 -469 -402 -17 169 -894 132 148 228 -707 914 179 -478 400 -538 -796 67 -172 900 389 -14 -172 81 -901 531 72 -910 328 -720 30 585 890 -941 173 767 807 82 -725 -104 -722 785 615 -245 -205 77 -670 305 855 -278 -305 142 502 276 452 -748 767 381 247 296 502 -292 -302 527 -460 -287 792 506 -144 763 930 -977 327 -4 244 -853 -771 574 899 -872 -100 -290 157 884 -184 -241 -526 526 807 543 147 -397 -995 546 234 -694 
-347 157 54 -982 772 418 -286 -59 817 529 247 -65 -969 -462 859 664 382 103 995 -860 -656 -55 -726 486 866 -616 394 -71 -868 -540 511 17 508 -583 846 -902 423 38 -752 -656 -961 -207 -948 -786 -944 20 -508 -796 720 -423 78 -537 106 936 684 -444 -752 -533 -442 -817 172 140 940 -164 122 -264 -963 626 602 -421 -534 435 615 226 -224 -146 727 504 494 -144 113 -143 -727 -276 -881 -694 -758 875 -911 833 -785 564 -549 233 426 -928 119 309 -975 -741 
-856 -411 935 -279 136 -451 -594 -852 -496 -696 488 -677 -609 878 163 -258 941 -900 694 482 -521 -403 -12 -592 240 964 658 786 -687 519 -963 302 -860 -921 -27 628 213 525 138 -89 -365 64 978 -782 160 -708 -240 18 102 -569 491 833 339 -76 -470 -736 -868 529 -260 -575 260 -852 -580 -810 506 -676 -867 -287 -480 -810 610 -714 -613 862 279 153 49 680 850 247 -474 -351 -869 456 470 45 545 474 816 -670 864 374 -973 -146 -532 457 234 513 898 -205 
901 851 113 -593 832 -984 283 853 -220 -411 -28 -666 209 -952 99 -96 853 617 838 -263 -210 219 927 -931 -652 -291 -748 -843 -730 387 11 -975 -957 -81 896 923 655 -332 -970 -56 -648 -790 -336 6 -738 772 619 69 -311 -437 881 -291 164 793 758 -517 690 -953 811 932 -80 -140 93 -308 598 154 -429 -747 -20 901 198 -373 -969 906 187 -563 -133 -503 615 728 -370 -530 786 631 156 88 -632 -618 576 178 224 -904 -893 -969 -160 -901 358 -201 838 154 
-1000 735 954 573 -247 -491 948 -836 210 -685 658 -581 149 -165 256 -305 -429 400 174 395 500 -851 717 -928 510 579 396 801 729 -991 -355 -472 342 -65 -98 -281 -236 -520 -178 -954 -197 63 -365 -740 244 123 -140 -665 948 -158 356 370 -603 -452 -147 -980 -313 -561 596 -937 760 870 808 564 326 35 -460 -968 -496 -403 710 81 55 720 605 -630 145 -833 467 -912 38 -112 542 -962 138 -866 -69 624 -315 273 -864 546 -244 412 -841 -524 966 -912 -637 -438 
624 731 750 -854 377 321 139 -626 -678 45 -66 808 -310 -50 -550 694 185 678 -376 -722 833 81 820 -66 -486 -563 -779 -118 -614 -39 -1 -334 457 -983 -584 11 -504 346 704 -890 -168 -685 233 210 -533 -362 -796 781 32 581 -46 -565 -695 -600 244 361 88 -688 308 21 -711 977 503 -711 -556 -904 39 799 571 431 -956 -380 -351 -214 746 -839 690 -296 77 -998 734 249 900 -600 653 250 709 -357 -803 -906 303 447 407 519 221 -187 600 409 -931 171 
541 940 464 -392 -481 -373 -486 -547 265 345 -310 558 593 25 -108 231 566 -909 981 -108 -400 936 -714 -281 803 108 83 -177 950 933 273 -594 988 986 92 319 53 618 -730 -84 -289 775 -948 68 -680 155 492 835 -940 -372 -267 453 725 611 386 -40 382 -25 -623 683 -116 111 163 -460 980 -27 -592 -449 -505 -549 -476 294 501 843 -86 -599 -887 760 17 -68 -576 450 598 -394 -406 -22 -945 -593 187 -823 688 -669 -238 6 500 575 22 808 82 -561 
919 477 608 -485 -936 128 419 -736 -70 -256 896 -835 -557 11 -466 389 -837 -86 -143 -278 -782 632 268 -909 606 -224 394 -83 533 472 -315 820 692 -445 -143 636 648 313 253 -978 -714 471 -844 207 -964 360 -867 168 -83 147 -774 -278 -945 918 510 974 -210 -226 494 673 -95 965 -100 171 -44 342 -52 -828 607 983 -195 559 810 989 -926 308 548 -926 -749 438 237 376 -980 218 77 -788 -994 -439 903 553 811 781 592 21 831 432 -709 -845 -685 231 
-625 676 245 392 812 110 980 723 422 491 464 -471 819 1000 -198 148 -501 278 -653 -21 -761 779 626 749 -707 696 -472 296 638 171 -379 -437 965 984 -467 600 67 3 -371 545 822 -752 -267 842 -133 -911 25 -543 878 685 -939 -389 434 -31 782 300 -946 -712 44 -389 -348 774 719 774 117 30 381 -466 -94 761 257 -4 -420 -333 -982 790 154 -591 -377 640 35 678 833 46 -147 -676 -505 898 -258 -882 864 773 874 149 689 -242 841 282 -544 -745 
-825 -187 -546 -287 -371 -698 -651 713 214 -796 -173 907 633 -667 -630 -121 404 -680 -520 759 149 -43 -302 -202 -887 -449 -543 -897 328 -723 -6 558 38 -644 -651 167 142 857 994 -785 634 -95 189 -688 952 -392 804 529 191 254 -936 422 -813 -613 -870 -864 -97 760 -249 -360 951 209 -664 911 946 -168 535 -609 649 -668 265 250 338 -888 -46 -343 -974 961 -294 543 -16 -582 460 171 -63 -120 -85 227 -725 -360 -979 -777 517 -374 -360 988 969 -669 -560 -74 
-323 271 48 -926 510 -494 -72 741 -751 -721 -375 -964 9 380 348 743 541 -289 -740 -207 -955 726 38 865 620 -99 -975 950 345 396 374 507 -102 156 830 -731 289 616 -990 -791 -31 -329 719 129 661 245 298 -84 348 626 157 -504 -452 -155 121 612 344 96 -295 -505 712 -979 -610 -506 495 -501 -421 232 548 -476 -145 49 616 -240 -293 -928 -573 688 535 -100 -383 953 467 -886 489 -674 -557 -635 -572 83 -602 -455 -715 -13 -246 468 -947 -631 -779 842 
349 320 600 380 -839 -664 -537 372 -585 204 835 310 423 35 108 -861 -391 -52 670 -31 -129 236 847 -799 412 -944 -44 -864 -748 -248 953 546 -681 -186 -595 870 -138 65 -192 -107 -707 -343 459 -312 -623 -906 288 -103 509 807 -579 763 202 626 498 921 277 -387 194 857 -409 -911 463 -280 891 -848 -149 851 565 -324 -888 582 671 498 -616 -68 -210 -836 -400 -600 -840 -848 810 785 -260 442 61 -105 -12 153 -736 -597 -587 441 -848 695 16 137 -477 213 
-286 801 -784 787 575 201 -787 568 972 577 -646 962 145 373 -911 840 575 -862 -621 63 56 168 480 -227 -700 -478 102 -101 -567 95 519 692 446 632 -647 -478 724 965 -961 857 721 -329 118 409 -194 298 518 -583 434 489 975 956 -444 -169 -993 -817 868 -478 716 -543 458 663 33 54 414 -935 561 522 -250 -153 541 -646 501 403 227 195 -196 -449 395 -877 -994 410 550 -284 793 447 -522 54 -759 -811 -560 -287 -396 820 766 -643 86 -615 -427 -598 
-724 -756 -420 259 228 900 -352 -920 -85 -72 -112 -861 657 188 -147 197 -309 -299 350 -476 -557 -374 -66 810 -371 -190 254 413 755 101 -105 -100 569 -74 -86 -794 313 901 -737 -749 -134 -738 819 -679 211 741 534 975 9 878 -4 -236 686 -36 -865 340 147 626 886 836 36 -825 -611 -743 696 471 -497 926 402 134 81 895 898 714 249 407 676 -640 -985 239 979 116 -845 -875 -356 -122 893 720 -983 -979 646 -830 723 -143 -120 175 -489 719 606 229 
-44 65 -732 673 856 488 792 -344 -17 -511 714 309 -163 218 367 -864 -204 -227 11 73 -621 786 930 879 -412 -564 -793 124 -712 -732 -972 418 432 -694 129 -995 589 -972 14 -565 584 810 392 -874 556 -416 -187 -710 296 303 -641 -713 -357 -378 -655 910 -183 835 -517 697 -186 51 951 -807 -360 -708 965 -170 273 50 -250 -436 715 -476 239 -86 -496 -208 586 460 -134 -988 -285 228 -340 -938 395 -875 -463 -485 617 184 -410 -824 88 722 -24 -855 711 -343 
777 621 -632 867 171 -506 797 109 -108 121 844 -46 -442 -100 218 872 365 -220 -544 -907 -973 -489 -167 -135 877 -412 -314 83 560 522 -651 814 -316 544 -711 130 434 -657 399 -149 377 499 -493 -935 385 -36 -546 43 -151 75 -256 -674 -290 276 -885 -528 263 -687 415 -223 227 5 297 -669 -660 114 -701 621 28 -728 751 551 -632 965 -74 886 -142 -322 -5 386 -677 324 -315 656 -476 693 689 110 601 347 -147 -3 214 -985 -709 424 19 17 -406 -619 
720 723 343 628 267 443 -751 -880 -59 -979 974 966 897 217 290 -998 -697 -58 278 78 131 123 -63 845 -144 302 199 -873 700 -390 502 -17 159 -177 850 -364 -871 -23 983 -875 -894 -774 -601 898 -155 504 -785 -798 247 170 -904 815 -431 287 -878 329 407 -550 337 -838 -243 -818 -624 -993 494 915 -319 -871 591 530 -24 92 51 0 -943 -825 289 -974 -299 -871 -542 -982 -132 945 -235 -703 -60 199 959 -176 -271 476 549 273 106 842 779 349 -290 -543 
-509 -128 822 22 -913 944 902 -995 113 -871 -247 693 991 891 -884 532 33 302 -938 630 142 -996 -639 -495 262 -340 962 -799 750 290 -96 651 417 -290 555 -567 -10 -49 57 -553 -699 -265 -261 478 -716 -79 454 -858 -46 -330 -102 220 772 405 55 740 -182 -989 -462 -403 -856 499 -164 727 -949 794 -418 -202 7 -124 932 -226 -782 -550 346 -705 0 -995 554 533 -713 960 -834 652 -202 -629 594 525 -617 -622 536 -320 -420 217 -567 380 -967 -224 -203 -461 
-238 889 319 -391 -859 169 -695 -151 -967 -315 -773 -166 304 522 -195 725 -358 32 116 -418 987 -570 669 917 399 996 837 100 -921 495 -860 472 -52 -400 -302 718 875 -316 -21 587 79 -52 791 -486 -107 -809 754 -789 -493 -474 -453 -207 -343 481 95 -364 -560 -9 343 711 -715 983 -812 -905 741 -800 -527 -549 -228 -283 143 -716 52 570 -848 -255 749 -877 903 448 625 -301 -433 -22 56 414 -321 86 109 -501 949 506 -377 -146 338 883 -348 936 549 -936 
-349 -43 780 -838 504 -156 526 -699 -61 114 -579 329 -918 899 -357 -326 -926 17 388 751 341 -498 -139 296 536 -671 72 -295 -921 583 -731 -915 -613 268 -329 529 -896 632 210 -93 24 423 235 -677 -135 235 696 743 -92 765 -970 -141 747 -453 313 697 646 -494 904 -831 -899 -115 -530 30 -874 -872 -157 -87 728 -421 -837 21 -54 -188 -749 930 546 54 683 -652 -914 -267 -27 -290 -521 -196 905 917 888 955 228 884 947 411 -310 -943 796 -183 -131 863 
-529 654 882 320 369 -481 -871 10 741 355 403 219 210 -6 465 -976 -493 -58 201 -468 630 389 -892 85 -739 574 685 151 237 399 63 674 -504 59 -410 903 746 -375 -157 501 -872 37 794 -842 -594 -399 653 250 764 295 -27 -857 197 -207 55 -885 250 23 710 -631 -436 488 768 -169 135 -368 -770 289 -546 297 192 450 -521 791 -738 -238 -677 -57 690 695 204 729 928 -564 -309 251 191 -177 198 183 232 97 -882 -404 501 586 897 30 69 -473 
-615 291 506 322 -986 -131 -344 -132 836 -642 177 301 711 827 209 -898 645 469 759 -344 -358 816 -754 -831 443 -889 -119 52 -747 875 180 940 -928 -532 -600 702 577 314 -976 291 -394 711 -958 863 995 -124 164 -895 -413 95 858 -596 14 707 -91 443 176 862 -472 -30 -390 847 -257 778 -511 -821 169 934 392 -732 -857 -147 943 718 506 -92 613 -743 504 -383 -840 -58 -37 386 -109 279 345 -409 -103 -303 409 -738 363 30 394 216 237 -589 -698 986 
522 -716 562 438 809 295 -533 598 -647 228 -218 453 -359 73 631 295 227 -355 520 -47 -145 -948 -802 -149 -770 916 -253 682 -613 866 642 -382 199 355 378 218 -18 -591 -824 -669 -530 -401 -77 75 -603 -320 -950 -32 459 737 450 602 -339 93 687 -637 -143 402 730 567 314 -120 162 652 -599 -218 59 857 789 -899 -390 -19 742 747 818 708 -340 593 366 9 799 642 -849 -27 758 696 -619 502 700 -145 334 -750 -311 -51 -698 -842 271 777 696 -895 
644 678 257 -267 913 845 180 622 -605 759 -141 -700 -327 718 984 599 -240 223 986 694 38 621 -656 -775 -851 -178 -260 768 -754 914 269 -52 -172 -464 982 675 860 896 -702 -616 -210 -790 -77 -808 122 -126 561 -780 -26 143 -160 -349 -476 -792 822 273 -956 354 643 180 -623 -194 372 935 -290 -597 949 10 -755 -447 -625 657 779 -513 167 -905 -382 -718 -999 -836 -545 -329 -710 -157 -593 411 793 -742 747 562 401 -477 -59 -756 655 961 -8 -2 -273 -552 
-449 -436 850 964 -226 565 -14 -987 -491 -982 770 29 -234 -204 -405 -601 435 -100 -619 -768 -764 -646 674 340 489 379 181 -515 -514 -316 247 619 277 613 -345 102 -865 -419 761 963 -80 -154 528 400 -492 736 183 945 -142 -601 -236 -780 -747 -26 -512 124 -842 -999 -394 130 484 -733 230 -420 345 962 -984 775 357 887 6 -884 -538 200 -651 -859 -630 -290 689 445 966 -847 828 -140 -305 -242 561 -168 93 238 633 286 -33 -278 180 777 575 -472 -800 -872 
74 -716 -268 -449 209 144 918 -501 -214 -633 -214 899 582 905 290 -786 -212 260 378 -465 -192 -849 -728 -372 -99 319 -331 -826 -564 135 852 31 379 -433 198 -163 494 5 84 105 401 -208 862 416 726 743 -665 373 -474 879 -857 -984 958 -273 -527 315 321 -94 -821 538 -579 951 6 -322 -790 817 -222 179 76 -22 -322 -954 112 -336 74 267 -219 347 393 257 357 -73 375 -688 123 -905 -284 3 226 324 872 423 194 375 960 147 -118 249 479 -582 
-925 -688 530 -945 37 -649 -990 950 -446 -470 70 -780 536 423 -894 71 98 569 602 -161 299 546 863 -791 -851 520 -447 12 839 -373 530 826 200 -150 666 525 792 257 946 479 998 646 -721 -433 -859 948 -853 -136 -971 -767 944 -560 -811 -567 684 -231 371 864 -25 -421 -307 -430 -293 -15 -493 -867 822 194 452 593 -949 -992 -77 -931 -438 367 -943 395 770 714 542 -159 -341 -644 593 676 -351 -945 -384 -800 857 705 954 406 47 -37 904 -212 776 774 
36 -106 -255 -336 421 153 -89 -533 211 480 981 87 548 463 -332 205 -822 990 -631 -557 54 550 -166 804 602 -570 867 192 -645 -277 720 831 915 621 919 869 -925 0 -885 -414 -989 812 -375 -265 -889 -185 -412 -712 -288 772 908 331 -46 -633 -444 168 6 -96 287 875 -778 -156 516 -123 704 603 689 -969 781 630 -236 894 -112 -201 -797 817 -549 -810 943 92 -431 -101 815 215 781 86 845 384 -688 535 760 -256 264 -283 -579 120 -310 957 -681 -62 
-111 -734 -833 937 -670 -623 -606 185 382 540 148 -162 747 721 -511 -16 259 -37 -932 -597 32 286 727 -750 969 570 -981 -358 -495 -463 -553 -671 -905 784 -980 936 -20 -829 -909 -487 -444 -279 280 287 -411 -444 -461 -332 181 -12 -239 -461 405 -28 -8 86 267 -990 -293 -315 -426 -422 -734 -678 875 -598 610 331 876 724 -630 668 867 -288 872 10 -433 -195 -451 709 103 932 -630 462 -116 229 -630 -208 895 -461 -12 118 928 445 290 955 -31 382 936 -382 
-714 -653 265 -752 324 842 -132 833 -882 851 -15 -875 -70 -771 614 -974 -487 876 -217 980 -520 964 373 170 980 -817 -645 -363 643 -708 -538 242 -884 900 -723 322 871 0 777 -311 -422 8 896 265 700 -207 -131 850 -64 692 260 62 -684 681 -971 -805 -469 484 -970 -617 349 -196 103 -589 -357 -364 561 -863 -709 -294 -510 932 -416 -992 -608 404 -825 -322 740 -340 -824 288 368 769 -760 -718 -979 788 115 455 815 -120 721 865 -323 630 -946 -266 602 -814 
612 -172 737 531 339 -604 616 253 795 -331 -92 707 116 771 12 -638 384 -44 366 -583 41 -894 657 113 12 -672 650 -671 -437 -243 -643 884 940 -189 484 -160 -481 658 163 -849 911 -372 -839 -933 -833 -36 238 -202 -551 361 531 -651 136 -56 333 781 -785 623 -832 346 250 26 -181 920 -826 33 -258 286 344 104 -621 -778 792 701 900 -471 924 906 460 -696 -188 354 488 -328 -424 260 -371 -534 212 -988 190 507 758 847 -491 944 533 195 882 381 
-998 749 -48 488 314 -668 687 484 -633 -188 713 458 -271 736 785 82 -945 597 -830 -67 963 898 219 378 -165 458 -662 -170 300 -616 -927 336 -377 -44 -353 751 215 679 302 165 692 -853 856 303 321 280 156 436 -203 -232 934 238 -692 -249 791 640 -378 -301 97 -105 364 105 -527 -316 -665 540 17 143 584 -468 385 893 -762 -985 802 241 -41 -429 894 -924 107 303 -831 667 -595 305 709 793 412 -400 790 -816 -342 82 56 675 301 275 189 -721 
-537 -353 -146 570 -504 994 692 987 974 865 -867 896 428 -107 -340 -213 251 -24 -484 -888 302 -536 -258 705 -411 237 824 296 885 82 227 159 -571 -456 879 -13 501 -979 502 -74 -577 65 661 652 -520 -810 263 -230 422 -457 485 -520 -220 940 520 -152 806 -375 175 -273 -820 259 -742 116 -790 -656 -655 381 -748 688 557 -670 -922 245 -517 910 759 -697 948 333 211 -283 953 712 -914 -586 898 629 -378 846 598 -266 622 31 720 -910 -83 -977 862 785 
-484 -126 869 895 238 70 971 106 -935 45 451 -260 131 67 -15 709 -482 763 -347 927 -501 211 -562 495 600 567 5 -500 -834 707 554 892 67 83 479 858 31 38 -200 -520 973 -228 -944 -378 866 -25 862 741 -218 -419 -571 479 239 992 -644 27 607 908 -492 -604 -419 -166 832 -251 806 924 71 806 726 206 -295 -138 996 261 -133 -40 -411 -179 -917 -552 980 446 -70 193 469 217 282 -231 446 -530 -898 -225 841 942 854 -33 104 -176 928 125 
-438 688 204 -566 -207 -9 256 -405 -399 458 639 613 -861 -38 -917 -321 -902 34 -699 -853 -209 -287 911 424 -779 -623 295 32 55 -783 -294 -672 -604 -499 -559 -48 -913 -54 427 -662 308 -978 -113 -331 438 322 -780 -688 878 359 696 -788 318 823 -242 507 -167 858 -36 957 871 291 728 -348 -44 -603 109 946 751 -45 899 144 279 410 497 449 -297 -921 836 -545 674 -939 104 -786 736 651 700 -964 617 146 -739 913 72 590 802 -847 542 934 -159 426 
956 305 -499 -336 -333 908 909 -673 618 264 801 666 -977 -282 -241 -246 -529 821 -408 -400 476 603 448 514 -76 257 -270 -441 169 757 67 -514 101 -13 231 -758 -209 -619 544 -269 -498 71 312 -241 921 -577 -993 747 447 805 -782 635 88 292 254 -189 -514 -510 828 365 245 414 -537 -863 541 -41 -789 130 111 563 -810 898 162 -523 -494 917 299 -250 432 -493 48 -525 315 -94 627 -769 615 -136 239 -888 -98 122 -184 335 750 -766 406 -953 -630 61 
132 -246 818 -433 -699 -216 691 -213 641 58 -1 -774 -925 -689 -705 -703 846 -268 -912 -193 -255 -781 238 -371 -606 -366 963 -993 -688 -193 79 -153 236 664 -538 -798 -67 -845 -18 -583 534 679 269 103 -65 698 334 708 -93 -772 51 -254 317 -457 -638 -20 576 -381 206 789 961 54 -556 963 -68 611 792 694 203 586 452 823 -173 161 369 382 893 338 -600 842 615 -233 940 -613 -971 -846 -570 513 -766 128 535 931 -838 282 997 -123 -221 146 811 246 
-623 -13 -118 998 690 870 191 18 -76 430 25 -461 148 103 -119 274 -613 80 -772 146 -698 644 -895 818 117 160 696 -36 -282 503 -850 -563 -149 -339 204 -364 -149 266 622 -968 884 996 740 102 408 -656 -59 -670 366 -543 -974 -687 965 750 -656 37 813 -355 615 -504 601 42 -462 307 -562 783 -142 536 699 -262 -99 -300 871 -145 -295 -968 239 -559 962 23 287 577 -909 -630 -73 92 -331 597 64 -348 -431 -647 -756 88 337 435 363 -496 735 411 
-736 -410 598 -377 654 300 293 -170 -590 647 -477 -321 -163 -950 84 163 -45 321 -65 283 680 -991 741 198 634 -133 756 -912 142 391 929 53 213 -293 208 277 -362 652 363 793 -897 290 -731 878 -740 643 311 -692 -650 -777 -318 63 -912 540 -533 541 929 -673 18 682 -698 256 46 708 887 711 732 923 -216 -692 -432 -907 524 41 -519 390 -492 -948 -832 -172 729 -873 -104 657 124 41 474 869 593 -753 -105 354 -632 -496 658 -98 -938 482 894 -240 
154 321 751 183 217 -420 -497 229 -408 49 66 -854 925 774 -631 722 20 651 -313 -687 540 969 606 393 -151 121 -592 -634 -866 877 -603 444 -455 -581 198 -774 747 -283 -744 -458 917 817 367 -4 484 940 966 963 -168 -360 63 -931 359 -994 26 -228 -402 -366 -790 -320 -430 -534 538 -73 282 467 603 -279 34 807 -536 202 256 -780 -392 -660 -941 -887 807 -632 -159 -110 -148 -641 483 585 897 -744 -855 -162 -655 345 -355 591 -503 846 -9 268 649 578 
708 -384 192 -805 -520 761 -627 818 487 183 -526 734 79 314 499 765 -544 -521 -651 859 -921 146 -705 -761 703 243 -791 -317 -553 779 -935 852 353 856 -537 -565 -173 366 -722 446 -246 -389 -151 -207 -54 -476 -154 -101 -795 81 545 -831 -726 -888 -151 -21 -456 58 -398 -540 345 -287 36 318 -620 -925 -62 282 -321 946 409 -338 -548 -236 690 967 52 -945 1 340 -493 253 -628 -908 -56 256 964 311 -735 -488 -433 308 602 -289 330 890 -443 -449 -371 804 
-160 167 206 393 439 998 715 939 362 -841 -526 -460 852 -969 563 606 -385 865 -390 79 763 370 -748 -623 267 897 -445 979 655 -518 -271 868 467 984 -615 -845 -37 46 607 986 -206 627 -677 67 298 -127 507 -779 -440 845 -97 41 801 -599 744 -466 415 -490 182 875 635 -520 816 -539 -995 923 -206 -435 123 -548 468 758 -825 -195 -201 -594 -441 -187 -153 -775 -4 340 320 494 -8 -752 241 -637 165 919 -143 -413 -991 -270 -611 -746 -360 258 -706 -764 
197 -951 223 -139 0 -818 -358 208 307 81 -620 442 -989 936 470 919 -113 -961 396 158 -630 940 -875 100 -244 -89 392 -344 -795 353 -609 817 -92 -286 242 980 500 -413 -781 -522 249 -185 -225 -602 340 696 -593 -199 56 146 -656 946 -963 -637 -26 448 -632 436 277 -126 73 -693 550 -545 -214 -347 979 932 30 903 -42 -960 499 382 145 156 -275 -267 -22 81 -622 924 -213 291 -941 -299 -75 226 -451 631 53 -843 -942 257 110 291 -414 -501 155 -707 
466 704 -119 330 326 -851 -522 -322 998 706 -515 -297 882 -568 -566 -252 -5 -529 643 28 433 106 411 673 -119 -442 509 -138 840 945 -117 10 56 492 -868 -893 -219 -777 -66 615 791 583 -779 -111 463 914 91 865 213 -129 -941 -812 -707 803 -432 -376 -991 -586 338 -413 741 357 94 517 86 -221 232 -582 -396 -141 -267 -273 150 865 619 -347 -597 -515 -345 283 486 -380 -318 -465 -905 358 -688 448 -613 -995 -10 -185 270 -453 761 -35 805 -921 -386 -46 
507 471 -435 170 -263 -894 -415 -822 -173 415 -571 677 -362 -896 -757 -163 926 -718 8 -56 847 -336 493 638 -85 612 509 158 256 485 -393 786 43 673 425 53 -390 37 -975 430 -464 -133 594 56 860 -87 251 718 -735 684 515 -163 54 -165 508 -996 718 -960 896 -651 309 576 709 -900 485 888 454 67 718 -733 846 -866 805 -184 -209 926 -832 -444 659 400 78 265 84 785 651 -860 -936 118 756 351 -931 943 387 375 175 -893 284 995 -252 776 
-449 -266 19 -151 772 -613 131 -564 326 76 -117 130 945 147 485 87 -290 336 307 -237 85 954 768 -501 -450 623 -784 -339 -618 -571 -226 943 708 -496 -459 951 253 -41 247 -947 -184 -153 -900 483 490 -649 -409 -316 -203 688 -246 331 327 35 -828 214 100 552 -970 914 967 813 197 -676 -232 949 -707 702 394 334 812 387 -364 994 533 -629 -425 -880 915 275 405 895 250 766 862 -492 -462 906 848 -963 356 628 543 -638 143 -799 668 -635 397 210 
-707 715 225 -655 -442 662 832 -333 -604 217 -429 722 -905 -541 -105 630 115 426 147 -255 811 842 -305 472 -105 -352 703 -902 154 47 308 695 -444 787 -25 139 242 315 -734 310 -935 -655 -774 804 -45 750 -952 467 253 444 -805 -446 -498 -185 -147 -599 -769 569 -459 827 -958 590 971 -636 223 -627 -243 257 -947 -973 -220 -814 -95 241 862 -144 -443 -635 230 274 331 -421 -628 726 12 213 573 -77 -807 147 212 616 -948 915 -986 -481 -881 -197 -37 771 
852 -463 -189 346 -850 -245 723 -736 39 -845 -362 408 927 4 877 676 -480 306 -598 -914 178 -686 685 848 -327 271 173 163 -676 -581 -611 -947 523 874 -700 -82 -468 818 379 -994 -970 175 -936 483 -425 -178 -327 -39 -276 459 615 -784 -929 461 -283 -81 277 759 -714 349 716 -885 291 -688 -770 243 -584 146 491 -639 -193 -770 -31 729 775 -438 -725 918 929 621 -915 -928 -802 -199 -554 -994 613 -641 -88 -76 307 -745 -652 -960 -667 -910 42 804 481 561 
-75 959 740 484 321 -169 -502 479 -530 -244 -252 8 513 -912 876 -382 724 957 -477 -572 -176 -969 223 200 94 -497 -222 480 -798 -510 425 -148 -824 -82 733 686 727 814 417 274 -27 -721 398 97 -210 593 595 -798 573 -912 -689 -667 -365 53 -312 -83 -272 -820 133 -600 -917 643 320 -544 -597 187 -167 -827 -98 855 -303 403 -234 -175 -640 664 -864 24 103 931 192 262 -709 -733 -538 -217 -427 893 662 998 -694 -699 104 -419 136 -810 -313 293 -299 93 
919 778 107 398 306 560 -19 -65 293 -298 211 -398 -710 84 -331 459 -79 -8 -745 -981 -274 183 -544 634 695 502 -317 -618 -547 -291 -184 5 366 101 -869 215 -639 -134 389 754 505 -261 236 743 759 -488 -663 997 407 -689 835 73 -699 129 -513 -572 93 -603 -312 140 381 -419 -885 903 -679 853 433 -596 942 -84 860 194 803 266 -745 -281 -708 666 -856 -52 85 -117 765 -764 64 192 564 97 -623 -776 727 -299 -625 796 -891 153 -157 584 110 -203 
942 985 -817 -881 -452 -738 -790 -983 -219 929 -422 905 27 375 -304 171 857 351 580 -62 722 355 -741 477 150 -493 -571 962 737 -159 -970 327 -789 -392 -248 -444 -196 37 -446 387 -808 -123 -763 -563 -364 -18 902 978 -585 805 495 744 -484 757 -926 -4 -968 -913 -695 -730 -76 58 512 809 458 -404 -295 -318 -42 -218 628 205 677 -515 -360 359 -992 -839 -907 -698 476 848 -455 -310 -37 552 -616 -537 695 912 7 -817 54 -845 -424 592 24 -45 -997 -957 
-446 -399 -303 -478 -432 643 -829 404 44 -167 577 714 886 -113 -5 -889 188 720 -418 -962 -702 -206 -737 434 465 -173 469 797 -642 500 -173 129 188 588 -750 -647 571 -814 240 815 231 301 403 906 975 -210 125 -764 729 383 -163 -880 309 -265 851 -118 328 50 -394 452 240 27 -298 527 -355 439 221 198 -680 887 -27 -827 892 -501 -232 -390 -622 885 -62 238 682 190 686 -629 656 -938 -978 -541 -466 366 1000 -19 -761 89 -20 363 580 989 -756 -315 
325 -523 -24 -42 -612 938 758 841 -637 -679 278 693 482 -134 125 -109 258 218 -762 -510 -384 85 174 753 -209 18 328 129 704 570 -620 286 807 351 -234 -862 887 784 235 -277 580 503 30 -147 62 -759 -345 598 -742 -826 -232 934 -570 651 -935 950 -450 513 -639 40 751 359 -838 680 -633 -4 408 -206 839 223 -497 -710 -958 -63 921 -866 365 -282 -379 -520 -55 -637 199 766 -252 -374 749 -548 453 877 909 -775 -298 712 875 858 -42 112 285 -596 
474 -681 619 -232 -208 951 -104 6 635 183 435 18 882 -455 960 311 -642 32 -544 241 432 -535 495 184 206 -310 755 -743 -496 -396 -321 495 -11 -770 -370 -721 91 -332 365 -574 -560 599 -29 -230 986 537 -352 237 -930 -16 635 -838 7 964 -895 -514 781 963 -191 -952 859 -604 -196 932 -847 399 -510 -521 -300 -432 502 491 -631 -479 -138 262 747 -532 68 958 -794 -766 -951 -5 412 824 959 -483 571 396 530 366 351 876 591 -212 -920 -455 -471 -496 
391 -330 734 605 349 257 -648 -203 873 -598 807 305 -827 -886 -614 94 -450 -340 477 202 719 257 157 791 -601 797 -170 265 -725 287 835 752 529 616 20 135 -93 544 -805 -83 -363 -416 -759 431 565 -215 90 -732 -546 519 -552 392 -479 -108 -382 -886 -225 844 -405 345 359 -574 -930 -8 -344 -994 491 744 886 394 606 -853 -519 383 -534 966 -620 -717 765 -812 -525 867 517 376 -478 689 -934 721 467 821 453 961 -822 516 -347 148 897 127 -674 -261 
-827 -281 189 845 862 36 -733 42 26 -18 368 -55 -657 875 -978 -356 776 914 -930 -797 -485 815 304 -772 -429 -968 -981 113 151 591 -385 -412 -697 -717 943 -310 -670 961 455 263 782 -486 718 665 -632 844 -527 -273 -964 -297 863 326 775 584 191 -400 -782 -523 -653 541 154 -735 -497 -563 -400 -67 -658 -16 -621 563 -73 -101 20 -655 23 -37 995 -697 -741 -696 513 -197 588 -606 170 107 -75 -571 787 -200 657 -243 -900 -655 926 -119 -986 190 146 -288 
145 370 669 796 -231 124 -818 197 163 403 -951 857 -277 -942 971 72 738 -988 -695 -587 598 481 622 880 857 -872 -552 -225 -2 547 655 993 335 -120 188 484 304 -251 -523 -341 -949 -670 473 -364 -347 -350 -247 -259 225 849 314 815 -594 -89 652 -468 -240 454 264 -629 933 44 130 -394 -282 -991 238 390 4 -535 -95 -645 465 -400 849 688 -41 -91 -824 -183 139 -750 -510 -510 -921 -286 577 763 -455 992 554 -883 -24 -739 -364 900 -372 -120 -916 637 
69 906 647 474 -833 205 -783 643 59 -931 320 691 390 257 -374 -434 -925 -525 -171 651 -548 -915 -998 968 372 -248 905 812 -218 205 -400 825 108 -671 704 335 590 153 370 -650 -136 -907 381 -43 -568 671 -432 -784 556 -627 860 972 -620 166 -408 -901 -988 906 -137 -896 -580 481 283 995 419 -317 -763 928 -836 -357 813 692 -222 -378 67 21 927 -284 518 898 -349 -768 -829 -707 72 347 -328 -452 -957 453 543 -778 -230 791 143 439 512 -886 882 -813 
225 -797 -369 72 -780 579 -853 -617 -361 -337 322 609 390 485 -585 -196 -835 530 -389 676 95 -332 510 -803 59 -629 -426 -467 248 -360 -471 -703 306 -913 684 637 278 521 131 303 -386 -841 754 -474 978 527 555 648 147 -512 -718 -920 -370 734 -266 -526 -416 -239 -108 182 221 -887 -574 194 -501 533 -776 -896 -385 196 -5 499 -20 -959 992 -155 963 -489 -127 -311 945 -148 -571 173 82 814 -93 406 936 634 673 754 -572 405 -121 317 -663 -291 58 -398 
587 -661 -929 714 -618 551 955 -853 922 -35 113 817 292 442 -456 -634 905 -253 340 554 334 -761 -978 -644 706 -402 557 428 370 435 482 775 -687 -806 438 73 -807 -777 414 453 -995 393 553 -493 -17 47 -592 655 459 485 -369 -197 768 792 -640 -468 878 -138 942 -345 -391 333 725 999 685 807 -151 -543 -273 862 -435 920 987 154 -489 543 842 913 -143 -574 871 -388 678 582 -689 436 149 -902 347 -136 -188 739 -991 660 -350 858 678 668 -875 778 
-790 707 404 -624 28 61 -4 -169 -253 266 207 -107 703 -294 -446 -60 690 646 -167 125 2 816 459 -666 -483 532 844 -474 404 -226 238 -644 -454 736 392 690 -486 -709 633 -138 -978 696 -667 -696 116 -32 425 -72 -15 -96 756 811 952 687 -71 -664 536 40 -10 362 330 848 -551 791 -781 -188 958 -414 630 116 -429 -332 172 512 -240 302 -648 -616 -162 -386 -406 53 -967 618 -225 -871 842 -888 657 -895 148 -311 -363 -550 -538 -546 912 -123 129 406 
-565 -111 -501 -850 920 -798 -523 -229 -787 -31 -632 184 533 444 418 -763 -124 -721 588 -157 35 501 -173 -17 -765 705 768 -952 -449 -820 233 -718 970 934 -621 122 931 -297 306 562 -743 -19 544 455 904 46 126 484 377 28 -948 -121 979 -342 -363 -827 -953 915 617 -562 947 -463 475 1000 -995 343 -874 763 169 -781 -329 -964 764 -479 748 557 976 -434 432 37 754 818 -361 538 -778 786 731 -659 -393 217 -161 -326 292 -353 210 -998 -158 -868 -228 -262 
-755 414 68 -646 -535 776 510 703 350 1 -857 598 979 -248 561 389 -545 837 -939 -538 -43 -389 -295 61 93 541 319 -319 595 -480 -973 -80 429 987 -410 154 973 191 693 -164 121 -413 196 -665 -616 -131 -548 -647 -692 758 -244 897 -776 -247 23 -657 277 104 -756 481 -312 -437 -860 162 52 -948 301 -272 231 -75 628 217 -529 -887 236 -395 -395 650 -823 660 -390 -681 -858 891 918 445 455 112 -797 636 573 -917 -296 -330 823 507 -9 844 746 42 
-559 -987 -266 444 -266 846 -806 679 -338 -449 320 -979 -67 -149 759 354 -461 -72 -291 672 -359 959 104 737 -624 -344 -654 22 879 -271 -247 -209 174 554 -890 91 -719 -371 -808 809 625 -191 -794 618 33 162 -689 992 -443 -116 766 8 263 -651 928 46 200 204 -981 364 -169 -151 -956 -436 -372 -724 -37 899 151 -356 -523 -953 117 -736 -210 -718 13 -495 -608 -90 -687 910 509 -5 -340 -858 289 -521 131 -82 799 592 762 -436 -114 -195 -591 -699 265 -459 
274 440 385 -739 815 -16 565 699 251 499 202 641 -575 -135 303 971 629 -246 845 727 834 -171 122 816 -481 763 -333 -466 996 581 51 953 632 777 194 -393 14 683 -303 -432 76 -31 -987 -857 754 -738 123 708 -952 480 637 -149 -730 633 -939 -107 -75 34 922 -942 -813 475 -869 592 760 654 643 -483 640 767 -64 -10 -145 340 -198 457 165 -674 458 -956 569 288 310 -499 125 400 -175 839 -360 561 -428 -204 -408 -539 366 -36 525 -594 195 -965 
-555 -457 -612 974 532 -555 958 581 -969 795 -502 -760 585 28 439 -358 -508 -878 110 345 171 666 443 253 -73 -896 -190 -936 -384 -248 -524 -503 -815 127 292 625 339 -322 375 -151 -994 -93 -124 -372 -755 -606 53 164 960 899 -1 -892 -251 -974 628 470 937 -425 -426 -225 606 838 993 -21 -777 -211 62 -214 627 -668 -248 -220 -109 -767 502 15 -804 79 -279 82 127 688 -523 242 680 731 532 -657 932 -360 46 -601 -787 143 874 683 669 -748 89 304 
673 184 764 988 552 -998 143 820 231 -127 689 938 245 -501 -587 1000 383 -705 64 601 -474 -704 -999 634 -529 -59 347 718 757 316 662 -26 -784 348 -858 -689 523 526 -431 -872 -457 -661 -996 606 -803 -745 -729 249 -682 628 -109 982 629 -329 625 7 820 52 -113 165 418 -628 -23 678 -901 821 -840 -346 -508 -97 964 -658 384 -45 -464 448 413 -893 323 157 -914 -926 -277 -379 548 -956 -843 -550 769 666 862 581 707 -475 -766 -319 130 280 415 244 
776 -638 -809 -901 632 -145 -444 -233 185 -519 440 473 554 680 -411 108 215 -804 -425 -926 997 -905 629 -718 -172 -272 759 498 465 -145 858 859 -657 -35 -411 -9 -813 386 -364 238 -238 353 266 90 -57 664 436 -889 -462 982 -654 328 -242 -244 -124 -579 -156 722 828 427 -461 493 -296 334 -570 262 -256 163 -220 612 151 -530 -443 971 -481 -838 438 474 821 -592 -756 436 -636 -13 -734 -780 367 -942 -572 -75 209 -982 -597 142 636 186 -368 -808 339 574 
-703 754 -388 600 -406 -88 270 289 362 -220 691 858 -634 -476 521 -463 424 -905 115 -185 300 706 -820 -480 -707 -431 -169 -649 423 99 -665 -416 -222 -388 -4 195 871 -916 -890 -823 658 861 969 11 -466 887 781 -796 -420 -871 598 -875 -80 -727 195 -830 -527 202 375 921 -703 836 119 -424 -11 885 675 289 -37 -526 570 81 -200 -237 -384 646 575 329 -163 503 -6 -833 155 -45 640 -883 163 -529 -188 282 -679 -462 404 -703 767 234 -784 -805 -68 191 
870 -519 127 -669 91 695 -873 -824 71 816 309 362 -707 -72 913 769 -608 280 348 391 -452 -385 -784 -676 -478 -790 -332 804 -71 382 -532 -249 455 557 615 551 582 -190 432 969 -461 741 -579 107 -782 -446 -207 -659 -826 -651 311 296 900 749 512 -759 -767 -934 -960 339 -330 733 986 892 -375 -81 475 -728 433 943 145 824 -265 137 -584 -454 960 -455 -869 -802 -528 -689 -382 -776 819 426 427 415 -469 629 -671 -733 761 -293 588 120 -924 808 759 -88 
176 606 -85 -890 348 848 -922 611 -340 -120 -824 185 367 -403 -204 -733 -42 -972 -421 507 577 -31 -907 74 -438 75 181 463 581 27 203 -936 461 -127 -953 -441 -490 942 -916 -253 0 -812 979 -558 -973 -887 -118 697 -991 -673 226 -994 -634 260 426 742 -681 111 657 843 -588 399 -296 -924 -539 255 616 35 -19 92 748 621 -740 401 -2 881 554 -26 963 91 347 -935 -634 145 520 779 -851 -995 526 -877 656 -4 118 144 -15 -370 873 763 -1000 2 
-981 655 -496 162 11 -997 81 -995 -258 152 -415 477 -596 -70 601 251 -368 -48 -15 -735 623 -537 225 955 -183 997 -647 598 -205 -933 -30 961 982 -189 -432 -202 -669 -913 -559 -447 -577 12 -848 -503 -270 -576 -431 784 776 -841 561 -803 -782 425 701 609 -781 -978 441 -80 146 621 -827 -785 811 -806 750 226 688 -696 -261 494 -554 -954 995 755 635 -156 -916 -992 -254 360 625 193 57 8 -506 862 586 167 -477 -160 -1000 332 -538 492 987 -506 313 -806 
-559 978 372 781 374 518 282 627 -859 256 -514 536 742 -42 470 -129 -665 -910 -403 -806 126 -615 653 -939 -599 -866 -797 461 -236 510 825 552 -479 336 -784 -693 -889 394 -297 -974 -925 -789 166 -491 345 -936 -79 -542 482 -421 2 -210 405 -954 -539 -246 489 677 3 67 411 505 -107 38 12 -760 -917 783 -21 -452 -716 -465 -715 664 -133 -81 153 861 -314 -76 -679 217 483 365 927 510 468 570 -846 -877 682 -120 -865 -91 -127 724 858 97 -474 130 
-744 -957 525 -641 858 -487 -349 -438 -535 496 -635 -927 927 -238 153 98 721 253 -384 -64 -888 -82 -92 366 -586 37 38 -409 76 -711 -412 792 -385 63 -952 -276 -159 -688 -353 358 239 -738 720 -141 -15 368 -835 698 867 -500 617 945 -269 966 -339 -957 876 -875 -250 260 272 -518 971 -286 -927 445 -371 -909 -538 -537 845 889 102 584 -893 -824 511 -760 368 -478 325 407 912 510 750 -31 507 904 -555 -3 -724 271 -559 291 -589 275 136 848 326 20 
55 -409 -888 -335 -274 -222 936 -653 391 -103 -261 -678 343 462 -470 592 -845 223 56 325 -421 433 -37 -757 804 -703 304 -458 447 -995 -795 -321 -41 -16 -191 727 294 -75 -425 -949 -234 -299 963 891 -771 117 -600 -621 -522 -869 394 970 428 -765 570 248 -238 -487 705 218 395 -656 427 853 644 -437 258 -605 -156 -525 -939 -81 191 -497 128 -145 202 233 -354 -915 110 -520 -657 -685 300 411 -857 594 751 447 -568 207 -413 296 770 -805 768 604 673 506 
-346 407 805 -306 544 208 316 87 800 -569 567 865 -151 -817 -352 -51 -212 521 -878 579 -273 494 -294 -202 732 -958 778 43 927 -912 -344 -308 387 -827 266 -700 -515 402 740 192 -572 390 496 259 -711 497 -787 133 441 -59 53 482 -114 154 557 556 -283 496 707 -396 925 25 959 -651 -445 391 -170 55 450 -99 790 56 423 -802 517 36 767 -852 -266 637 85 -189 70 -750 295 215 791 -42 202 532 940 664 465 497 -170 -92 162 554 845 807 
237 -405 420 -614 323 -816 -328 -391 -594 -445 -184 -422 -699 660 653 -310 421 -245 -198 86 -658 -825 752 167 278 30 994 -568 -798 -906 -511 -66 -833 -602 490 -822 -681 -40 764 29 -17 -179 52 958 -915 111 228 716 -545 703 -573 582 791 -686 776 -728 -990 -845 665 -78 805 -431 24 48 313 -937 536 -823 371 -817 -82 464 147 387 148 328 685 -846 -519 426 515 768 625 -527 594 311 616 -294 659 -39 -165 88 236 628 511 -481 540 620 918 79 
951 -763 130 698 -69 295 671 -932 -560 -76 533 -378 -616 169 183 449 214 -226 -116 -314 729 -279 87 -535 -15 -363 -164 677 -876 477 -276 416 -815 1 131 -409 281 536 536 775 265 973 -626 115 501 39 98 435 -796 -2 -951 -99 -403 -620 380 28 866 -797 933 -213 529 -6 -414 -113 244 306 -538 -625 502 -771 -669 694 513 -111 738 -996 39 -80 -869 738 -102 -717 676 346 -641 491 -923 193 466 774 126 379 -916 441 970 -35 139 50 170 -662 
580 607 806 427 -879 609 -303 -716 -600 -496 -70 509 -817 -289 -864 856 -398 -812 809 652 952 682 528 -12 -999 309 471 -441 -956 447 -663 782 -979 -392 -702 916 375 149 404 -949 -258 -142 463 -683 695 -246 -740 -168 -826 -229 -256 776 -192 -583 -447 -202 509 -105 -357 480 601 235 823 636 26 836 -141 -647 -817 -512 -453 844 774 -591 -508 401 242 -673 -10 -974 -812 -283 799 837 -865 -686 362 137 944 938 419 13 -348 991 -854 -453 160 -416 467 279 
-282 -323 308 -366 133 25 -932 707 842 341 -240 132 -241 845 693 458 -31 453 -98 476 280 158 -577 11 57 349 337 -281 78 142 418 142 197 -848 683 -881 759 -386 -805 81 -483 -162 -891 -997 -542 -101 442 12 -843 180 -690 220 542 443 -111 601 -420 -483 288 601 774 69 -925 536 386 -583 337 -538 736 501 -608 -891 426 -458 -793 374 -887 908 362 899 -955 810 -912 -897 -927 519 -69 -861 516 855 985 54 -547 -643 585 96 591 -817 745 425 
-372 -945 -735 790 594 919 135 811 -171 923 -883 356 -987 835 -368 -521 -457 -174 -49 -173 848 -932 -167 -977 -424 -846 691 -416 -386 617 832 -428 727 868 278 -923 496 527 -686 -643 206 608 -346 -577 -23 -855 -550 -780 804 -503 -177 138 -47 -39 443 -56 -756 199 6 706 627 790 355 36 -357 313 422 818 869 776 790 560 485 823 -468 -398 -255 -65 117 296 -238 -614 -89 -262 587 -343 -793 -240 946 -838 409 -656 730 664 564 727 -136 -789 885 -441 
-494 -904 -908 -432 -807 918 -599 -359 78 595 -553 161 671 183 -982 -232 492 952 938 -369 -466 103 248 928 430 246 -346 575 -134 -163 469 498 -738 -698 -713 683 -249 433 -543 978 -386 -400 -700 -448 -807 -211 832 81 -308 -170 132 -793 94 -976 -99 802 496 -510 -337 527 785 101 -864 53 150 973 -322 102 -272 19 -390 -633 207 545 -531 455 -412 -83 -429 -402 -987 -531 -257 -957 -903 -241 749 324 444 212 191 -937 488 -939 803 282 388 -116 182 373 
-752 -275 -191 -449 158 -672 206 -765 922 -268 -589 -604 326 11 -487 305 -165 633 944 506 -338 52 -276 480 -121 -93 -919 -277 -203 721 238 461 156 -125 747 861 283 -972 114 -18 281 744 -905 -32 993 -569 -697 -44 -163 -147 -410 23 155 -823 119 -511 -296 197 948 139 503 16 780 -974 -89 459 199 -268 -173 -388 -392 -925 51 -726 -618 -347 -572 895 22 554 -973 934 -109 159 994 210 646 189 -833 855 312 -666 -549 952 -764 -10 -303 -966 355 560 
102 953 -913 632 714 -28 -45 947 714 -388 -625 -838 -833 482 32 513 -91 884 -973 329 -922 229 -813 -44 -919 872 -649 -321 151 168 -47 -60 960 16 -859 -174 735 -256 157 524 753 -214 -889 -600 -802 -263 727 -871 141 -766 117 -832 -974 453 285 -660 696 610 993 -659 -134 -327 -377 281 -191 -238 -544 -292 -548 -306 -133 834 369 38 322 360 545 -427 -567 660 458 65 591 799 124 -643 -69 -997 -684 -262 -908 -748 -72 -906 309 267 -575 404 -200 -438 
-5 -549 910 40 755 206 748 862 994 -907 547 -246 -594 -38 680 280 -668 -595 779 661 -323 915 -424 159 213 419 -879 -884 815 782 -238 -316 580 -287 421 -235 409 -630 65 987 -67 451 291 -786 383 -41 -529 -217 508 -870 874 -361 631 -272 461 612 644 -435 -987 -539 -651 -330 -316 -98 467 -241 957 -980 466 -35 -42 -656 843 134 -245 -106 284 543 -997 140 -642 99 -411 374 -226 7 -80 468 594 364 -441 -57 -835 -696 43 60 963 343 -199 40 
-486 334 553 -762 231 400 -985 77 973 63 -22 197 -392 541 330 456 -429 -479 -73 -429 304 -488 -757 543 -66 -3 471 -8 921 -837 -958 -958 665 -516 879 -888 972 -858 876 -403 -742 -334 772 -213 -695 410 -279 -315 -278 646 -441 356 -291 -10 86 -337 -843 170 -254 -807 167 -731 -732 586 -514 897 -375 654 -851 -670 616 -56 -473 -273 -179 138 -189 537 -391 487 -745 -111 788 -958 363 -294 -466 285 -816 -997 -753 -43 -447 456 -902 -387 -710 -387 -50 216 
872 721 -132 -894 418 268 141 -370 953 126 -644 -351 478 -925 -299 -81 983 17 -295 -5 958 927 721 703 196 -111 -946 -227 -629 -704 -887 -778 585 -667 -853 -56 573 240 -945 343 -490 -87 -405 -910 129 -298 124 -671 775 -412 275 763 -677 747 -946 549 524 303 71 -539 157 615 -172 356 180 -871 -189 937 -109 -901 186 -519 -15 195 -882 702 954 -340 711 -661 -242 369 93 371 866 262 -204 972 890 -629 -939 450 492 -164 594 76 -613 -153 -675 93 
182 141 -41 412 173 -55 -736 -793 -445 -28 -861 924 -784 494 433 -456 -948 -30 79 -707 -403 814 737 -195 90 616 996 4 122 -451 124 -262 -330 291 -496 -281 -145 -722 -546 877 -859 416 -150 630 -788 -74 446 611 -403 135 -19 458 -609 557 362 -624 662 575 -559 -904 -985 649 -498 -547 255 -7 -379 -248 673 -953 706 810 -257 488 -269 -42 -967 494 99 474 -692 272 -775 201 -894 49 -642 -403 -688 -654 -929 -867 965 919 317 47 -226 -926 -875 879 
-906 981 610 869 -155 992 -784 -365 -666 9 361 559 -146 842 -807 461 -216 820 -911 -874 -458 -175 6 -743 -85 -180 538 -504 -680 -848 20 182 -717 118 -622 -613 -180 -400 -709 51 125 827 -90 100 885 919 340 796 -794 204 214 574 -159 782 1 991 312 567 -629 -414 -281 -801 -39 781 230 457 -429 -512 6 794 -443 -164 145 525 -316 -758 679 -406 372 -206 633 187 -692 444 -630 -674 85 479 -878 628 76 734 -328 -773 -351 321 -541 639 -991 83 
374 -46 506 -326 -324 24 -60 -425 595 -678 295 752 -955 -980 -432 623 909 892 767 -359 -350 -3 822 322 -42 605 -596 208 -457 650 -518 -386 -889 -42 -126 356 810 903 52 -358 91 33 -546 867 -908 891 -749 969 -570 447 747 733 977 46 -965 37 -113 985 -262 106 73 299 233 956 -208 -526 -633 913 171 62 -934 541 788 -838 289 -750 -811 -312 103 711 -742 -292 -763 -594 -469 -511 526 819 397 995 118 544 -490 799 36 -376 860 936 -630 -215 
469 -864 745 605 339 -429 -593 701 -742 136 30 895 -740 -967 652 -757 47 848 -417 -572 136 -241 -479 -930 169 913 -536 608 -562 526 37 -547 671 -276 290 785 -812 -437 -732 -951 -220 -586 -361 -948 783 -348 783 5 -941 -842 -579 -631 -223 527 -648 97 838 -418 -621 -836 468 -723 914 -558 -45 315 629 300 -144 42 627 677 524 191 920 -241 -327 -727 533 -471 844 430 622 -584 629 983 897 -849 -419 540 -120 -605 -788 614 755 -132 -313 822 811 -779 
-593 -810 -301 -560 381 -422 846 -450 376 705 -320 -416 -920 -580 -337 126 -48 191 461 412 788 -59 -988 -692 -847 -636 -437 805 71 641 72 388 -150 993 768 218 455 882 -728 -436 -530 -946 11 745 -275 439 618 -801 -161 906 883 -808 -635 -688 -34 -150 789 -31 -869 -760 -442 -135 -595 -302 970 -887 -63 733 777 128 708 -371 -792 -948 -300 831 -7 315 758 958 964 -529 -326 490 564 677 718 720 -438 782 -602 -174 293 822 128 112 -691 -508 485 859 
-280 -86 209 -608 -988 -944 181 661 467 720 -309 -535 519 436 -146 171 -154 -387 -401 778 482 -202 835 626 -114 88 974 -708 599 170 -378 -938 -534 14 -282 919 -191 -676 -8 724 403 -977 682 486 -882 966 -94 -856 -145 -722 -152 -455 127 -687 880 463 -340 957 898 966 -508 -105 97 689 427 -272 762 -473 564 -755 932 944 102 -899 811 792 310 896 -662 -759 -939 50 522 -95 355 45 -424 -559 -788 853 379 -69 499 721 117 876 331 -9 -192 944 
733 -744 65 -158 790 150 480 721 46 -937 440 -887 774 -813 -611 519 -140 63 719 893 -939 674 -734 -748 -189 -428 -776 -113 453 -386 950 -246 -22 -562 921 -744 -729 117 401 -861 166 389 584 876 75 66 960 811 -121 -86 901 -464 837 848 -152 -72 -179 41 -961 572 -103 738 -601 515 -328 -237 -435 615 341 18 -120 -853 201 698 687 68 666 -130 171 -701 -119 -991 -199 970 -858 207 -65 122 -194 959 -597 410 606 219 396 -191 951 817 -229 259 
-166 -770 39 -884 -294 946 91 -536 780 268 461 -322 -587 414 601 97 591 -438 598 -659 -367 -122 226 -28 305 184 -760 748 838 -510 -264 -766 377 709 857 -814 350 -137 877 -769 398 -294 -659 -146 458 -291 -189 -254 -363 278 562 758 581 515 898 -937 -594 372 65 -379 545 -730 33 -960 -543 -908 991 202 779 737 154 -118 76 -620 680 -715 830 859 639 -317 -134 462 712 463 -549 -885 81 -75 -370 434 -761 -587 -709 391 874 328 -610 284 300 902 
-522 71 51 -630 -739 -850 -421 -181 -199 -137 414 4 803 -16 -143 856 428 639 -722 461 -799 979 -104 -771 521 575 -537 -603 619 -507 -495 594 -833 -438 26 756 -999 -621 416 -327 478 -588 947 668 326 648 -12 -812 -853 -298 69 244 -717 -502 605 321 152 418 -574 -528 414 305 -334 -648 338 735 559 822 -827 901 21 -611 -793 -344 299 451 -369 958 287 488 -903 -370 734 185 -44 660 587 -951 -547 -419 -330 250 528 794 707 766 -126 989 861 237 
159 -387 -902 -184 -94 759 -680 579 466 -423 -305 809 -598 452 686 -765 636 243 -313 -838 -193 -982 -879 679 -643 -320 472 -573 132 -748 647 465 2 115 536 697 20 -19 136 263 -631 432 89 263 -598 -54 112 98 -717 128 -628 -704 530 96 -859 60 -262 -139 756 -680 -792 497 -282 112 -772 242 753 961 -748 -40 -491 825 -156 -873 331 -505 -311 -46 -573 -119 -253 130 142 912 982 -743 -346 156 -276 767 413 -638 -402 -362 -301 -482 990 -440 209 370 
658 704 -937 -935 -709 476 456 -498 80 -842 991 633 -9 642 -232 94 -612 656 180 -337 534 532 849 -234 -725 430 -984 -749 -44 875 -634 -259 221 494 241 617 -181 521 355 818 -601 -731 617 -355 -900 -916 -657 -604 962 -326 801 -274 880 -699 817 -866 -117 356 878 654 -525 219 -901 -96 115 944 -374 -811 64 54 -57 395 -34 -343 140 548 847 -108 -528 713 753 -684 468 156 -842 287 671 -258 -205 444 -329 -394 -1000 992 -509 187 376 -870 703 -559 
-518 -772 -258 -555 -700 266 607 -52 434 -846 401 648 358 736 784 444 766 107 251 575 -423 324 -194 993 -943 -270 833 -785 375 919 817 140 -396 -596 890 -991 728 585 772 8 -1000 -962 -246 -812 -756 615 866 734 27 -421 -21 276 -26 455 141 -496 89 704 835 -862 769 26 568 -255 -355 543 569 -37 -710 216 721 -694 546 -870 552 878 57 108 -100 -808 -547 -916 618 219 932 500 87 -192 805 -861 -436 644 36 -8 -344 -666 984 -567 -500 -424 
