-128 -630 -949 864 99 896 -129 -31 -159 -359 -340 -691 -591 398 239 -760 -401 -30 -467 266 242 637 58 366 -731 -3 27 174 -631 440 571 -483 708 92 -12 -185 693 -646 -841 940 10 -406 -870 -424 -144 -768 -807 -637 -746 -11 194 132 -548 -557 -787 535 -560 155 -300 -665 -64 -265 -597 -63 281 309 -34 586 10 326 -226 226 588 982 160 -761 -676 -703 402 705 930 19 0 -566 779 987 -317 -370 134 -483 -145 619 -127 -293 553 -64 71 -452 908 597 
88 629 -836 897 -267 646 702 30 -188 -558 -946 494 -506 -137 -866 777 988 883 942 6 601 404 204 413 530 -38 -662 921 -414 -148 48 -354 -287 524 -909 866 967 423 -117 35 8 769 -353 107 -481 147 -226 -212 664 854 474 -989 -242 457 -974 -289 595 -574 -461 -276 165 757 -949 -273 325 6 -225 535 -6 829 -170 653 -298 -177 102 262 946 -316 -775 -237 -374 925 -917 294 477 916 315 607 -571 -541 -167 759 288 185 323 573 -659 64 764 937 
556 150 -732 -46 738 -158 498 198 597 -787 87 -263 -559 -569 837 615 184 597 -308 109 -473 791 828 859 -161 956 80 836 217 -920 653 466 247 793 -647 676 183 73 -21 -358 96 -206 399 -445 -509 873 -627 -73 -779 705 -452 -575 -980 -1000 259 -815 -410 -650 -626 30 -810 760 -433 570 -570 60 -429 -453 -57 -948 99 740 691 -449 978 -710 -903 11 -536 -330 287 -677 -677 -562 741 673 -565 441 484 -897 306 247 598 -428 -938 626 -541 92 409 -964 
-825 -968 -939 871 -286 -219 180 822 -896 639 -869 -820 -913 -284 -210 -963 337 -100 -604 -940 753 -460 -135 -995 239 -133 -419 174 231 984 908 -129 -104 -275 -586 747 -149 -30 -111 488 15 509 51 -353 -916 471 -671 -629 -100 -736 416 -981 555 -254 554 -979 6 697 914 -514 -336 360 -37 354 497 772 716 -693 -171 894 698 -413 -111 473 432 -49 -984 -671 -950 655 881 79 -796 -292 324 684 -434 -937 -599 -865 -223 256 852 270 141 540 834 -117 405 717 
2 -237 12 930 -563 561 -991 -148 -164 -308 127 78 754 -138 355 566 685 335 853 385 883 -312 632 152 -738 -162 -307 -863 -583 -805 735 -548 585 722 -302 -438 138 -750 611 -852 667 -348 -589 514 462 -182 607 513 -914 -460 -786 733 -130 948 -559 512 762 895 440 -634 426 975 540 -920 -339 -210 -543 197 253 -699 -171 -651 874 -703 285 -974 -226 -997 711 -918 -239 -149 -644 929 564 -635 -56 490 -481 -321 385 302 961 282 -508 -554 581 501 525 -92 
-760 -649 678 -490 -77 451 -749 -218 73 -227 -407 470 -649 948 -842 -516 -603 -587 -141 -151 284 436 -826 704 432 -299 -797 -274 -649 -328 427 -188 771 -880 967 -743 306 37 -45 767 -825 -674 118 456 -638 -564 29 670 218 -799 667 -269 -353 178 978 -59 990 -268 653 942 388 65 468 -195 751 -918 903 -440 705 333 282 -963 -853 -584 247 -955 -294 -893 -671 -136 787 -425 650 -527 53 454 -73 -592 -21 -601 -479 382 -195 -501 -127 -714 -970 -738 786 890 
-942 -572 -254 359 -809 -52 -606 149 885 -167 -258 -734 458 -339 -748 -712 -498 674 763 -174 807 -941 -425 701 935 -539 336 812 6 -375 -244 -65 -325 920 904 736 387 -563 68 410 -913 -103 -505 -819 887 25 114 -346 -285 731 -982 491 -493 -270 -492 498 -659 14 -310 -213 -595 -494 -875 622 -804 540 -7 592 -861 -648 871 208 -588 -323 -72 843 -171 -315 -418 298 -353 -596 -577 793 -440 630 -766 657 379 305 289 549 -377 444 761 713 -227 954 222 -12 
46 -363 -350 303 860 -800 697 -997 683 -897 909 310 -996 227 -16 77 876 805 -732 -428 -510 263 10 -42 357 349 -335 -39 -387 -680 552 -938 -935 890 572 550 -143 869 258 -537 411 -800 -803 441 808 422 645 -512 -249 283 -611 -604 -875 -596 -383 815 427 160 627 -206 -347 562 -560 -837 -345 -21 929 455 -808 -81 -676 724 389 -531 -721 -401 -467 70 607 572 -399 279 194 536 146 669 -469 336 -503 -739 -421 -572 752 -230 -963 682 -817 -929 -318 -23 
-560 250 126 -459 79 -84 -9 108 -399 490 23 807 573 -586 625 -730 66 -390 613 -31 -932 999 -692 418 497 75 -230 -639 -364 -823 144 -455 -255 -196 819 -866 -226 248 673 -899 204 -392 824 -597 -32 961 917 -451 153 -317 -945 281 478 335 723 630 -803 -287 927 1000 127 -77 482 223 -552 946 883 -591 287 -671 87 -673 923 973 114 731 63 233 -911 873 93 -695 489 -245 -263 46 359 -772 128 717 -584 -641 94 -200 -48 -291 -325 -616 325 -756 
-878 759 -255 620 -132 -515 948 50 397 -877 252 604 -688 -687 -130 881 -258 55 881 205 -94 311 711 -85 307 381 759 -168 -994 646 850 909 903 -280 -690 -926 -869 292 -366 -251 171 -799 48 -389 -130 -421 826 616 140 -513 869 -898 152 -243 -630 859 965 -953 998 -975 -107 -750 525 -414 273 434 -630 -123 158 -733 309 -943 188 19 83 -499 184 660 418 -366 542 926 -822 -950 827 -477 -101 262 393 -118 -225 -74 -898 8 327 610 -269 -722 106 -335 
-467 415 -593 -318 -408 847 684 847 848 328 958 572 -171 -209 547 338 -664 -943 489 524 -152 -465 689 -138 -606 82 638 -221 -856 90 693 430 -153 437 -719 920 -388 900 419 -917 -107 -256 -534 -471 -523 -442 387 -744 296 182 -873 -684 625 153 -720 133 -519 -354 -973 654 13 577 702 -448 860 -859 -73 -428 -795 -381 -51 -970 -419 -558 -381 -914 -514 -859 908 816 -205 -42 -993 -759 -9 -581 401 546 631 102 507 79 405 -954 -604 -726 -300 -363 -81 -332 
-726 -529 -145 888 -797 581 -826 -144 673 115 -662 -116 -54 828 250 -440 878 -462 -388 -279 -638 -430 751 461 -393 -947 -445 150 -700 -683 -111 729 -537 599 -282 -637 -333 -21 250 744 -109 -485 356 393 -398 -176 -355 -567 997 -103 -524 98 526 -75 399 -723 296 -393 -757 327 -989 527 491 -128 -834 -39 -515 750 979 -580 933 218 843 342 167 -495 -88 -185 -75 22 -321 182 935 -220 632 -793 984 423 -398 934 160 873 364 332 -233 35 168 849 -607 108 
-372 -508 -730 -595 286 931 -332 155 -150 -353 -239 -370 -895 -44 792 -55 455 699 -352 -397 798 618 351 659 984 245 -74 -364 -781 759 -757 490 493 -751 158 959 -567 -837 95 -283 60 776 716 248 -894 845 -774 653 -115 8 -722 2 978 -211 -604 -694 239 -924 -113 -191 564 -508 -895 -781 -351 -67 -60 -588 -773 -608 282 434 68 -33 654 -656 -115 -451 -410 808 -368 906 -529 291 866 -397 598 384 -313 420 -100 410 -798 -480 179 619 458 -967 -544 -542 
-116 -950 350 517 -115 507 101 -546 -611 17 590 244 -781 -905 -59 -981 -418 -996 -790 -761 711 937 -600 -165 -61 290 226 943 -461 465 -41 356 61 -168 -110 775 -274 -226 -488 670 813 980 19 573 403 -938 68 -219 -428 3 -43 798 647 -881 752 -32 882 306 -568 675 -310 -152 -762 -188 977 -544 262 -75 410 717 -139 437 -513 495 -226 2 -423 321 65 -702 633 70 664 387 -428 -855 -645 0 446 -922 -166 -574 -636 -262 209 696 -775 752 -809 -1000 
-976 -180 -586 779 -42 170 -676 494 -863 176 -15 -145 807 66 -977 914 -544 757 803 322 269 7 661 -808 819 835 -563 -706 479 -646 -478 -804 877 -515 915 -959 -680 -799 625 169 -906 -602 199 239 -36 -784 199 104 520 -899 740 -854 6 825 -853 353 828 -646 -879 852 589 385 -758 -130 806 147 269 520 -380 821 731 378 -640 -574 -569 -971 -348 -141 -172 -308 -563 987 840 259 -119 442 904 -608 -494 493 -63 -422 604 582 979 406 -101 -574 -60 -609 
882 -351 -136 438 -119 228 907 49 -6 -779 -748 -511 883 355 3 -295 -279 -598 802 -228 -966 -689 896 -680 -825 -574 -849 287 885 -110 -44 -866 -641 -960 965 102 -330 -350 883 -420 -81 -77 -264 -83 147 919 821 63 961 500 392 -544 -264 739 728 686 849 320 86 -526 423 -242 743 412 369 983 301 109 -239 569 201 206 -514 387 -761 -851 -483 -291 -108 31 -311 -125 404 535 -235 -619 10 179 -418 681 -822 -542 434 -443 -552 -34 -69 -650 188 -52 
345 -521 -171 -72 -442 -120 786 62 289 377 -504 -173 536 676 74 422 -161 -770 -806 -547 -556 443 -790 -471 395 -421 496 -199 -129 -539 -892 990 -660 162 890 85 784 -177 -204 -760 -717 720 -113 -212 -133 -409 -961 433 438 -504 315 -722 173 846 614 736 642 978 -572 375 -860 -376 -263 245 763 -362 551 481 -490 140 467 -192 133 478 -447 574 442 -90 -433 957 -317 645 -595 793 116 -714 -103 580 265 -901 -979 790 -189 -152 -925 172 -390 -334 -828 -212 
91 87 841 -782 709 546 -17 -765 -312 301 -996 -355 289 -263 -356 -57 -218 -969 244 -708 -631 -607 122 4 -101 -404 -247 -484 676 666 462 -802 -684 672 824 -501 -997 -627 -514 -37 -726 -871 -317 450 -704 516 -438 -379 -199 411 -53 110 -461 -267 -864 -347 81 796 267 504 312 660 -943 974 -789 -28 337 -399 -795 463 -867 -473 -97 -749 -271 968 347 -255 -920 64 -550 -490 -430 551 -350 -953 -985 -914 102 -553 -974 -540 -399 683 820 -27 -684 424 277 806 
-87 853 850 -261 -119 -568 -595 -66 992 -172 448 972 -741 316 56 463 -388 315 764 292 -678 -555 288 -666 916 506 818 -946 801 -361 327 -335 -394 -573 -851 703 -657 518 788 -247 416 183 -792 -446 945 841 20 -166 -657 -817 -41 315 -202 -470 -573 -555 266 233 52 130 -452 -56 606 252 78 -384 -321 -252 -685 570 -1 739 -692 -92 832 705 -10 -67 826 261 -360 275 -80 209 43 -402 797 812 -746 -237 -203 695 -832 72 829 202 633 706 -199 694 
338 354 86 -972 224 -88 705 211 973 -594 -839 249 136 998 807 -840 -207 -131 -491 384 -738 -447 251 -515 -578 -629 -243 -642 -198 157 249 875 911 595 978 -274 -402 -1000 -471 -332 441 201 379 -689 -458 227 892 -841 603 -605 -603 -857 -7 -258 -816 -97 50 -930 139 -599 -638 -317 -851 32 -640 -327 -24 95 -889 -333 -652 543 -612 901 -142 594 72 527 -265 -22 291 -225 865 967 -534 -589 981 967 -333 640 197 -512 -282 745 361 -787 707 -390 586 568 
244 -658 131 200 -695 330 627 502 967 44 267 -599 163 -744 -703 -180 -447 -319 -279 391 -617 667 981 -871 847 -91 -256 315 -710 864 -209 -435 -672 957 76 385 -644 813 -902 615 229 -135 -238 133 367 -562 45 363 255 394 -363 -334 165 905 -11 -315 189 143 -985 -307 930 -97 -530 -266 -847 960 -411 153 386 977 866 -102 689 -188 -347 -870 665 -195 -892 279 -815 865 -628 -774 576 -794 449 -64 -738 715 416 -623 524 389 -619 -458 342 726 -189 190 
-854 45 35 426 -15 151 764 374 120 -24 681 500 -94 -767 431 -937 940 -149 -958 -940 -97 -602 -140 -380 560 875 -963 -616 160 -948 -443 -430 -47 -1 435 -614 260 -97 -508 319 -589 -307 702 388 15 -541 960 -90 327 -752 -549 247 -662 -766 -352 -501 528 752 -80 425 136 183 191 924 -651 -863 -314 -877 -411 -646 873 747 -985 815 913 449 -718 -940 88 -907 -475 -202 -391 -296 526 204 382 716 531 -14 -622 -81 -595 461 516 175 -758 482 815 -262 
848 616 10 -276 407 -144 -331 -372 274 -864 -950 233 -562 967 -93 -229 -20 -154 972 890 998 426 -754 -764 -448 757 -835 -778 -317 -753 898 866 140 -989 -921 676 41 26 867 700 946 991 824 855 519 -911 -497 156 802 120 -406 570 756 742 -918 -586 -888 931 607 -139 -787 179 -122 -50 -314 -94 -444 -108 -276 752 -29 -835 673 -962 234 236 815 -716 674 977 -708 589 -155 676 66 -103 -489 -848 133 482 949 930 -550 -628 569 453 990 968 -492 608 
712 484 -653 166 844 -434 -392 -85 -444 812 810 -247 -418 826 -556 292 -382 351 347 -790 -957 -767 -693 857 -779 471 47 -294 -898 646 842 594 -63 448 231 648 -599 -296 392 -774 -953 850 -843 748 826 -136 -570 527 -19 -292 46 686 -630 139 179 400 -478 823 312 736 -486 791 -135 538 2 -927 -962 690 -783 -566 -824 -732 -99 -862 75 427 954 804 -310 374 -643 311 935 793 71 580 926 -464 -297 -321 -851 643 -92 156 958 570 -857 992 -48 -168 
698 723 -578 -45 585 -617 -871 -275 -371 177 -659 410 949 661 214 -365 -442 338 845 -221 108 -308 -288 -669 418 -231 350 422 925 795 -878 -750 755 507 304 946 -693 355 -185 646 -887 394 741 -931 -800 209 -562 -431 418 619 522 531 -566 -533 -690 529 -950 -324 -841 954 765 714 -642 157 -193 325 540 794 967 790 745 918 846 653 664 532 -302 -853 274 850 415 494 -174 875 207 -280 942 670 -347 758 841 -36 975 865 174 599 831 501 488 176 
438 -255 -774 -918 493 -655 -642 -703 514 -842 -881 -881 752 -733 -627 680 717 178 791 -451 -796 779 -769 823 951 784 969 -772 -808 -461 272 93 -262 -487 -882 -216 704 -653 327 165 -879 787 -93 714 -186 -938 970 -435 990 117 -547 -531 526 592 326 284 -131 -412 152 -740 -180 219 -922 -505 510 -141 592 -954 871 -167 42 213 -867 -171 854 120 -498 854 -737 573 -710 887 182 830 -219 -513 416 -861 -834 992 -968 475 921 -201 -819 645 -309 370 -963 -480 
767 584 694 -659 177 941 -683 -360 603 752 -865 900 -86 -470 -369 693 995 142 956 603 662 173 -98 -733 5 -648 103 217 118 -505 -636 -478 -598 -197 412 -970 693 -461 919 -882 522 -851 110 289 -829 205 -829 176 -695 -832 413 0 -444 -437 -154 816 -696 222 -527 238 -258 21 227 405 956 -966 -746 -995 -414 855 994 -792 767 -295 911 468 58 704 -529 689 -597 -273 608 -206 863 854 234 -229 373 801 768 -270 -486 -964 163 -756 133 -818 846 -446 
-353 -262 -724 252 -793 -593 -434 -320 -870 -546 -388 -568 157 342 -108 760 291 -894 48 30 514 -218 -95 51 548 -747 -52 -326 453 12 550 -228 709 31 -678 -207 447 204 -979 493 -200 -947 131 282 -941 24 -924 341 -522 629 -290 -176 401 -396 -619 341 -208 -229 811 -601 -355 640 532 212 171 -628 -894 -912 946 485 -780 516 -317 -702 904 -372 -514 -413 899 560 321 297 -616 768 -718 125 965 -902 -103 136 461 832 -735 379 14 -417 -811 -420 -8 698 
-981 -431 -917 -613 829 46 780 990 545 805 59 -746 -668 544 477 332 -572 -138 -884 -12 -369 177 171 -622 164 862 663 348 -216 513 -701 -873 -921 -869 -604 -8 869 -308 -926 842 277 -812 -127 646 -626 449 348 -845 190 -931 -867 852 328 663 -848 548 -553 513 139 -994 433 128 157 -780 796 -279 401 -10 941 -121 -452 17 970 690 -611 634 -615 -385 -621 35 -764 -51 251 -954 -991 393 615 -881 198 408 -394 -643 782 714 686 783 264 811 -849 903 
930 -377 237 -827 788 943 -674 -777 -946 -610 -402 -957 568 -424 647 -905 779 -21 -295 -599 637 686 -690 163 99 41 -899 757 440 -545 -276 182 -785 -889 330 314 -148 619 -362 -456 -270 -787 530 -149 -184 -827 762 -685 -695 -767 -226 355 739 356 194 500 450 715 681 -968 50 303 -754 -132 -354 -270 -470 935 -690 -380 211 781 -573 -278 724 -366 -90 142 605 673 693 -661 321 -196 638 14 579 972 159 -204 -346 105 -176 518 -393 51 -32 15 -195 254 
-335 -867 -777 -709 -173 920 -721 793 -272 -809 -785 266 -234 443 75 300 -851 125 -487 -15 -147 787 -455 -323 126 -110 623 -162 565 -809 -583 -604 -603 19 116 -446 -267 795 -907 -582 -537 497 929 -579 941 -962 -287 573 -917 321 600 -978 -439 278 -897 -34 -511 669 -696 624 820 -479 -610 -748 499 815 -717 100 -848 667 -257 -662 220 -252 63 -655 683 451 -127 -538 223 -224 -881 551 491 -618 391 983 624 44 -792 -912 -76 -554 309 131 -984 -319 703 421 
642 -585 26 -726 -308 605 458 -488 780 339 -11 -935 771 -12 -705 -553 -339 -489 436 282 -280 370 45 -956 310 -944 179 -233 -144 -385 -719 817 -177 850 -548 -429 625 -466 580 283 -569 231 166 569 320 907 -144 211 -829 277 452 780 -830 -122 363 -873 -840 13 182 -648 -446 -350 -192 901 972 680 901 -268 155 -71 378 517 610 -91 438 -991 -740 -680 -85 -140 667 -557 496 191 -525 116 726 -22 226 71 -429 246 -886 301 484 -841 -131 668 949 215 
-471 673 -863 398 -505 287 -192 594 -926 311 -224 55 -514 93 981 691 -657 -343 689 -815 -664 458 159 -893 318 -961 70 379 893 860 -136 316 302 -632 740 -796 -532 543 84 -963 969 -613 523 798 413 945 -217 752 703 414 681 418 -124 827 141 -873 359 -954 578 614 -109 -721 -337 7 -721 519 444 36 495 -486 -615 264 715 -379 -674 746 654 243 -742 786 284 -912 39 -191 -733 -813 431 42 535 -535 782 45 -15 -514 36 -184 309 -203 814 -752 
-237 482 358 796 186 -685 -639 -671 372 -473 706 -478 -58 -317 902 157 101 -125 766 864 518 140 -176 -178 -387 -677 -208 19 -311 487 -907 -217 -957 -95 -199 -790 -624 -628 700 221 928 541 -426 -190 432 -272 -267 -265 727 -177 -114 -366 880 -572 318 -631 -787 983 -746 403 -180 -713 150 645 43 -898 726 185 -990 414 -760 -628 -358 -609 700 -471 -993 -665 67 13 -999 440 81 -29 -41 492 -738 -192 169 -740 240 -85 -95 314 596 -922 -880 -24 -347 -944 
-40 638 -341 -428 -758 -875 -771 -373 548 789 -466 151 327 -201 694 -123 -417 582 -627 -338 147 323 602 -663 -296 498 676 -524 961 955 308 23 788 -816 -817 464 -242 50 732 -955 460 -714 -805 963 -536 -753 -337 -333 253 -199 495 145 -35 821 -946 486 745 521 863 264 -278 35 620 -803 44 792 -47 551 869 397 -984 274 -164 -535 -529 137 -64 -471 -63 -412 -615 -99 154 -623 -219 853 872 -626 873 -393 -236 -36 511 578 245 -695 -256 327 -475 270 
846 -407 -622 11 580 33 509 -361 -584 797 -254 -39 -106 -797 0 -455 201 224 -300 537 197 -851 -124 178 901 -437 385 -984 42 -234 126 326 -783 281 -449 121 412 44 970 -933 -394 202 982 -960 -296 547 -92 729 949 -729 653 423 55 934 966 906 974 674 -687 -867 574 113 -458 863 -393 -698 -136 817 -46 -882 -730 -599 528 845 -935 -424 922 -372 -466 -246 413 -626 66 -827 678 603 -592 526 -940 697 -648 -250 362 -832 627 -398 -682 -446 153 -409 
-893 -873 655 971 -820 208 -649 342 301 75 -60 465 -451 85 886 -496 121 949 -679 -184 -155 -215 415 479 -85 951 -789 447 -653 -238 -501 183 93 -514 271 -105 -48 661 -576 101 -313 782 742 -982 -516 539 321 -126 -232 -174 918 135 -984 -909 -370 599 517 -688 -944 134 -230 962 908 -70 350 -742 -779 -4 -814 -932 885 175 844 -239 -661 -294 733 333 497 -717 -204 -261 -514 -58 -728 -575 -609 -77 39 299 -953 -477 265 745 206 796 280 -624 644 -351 
-884 522 931 -197 -12 -920 -54 320 -671 -759 318 -647 744 -233 -847 216 -380 145 544 959 -923 124 160 -469 -557 -180 72 855 -723 602 -294 -670 -285 -438 -195 221 946 797 -730 -674 -455 136 350 -827 -288 -113 844 960 -254 465 929 911 -627 -889 -65 405 55 899 148 664 -202 534 77 -246 -525 371 -494 -595 -849 -437 82 -775 -22 479 936 -447 573 -479 388 -985 -430 -714 -553 154 381 223 -557 -724 -852 932 -335 584 102 -913 -600 293 -777 141 730 -438 
-83 318 -992 51 -504 538 -910 103 -491 -138 -151 -569 -713 -295 874 599 -75 -685 721 704 648 -273 -767 48 -819 101 126 -684 -939 -946 580 -811 -342 456 438 559 -616 687 -361 -354 290 -335 -548 -352 -589 -983 -298 -804 -985 -41 408 196 -774 72 -533 -137 -877 -649 -110 -548 -455 37 30 912 349 756 -611 438 -336 804 127 100 -518 396 830 324 -923 58 -701 237 -411 592 362 -729 -820 -609 772 -75 810 -267 295 -64 -232 922 -444 -794 -313 351 760 -741 
61 -980 857 609 -1 986 -579 -695 -809 -103 345 -692 -413 -647 268 762 862 316 -966 582 -892 793 -331 -297 -384 -957 -226 -746 -111 -208 -178 194 -809 -523 -334 657 -760 -592 -584 -107 189 -785 -902 -301 -422 -347 196 980 -467 69 41 -746 -115 -958 234 121 689 -549 -436 385 766 -761 293 -937 -178 -420 599 -397 -133 713 340 -838 748 421 -355 -844 -58 174 -197 494 -768 48 -792 270 -792 725 749 466 791 -40 -320 829 769 779 881 218 519 607 -528 -431 
377 45 -467 590 722 504 846 -242 974 -191 473 -772 -525 -282 628 -977 -565 -273 -769 -976 -702 -670 -494 943 169 648 621 459 -494 -408 117 -334 766 -622 -73 -256 -913 -326 90 -380 848 702 -187 -459 -302 -467 -33 -514 81 -893 -838 -974 -21 575 -520 236 299 -220 56 228 136 -587 587 284 53 -385 -425 252 -787 -5 -834 566 -247 -450 -335 674 -401 -76 497 875 195 -687 887 191 -733 -873 -716 -361 -222 633 787 531 569 -308 -81 -812 934 -211 -668 461 
387 745 791 -174 786 -556 -685 -987 -574 -549 876 831 933 871 -56 -713 -786 -825 727 313 925 519 -739 -219 -986 -52 197 561 888 698 -227 -339 -470 628 -34 -855 -165 -390 -402 -231 665 -729 813 451 -588 -880 -941 -300 135 -93 197 -713 -592 -775 -869 834 -724 -759 -364 440 -386 -900 -838 82 -284 -85 576 135 -561 -710 -913 -137 -175 -701 -500 -672 305 -709 -251 876 916 453 512 558 425 -365 -897 891 -382 853 -13 199 805 473 903 850 -994 9 243 295 
844 -732 401 350 579 -457 -727 888 -304 302 -915 -668 -388 379 724 -594 135 -689 931 711 -936 -90 -17 84 291 535 -992 -559 -7 -898 -877 -122 205 144 649 164 12 -888 698 553 227 443 -304 487 736 900 -36 -132 541 -641 482 -413 -106 -247 16 -413 269 -79 777 359 -651 532 990 633 -788 313 -719 -858 -965 -868 -639 388 540 -216 455 923 780 -155 390 802 44 -804 -590 148 533 378 581 -263 -322 -346 -154 46 71 511 -911 -926 496 466 83 -922 
-956 723 -478 -309 -304 -245 510 994 -474 -24 728 -545 -852 480 -831 -963 964 69 350 264 494 999 886 609 -494 868 583 395 -239 483 560 -907 569 -441 -941 169 -731 361 -285 489 68 753 843 754 -356 -662 -946 -848 722 -944 414 235 377 -449 -190 -113 847 -61 -706 -750 247 -222 814 374 -984 439 8 86 654 -582 -375 -596 -92 649 987 36 274 180 -878 -281 74 662 326 -877 584 -304 -923 580 -76 -419 -65 327 -576 -583 902 717 -894 915 758 897 
-489 414 255 -415 866 430 508 876 806 -282 374 -50 312 805 109 -591 476 -564 -822 -692 -549 -379 -252 529 -900 547 -681 677 449 72 -236 25 -238 -739 435 -754 -166 728 825 873 -468 568 484 -239 415 -975 875 -932 -489 -663 919 -187 -276 -124 -990 -785 -413 375 -652 -878 61 946 -942 800 -692 726 908 277 178 546 185 -622 169 503 438 692 -432 -295 445 -102 719 158 54 -699 -742 473 460 -591 402 636 829 -210 -852 875 368 907 -832 776 -605 751 
863 719 708 -23 948 -476 -335 657 -152 -311 866 -348 866 985 -805 -971 -937 -836 -625 638 35 -536 -875 -346 514 -540 226 562 -276 -472 190 935 882 324 -825 995 328 283 588 -579 835 932 -639 720 526 -216 190 -418 158 -963 384 -815 -937 -410 -109 468 -918 -217 868 563 790 -416 490 627 380 57 -130 -69 210 -826 357 -888 -887 784 876 698 651 666 -864 961 129 283 261 -522 -783 970 -696 -959 741 -25 -204 -871 -22 68 325 -753 355 -401 -395 -108 
-207 778 -363 -119 -545 -90 750 -790 24 -801 442 999 527 750 317 406 889 -975 198 -617 120 -906 -98 22 -736 632 654 727 398 -423 -817 351 402 -97 -822 -338 -516 -650 -223 -797 -548 -271 -506 376 331 695 897 741 515 -478 -756 -370 -51 14 -908 -679 781 -826 -522 -193 -136 -837 -811 88 -742 -939 -21 314 -640 109 768 -892 -459 -119 383 -888 -229 -903 -206 -722 -855 273 343 -395 180 -763 -752 931 314 -233 143 -963 -285 -874 546 -573 -236 -43 459 135 
-635 450 -878 769 726 549 394 418 52 877 -578 -112 -859 -152 669 -357 -838 -339 -887 842 304 256 14 -366 -995 -689 -723 -469 619 -177 -494 909 433 649 -892 815 460 -720 -436 48 329 -738 345 319 -152 -767 -139 -79 726 902 -47 -824 -256 272 798 509 407 -379 -167 -493 -242 253 471 -736 -822 524 -565 -503 97 -316 285 -735 -370 411 476 -128 -346 -552 915 -2 896 -582 329 -695 980 156 722 -82 -755 228 -50 -700 -360 364 446 -111 440 -34 -986 962 
-339 252 -146 660 324 480 910 -180 -593 772 -449 858 908 536 -507 -136 -844 325 482 482 295 507 -668 -255 295 230 731 950 228 -53 792 881 900 -853 595 764 227 -873 386 420 688 -640 -207 -347 -734 467 535 340 -345 871 -808 -845 -121 -792 -315 -77 -500 -411 -158 -571 -491 185 -432 -242 951 -343 -772 888 -49 -94 -553 702 821 -792 498 -52 -108 480 710 653 10 -664 -945 -129 284 905 223 568 523 -891 -720 310 886 165 -233 546 -37 -474 -215 184 
989 299 -500 -947 572 369 907 -449 -31 148 -18 90 -722 903 298 -586 296 -642 483 172 680 970 999 -735 310 -995 475 474 581 385 -708 -790 -246 642 -308 717 498 829 917 37 -729 -217 814 528 407 373 114 132 -707 835 137 -897 905 165 -106 -259 115 -788 754 -32 186 646 297 -994 -598 -343 714 -339 -39 272 219 984 -756 -152 -250 68 -455 -956 68 -566 -454 -659 154 -255 -483 -828 216 765 -291 727 -478 -38 -850 116 480 -445 -160 -655 -736 -348 
-875 -565 732 936 -382 420 111 -942 -33 -167 681 469 7 344 -161 -308 -838 102 -401 853 673 -605 828 -901 -708 -71 -583 -417 199 -412 844 -915 -810 588 731 137 -943 -346 -525 243 -330 -522 839 639 -85 704 652 -370 -883 -285 588 588 -252 719 876 331 804 -245 -133 379 63 984 834 171 -794 638 -640 -711 -790 -972 651 277 -903 918 346 175 424 -350 759 -283 206 -526 794 452 828 738 10 396 853 -201 -137 274 361 -519 254 865 806 -807 533 552 
810 -384 -626 937 146 -550 782 -738 289 701 855 494 -903 135 30 712 838 348 292 68 -401 29 879 516 509 -593 109 -998 -918 -983 166 -963 -90 -480 437 -19 183 -220 434 -227 -21 -889 -698 720 -753 127 -654 347 840 391 -109 615 496 -706 168 226 923 604 -377 874 110 700 826 894 855 108 -347 558 -535 915 -454 548 811 -396 -288 -478 -402 387 527 -992 764 -381 -491 -206 -706 -944 503 -744 -77 861 755 -543 -936 -671 142 -11 327 -960 338 -219 
624 636 -31 418 -975 -219 -272 39 353 -93 489 -449 770 419 100 -659 -524 -576 -751 -73 871 -383 -130 -340 -963 -411 -563 537 -233 547 194 83 -908 265 31 613 366 -214 977 -618 -574 786 276 -295 -97 337 401 691 -255 493 334 -161 424 780 147 -412 -297 -374 390 -833 -712 932 767 -504 -359 -327 -262 -83 -537 -243 201 -363 144 -725 312 -362 -139 -534 522 819 653 -241 -751 -579 -302 -820 -303 375 -816 6 512 -987 -735 -960 -6 911 938 -947 737 -467 
510 -608 237 -408 -659 -127 628 -466 494 -37 493 900 -635 432 805 -178 -768 386 252 668 122 318 -126 -536 -509 -510 759 -847 -226 745 -66 -971 -47 -454 754 104 -309 491 925 -284 925 -945 -113 -194 -265 597 -532 -117 971 -136 476 -115 608 915 285 456 707 -347 559 985 -446 39 -602 -549 436 340 873 758 44 826 -992 -562 -204 -978 -208 -76 42 -864 901 470 302 -551 -784 583 -7 115 43 253 -104 -431 956 48 -647 -745 -476 778 -295 760 624 -629 
152 -722 -150 936 600 -221 -502 -110 -986 294 -547 -103 -934 -94 -934 363 -720 373 628 934 -182 -719 337 103 777 108 511 -981 660 -630 -867 -319 893 -374 -768 437 -240 -242 -426 -768 278 -986 113 698 -220 -916 63 -650 -310 -965 209 989 -31 -311 -816 242 -923 -10 788 619 -649 197 742 818 235 -125 -27 124 107 -627 -563 419 -881 753 -998 -329 370 715 559 -426 202 -481 -241 311 -289 -897 456 822 501 270 -249 303 -756 823 134 -181 -681 -286 401 750 
-217 -211 -108 521 -797 529 964 739 -744 -802 331 604 -329 410 -658 52 -127 -271 850 94 -118 -824 807 -146 299 -417 201 -885 -988 510 -150 -42 -144 223 -438 -606 162 637 390 70 -207 991 -330 -715 -614 -709 -975 713 44 -260 -898 -346 -638 -577 768 755 -43 -84 962 -216 564 962 -972 -698 294 315 -850 -886 -733 835 -916 9 -927 -481 674 417 -45 293 -125 68 873 520 -242 -553 560 113 250 -432 120 -792 695 355 896 -18 231 59 -587 -46 -664 -244 
961 261 920 552 983 -554 717 -411 247 -931 985 -358 -716 -538 129 -647 797 553 565 275 -266 -239 303 -969 563 884 -290 -715 -969 -170 -712 460 380 715 -807 -901 499 -100 -287 980 -220 552 -542 585 484 195 -334 -505 -438 -899 19 -817 -194 -14 205 -121 802 -556 176 474 -913 351 -605 -922 -627 -977 -487 -476 958 942 710 -367 -242 655 -198 948 59 -455 146 788 -254 53 173 760 -499 262 -209 -418 371 921 150 546 870 304 -614 476 -570 260 -495 -559 
-294 -923 330 984 -574 111 615 154 -487 449 655 348 50 -553 -513 319 -964 407 -779 -607 -790 445 -941 859 139 688 -504 -885 151 747 223 -439 -230 118 -196 166 -50 662 -123 -287 -230 -229 -352 -555 -781 -76 783 -912 68 667 369 -615 -869 921 120 813 912 -891 209 -973 813 -103 129 -585 -416 -665 575 488 372 552 -307 260 140 -487 -561 -757 485 -497 83 -178 -452 -444 -226 -462 -630 -31 986 -312 722 -824 897 643 -231 312 398 -62 -78 -331 -138 -614 
-914 156 -417 -579 757 114 -950 662 683 980 -28 752 -194 -817 917 -630 49 822 -843 537 -599 247 482 -938 459 159 60 -475 -815 620 -533 52 634 -810 -740 -343 948 106 631 -215 344 164 997 273 598 967 -435 -722 709 -772 441 -910 723 -47 -340 397 -62 -598 495 596 -181 -516 -961 940 -348 -985 -806 387 173 469 673 627 -983 -779 754 -700 -740 -605 -562 847 464 792 -489 732 983 999 -929 364 16 251 -826 413 910 -758 482 926 -901 525 624 -385 
-484 -957 20 -991 782 925 -525 -906 862 863 -990 201 602 553 -873 -242 -95 45 -156 814 -970 288 -39 -833 695 -502 210 -904 -400 491 949 12 951 207 -433 -817 960 204 -207 254 -283 263 26 -743 387 -873 955 -911 -439 -852 -814 857 -415 641 650 -487 648 382 589 866 -233 375 -172 749 -783 -271 642 706 -384 -210 493 872 42 231 776 850 -324 -498 110 -531 -37 20 27 917 112 309 -593 -617 345 840 568 -188 -485 -112 376 -994 593 -992 164 -975 
-210 -204 -299 416 720 -936 -926 192 601 751 87 724 -546 973 368 631 -484 -705 -750 538 155 -293 -117 171 -666 958 -539 -611 49 -705 -461 -567 678 262 -44 -881 -118 605 819 -952 345 714 104 50 -397 -495 -742 -830 -987 -198 -459 -394 -494 770 624 -494 -646 618 283 891 485 587 567 -560 -557 973 -257 -734 135 -90 964 6 289 815 -388 -363 991 189 -880 -612 449 -667 -219 -920 118 -500 616 78 684 176 -961 290 -466 305 239 330 922 2 29 59 
-298 -110 -258 -99 125 -209 495 -912 270 -953 383 -81 -37 664 -93 983 341 -940 -934 807 -541 -937 946 -672 -871 510 178 931 -769 -884 -67 -999 -315 296 417 504 633 -539 -410 -877 275 559 -875 882 -33 -140 -814 103 -516 -267 138 -399 -201 397 -289 -440 432 -351 653 -590 421 424 235 542 -863 651 -709 -224 -737 -199 -407 554 884 497 -429 243 89 258 731 806 -609 -71 585 103 -517 349 924 -112 958 566 566 562 467 -893 -909 491 167 590 -141 757 
-878 -827 394 567 275 -409 17 -843 959 -256 313 374 995 -209 -569 -108 -624 112 -656 -809 -401 572 -742 849 135 107 -207 927 -825 96 24 -72 -221 -504 672 852 -70 -596 570 -598 985 174 716 120 967 936 -133 145 911 -846 966 -41 -605 -436 571 -654 301 306 -852 945 -738 -800 -936 669 -43 -127 -29 -32 895 942 -431 996 -65 -762 710 -828 344 -999 281 420 -890 321 177 -737 -147 -752 -780 953 98 -914 -590 331 -464 651 625 830 -431 -250 491 -640 
950 292 266 773 -949 436 -592 -920 -53 -367 -378 -870 449 595 356 889 -285 188 514 296 -529 -317 51 -113 23 906 881 -632 -596 913 -977 979 -440 -142 303 -762 -935 879 545 -443 31 191 633 -820 273 -999 -478 80 39 301 295 325 -510 -942 87 -400 755 291 -161 -440 -482 -28 849 990 327 11 -120 -535 737 505 -684 751 -977 -938 471 640 -441 -674 -145 -755 -779 -492 567 -282 -730 -654 -374 925 -475 -299 -362 591 -418 629 424 621 171 949 -784 371 
381 -539 772 474 -885 -478 -543 -713 -792 -256 -366 335 -932 748 129 886 771 -522 -207 755 833 61 -77 868 -429 -132 -782 659 972 514 34 541 -373 319 -429 177 65 150 424 -376 -450 201 -149 957 607 272 -361 -381 -448 -644 -908 734 -301 282 340 637 -529 -786 937 194 901 -289 37 -531 214 -122 846 254 958 -173 29 -863 455 -780 -780 -397 -355 941 771 -648 305 35 409 -342 -604 -643 -640 644 825 669 471 -73 381 -839 856 815 280 182 -18 -228 
97 821 359 -816 641 -336 518 290 234 -633 646 -253 -247 -979 165 358 -692 -832 -793 184 832 625 854 530 -563 -977 -570 -459 -126 333 -496 410 -623 411 -404 447 -772 -761 -729 221 315 -605 -628 -926 390 927 -667 -913 113 121 -820 776 -223 -44 -171 368 -185 -660 942 -64 68 -604 247 -381 -967 -336 -513 -837 392 9 -986 607 514 380 770 45 718 968 -473 8 759 367 -467 -963 570 -395 -245 -654 -935 -867 -762 936 -778 275 611 904 -576 -629 686 -100 
-42 493 -465 99 -850 -161 764 815 -812 96 -679 837 -433 818 564 602 479 -815 498 -714 -421 382 142 -13 -835 902 -622 -925 -986 -9 881 351 982 -211 -256 451 875 372 -555 961 42 963 78 258 -993 -789 -708 581 767 -858 735 146 -841 -996 158 920 -344 324 -224 -945 -808 -147 603 423 687 753 -204 -773 -95 -601 -658 293 535 595 404 -339 -785 840 326 -810 106 753 343 -295 624 -751 365 228 -555 -537 -346 269 351 -225 -243 -662 -570 -325 196 706 
814 61 -731 425 -752 -998 -685 -938 -595 -626 934 100 28 -893 -714 -311 -852 579 942 -15 -92 944 -651 657 701 -434 672 13 311 -383 191 -784 912 569 371 -515 -582 -31 -894 239 119 735 486 -247 777 -69 216 824 -342 -475 928 193 -840 700 844 635 -247 740 663 883 974 -359 -748 387 789 155 -576 -525 -373 48 247 989 282 386 415 -753 415 -544 -462 798 577 -595 -258 847 -203 -102 -981 -398 958 262 -20 853 -17 -687 -658 -458 760 -863 -395 -226 
-769 357 -790 901 586 -30 -640 23 -3 -534 228 -218 798 359 858 -236 -845 596 996 20 -246 -666 662 -831 -998 -315 -873 304 -477 -912 365 596 -194 813 585 -856 -515 344 -551 300 617 302 -562 782 755 775 192 -80 -539 380 648 -330 690 -652 -161 831 213 -556 282 -13 -416 -18 492 586 125 840 -197 490 -897 121 -979 -979 -831 677 773 86 -814 -707 -46 823 860 -65 -71 724 -676 -166 964 -871 -802 848 -186 890 791 645 -194 -410 -229 -794 84 -524 
53 841 873 -468 -199 912 106 859 -892 398 -223 446 -710 -855 -169 366 -677 247 -273 -759 84 958 15 -351 -931 538 221 824 0 -114 41 276 755 -464 -185 542 -999 -301 -520 -306 -123 -337 -783 -420 212 818 -504 945 -534 377 -532 73 599 -832 -369 944 -393 -327 -860 274 497 -825 221 -674 940 413 -775 454 69 -677 -180 -591 405 -784 380 94 -623 -866 457 914 435 -246 830 -50 -598 -332 767 503 -983 -634 727 515 -272 -444 -33 162 744 -330 266 483 
272 -751 191 -606 -115 394 618 -609 -357 669 747 -97 997 -772 -988 -903 -131 -443 614 -58 -194 -814 296 161 925 486 -664 774 576 -916 702 38 -648 270 -587 273 901 -139 866 -253 555 -429 -230 -229 -701 -382 -274 -875 454 -146 -451 799 235 960 -40 -184 54 728 204 663 983 925 -666 514 602 990 -84 657 574 317 -206 239 250 156 804 -847 625 -784 -624 506 942 758 177 -845 472 -714 -10 -881 -250 -702 -284 -242 -909 -772 890 -651 250 -45 850 140 
230 -806 -520 -886 -150 76 3 -73 -92 -472 458 -599 -655 -231 -561 933 -199 -671 -380 784 915 -711 -622 211 -454 -951 545 -857 -361 -959 15 -182 -772 -342 548 -463 -988 -631 0 -485 -778 651 -547 -582 352 55 339 518 763 -280 -539 162 -876 344 -742 102 -515 245 -467 -163 639 200 -279 -182 -34 -859 -106 508 716 -87 573 982 -776 981 -57 -532 757 787 305 515 229 -562 689 -339 719 889 -575 750 -18 -379 769 989 -621 -909 8 -145 -808 -772 640 -263 
7 -971 648 834 58 -162 -286 -848 -97 675 60 225 -21 -747 502 -948 -549 -474 308 539 -298 -509 914 554 -594 -803 162 -188 -781 -998 946 -214 -334 -222 -204 334 112 23 328 756 -157 826 -956 510 -635 175 936 -849 -292 921 -636 -715 879 -808 -765 -839 -913 -381 -776 778 -400 -706 53 -816 663 -439 784 -611 -133 -991 -180 559 418 -17 -357 237 -962 -253 -117 -361 400 -770 649 579 495 -807 838 -932 -367 -943 47 -541 308 -930 499 -644 376 84 383 -489 
-915 -393 563 364 775 -837 343 -876 478 133 -269 938 136 -850 698 998 853 249 -740 879 584 -754 -737 598 -79 -984 -378 -45 -5 266 131 -821 39 508 -914 451 -444 149 -243 -636 978 952 -597 875 -397 -729 122 -855 -686 668 692 512 724 977 -657 -268 473 -185 -95 -59 994 -56 -421 -805 303 696 1 -824 -492 151 -851 -988 -386 -583 -86 -156 102 -864 -83 -280 -647 -525 671 -233 135 -72 236 -160 -66 64 579 -378 660 997 -122 870 -988 678 -259 39 
-236 -253 -131 -273 274 153 872 253 -911 992 -108 416 -448 -907 261 -169 518 -946 990 663 120 34 -826 -746 -86 -9 -879 4 -249 -525 -409 253 -505 -339 625 -73 289 -195 299 512 -408 477 -448 -154 721 611 732 -649 493 367 842 703 846 573 293 582 -975 -710 -909 -797 306 482 -199 445 -760 425 -270 867 357 183 -220 -928 -461 -940 918 -943 -965 114 714 880 50 -544 162 737 626 -60 980 473 -72 249 894 -288 -85 -863 -728 -166 -53 -317 -338 158 
-89 -389 219 -599 -37 -288 220 223 194 497 -535 400 -440 -653 -909 427 712 -763 124 -148 -441 -623 139 -951 802 965 -460 970 479 68 -110 585 -139 872 390 -502 -892 -430 -56 115 328 880 329 616 -144 343 -243 -559 -377 -906 230 354 -925 765 -975 158 804 945 474 396 340 -29 -103 286 -212 4 709 344 -298 506 692 -360 566 508 418 -210 -441 -953 -1 748 72 -868 -303 599 -777 639 -876 -508 856 -185 -951 638 819 987 421 -515 -365 141 -38 -992 
-41 290 -544 -186 -237 789 463 -343 -51 935 39 -758 -124 656 -267 -2 -542 -579 199 -715 -227 373 -164 -999 891 -973 -319 866 -340 -288 303 740 -719 696 -116 720 -200 -190 340 390 229 552 770 780 -587 -875 -842 170 55 620 -289 -427 -411 345 229 453 -442 -708 705 385 887 640 -615 539 398 786 630 71 230 -289 -755 -378 884 -532 -430 481 460 -442 -355 -755 966 472 172 693 96 154 -554 -787 910 684 666 -513 -562 -396 -72 613 399 -783 890 -276 
405 896 597 -90 -207 -693 440 727 98 260 111 501 370 -731 587 152 47 -752 -800 756 -120 -535 -466 598 897 -972 130 770 -106 194 87 -185 -91 290 -287 524 987 910 764 163 -547 -926 -170 268 -829 -281 729 586 -928 135 -371 -821 -456 -505 630 -891 922 331 841 -634 -860 -265 -615 -276 14 860 0 -850 537 -989 -106 790 -274 217 107 343 -422 -521 -286 142 -358 270 714 -163 -462 571 -838 -44 -127 808 567 -130 554 110 -584 760 83 -972 -926 940 
553 972 525 -391 -545 598 169 -628 707 -996 -970 -943 -4 664 -239 722 -88 684 438 -286 876 -594 -171 -783 509 -239 -46 678 -203 58 115 -431 873 271 315 541 825 -977 -234 105 178 -315 -842 -825 -854 65 617 -709 986 811 -553 -972 -653 -226 -662 808 235 636 537 116 685 37 408 535 -467 -656 971 -544 -118 -277 405 -535 221 273 146 795 844 -115 265 -861 -38 534 526 -908 -533 844 602 105 -798 -345 804 159 249 -849 294 764 -890 -630 -896 400 
-651 -993 -475 69 -885 -640 282 913 -352 -15 -517 -734 -863 -591 278 -565 -298 -642 -299 -967 -253 -880 563 648 -922 -863 283 636 -958 -449 186 -954 -92 515 52 682 -363 64 476 732 69 721 904 450 94 -959 444 -200 -934 -208 259 -494 -530 921 -428 158 -623 -656 -179 444 846 -98 -849 557 -568 -671 -460 -549 -416 -749 -534 918 -803 658 -193 978 728 860 609 -191 -53 285 -511 -604 -442 358 -435 267 -852 816 437 245 608 897 902 570 423 -572 -849 750 
516 514 386 475 221 -345 -702 -23 -40 276 -15 599 -55 487 -380 -216 413 472 696 741 561 452 596 -993 -57 -825 -197 195 -109 -508 -778 -484 407 302 371 -685 -23 -989 469 914 514 954 -637 -66 500 959 41 -16 242 571 -110 -627 884 50 549 553 214 -708 346 -416 -414 956 -636 -547 971 200 945 -158 -403 81 970 -574 234 723 -318 -927 755 -94 -811 537 -501 -898 511 598 194 -898 510 542 -373 -564 937 295 132 -237 982 -119 -834 -236 949 -204 
-240 739 661 819 936 -215 -936 701 553 638 -206 -689 -128 -719 -469 -688 418 -250 11 548 -501 -540 544 -972 -217 580 316 -869 -675 764 857 682 -673 559 -43 -396 205 771 825 77 -204 -707 -418 -918 660 -435 -118 -575 27 -800 655 -939 -807 -970 871 356 -251 -9 393 -541 -302 -626 -724 -590 -460 61 -665 7 683 203 -968 -935 680 8 -284 705 947 532 845 -722 38 101 -792 -507 551 -254 230 -91 403 -240 551 -110 -65 857 887 -184 -804 -19 -542 -486 
-62 -689 131 64 -742 534 616 762 430 115 62 594 -54 826 -15 174 20 365 -554 -3 -199 -454 -735 -950 385 97 -290 -105 -131 608 -571 -208 735 -960 -908 809 28 321 306 886 482 366 -183 306 295 146 -487 955 -36 -456 -858 -691 -808 511 226 -850 851 443 -719 17 -227 163 -549 -75 -156 -240 215 430 241 378 946 -270 -228 247 201 627 -475 349 911 -528 -584 -160 -466 879 -70 323 -138 49 534 857 754 -526 -505 68 -72 116 753 -8 279 911 
703 -917 -520 125 459 583 -834 -292 -892 335 -533 -867 -589 -771 -309 894 439 -820 -679 390 274 726 -112 965 -795 -120 -93 -290 -857 251 657 166 -473 259 -741 -895 651 908 862 -726 491 138 -990 999 -22 -73 -588 544 -807 -189 -193 -876 -781 -988 -824 982 -894 -364 507 850 -198 441 608 -400 -906 -897 -14 -615 -927 924 794 850 -524 -285 269 30 657 -206 -433 -271 403 -803 119 283 80 -738 -977 -642 742 -815 -905 421 599 -983 -955 131 -978 763 -134 -406 
-788 -358 -213 -533 -298 231 656 628 74 185 365 -876 -197 -947 -756 869 -991 -136 -61 -548 392 878 -282 -281 891 -479 -446 29 -363 398 -646 348 605 392 466 335 885 -691 -18 474 -359 776 92 565 -827 -721 -138 913 433 557 570 917 178 -285 -367 763 795 0 -461 -408 307 -391 297 -469 279 153 96 -108 466 -506 810 -141 -889 567 547 -378 -113 190 -130 -919 458 -476 -671 694 -733 212 383 631 493 -144 -790 -821 593 -755 38 903 -40 202 540 905 
691 -934 284 155 457 -463 -101 -550 57 -224 356 -777 550 134 -383 -152 -870 -295 -970 -296 -672 326 -659 -690 643 -582 134 -253 250 -636 2 996 725 -940 -977 -342 -209 210 -223 295 -885 -133 -981 -762 -262 -492 -661 975 -534 365 505 490 -722 -395 362 685 4 98 -133 870 -242 -70 -870 254 846 -443 444 -989 -634 -142 -466 -548 -774 -447 721 -959 -975 477 -272 -218 -564 -76 -599 -65 -707 -765 628 175 -309 12 -88 -395 174 -404 -403 710 93 821 -898 -715 
-370 -52 162 215 791 -909 941 -944 -254 987 -25 -845 905 -584 -131 940 -53 526 335 -446 174 654 -652 -785 869 893 -755 -263 628 13 -20 220 919 -27 -189 -14 307 616 956 -534 -32 144 -247 588 240 -815 657 405 70 922 975 625 -910 -764 915 579 -57 990 526 356 -490 -73 603 106 261 776 589 -649 458 -507 -57 305 218 134 745 -938 112 851 897 668 236 -48 -848 339 -252 506 423 -316 -859 134 918 -332 732 330 -464 -869 -269 -376 -574 -468 
-811 396 -616 -350 953 -907 -470 -316 786 -132 -144 -736 -563 182 -351 724 669 -482 -194 -804 -543 469 -385 486 -540 836 834 -368 -61 858 901 539 733 -783 179 622 394 89 -371 815 -15 379 -781 971 59 -740 146 -311 -134 80 -835 -522 780 -24 -385 -943 984 -311 -588 780 64 402 666 -793 14 -600 -154 -893 -503 -365 628 781 885 -153 -568 -369 -659 939 482 834 -57 -901 11 694 -171 -347 -251 -656 -241 602 -925 -485 808 -727 480 521 -820 998 -906 -242 
-241 -219 -231 610 -815 180 -502 29 -499 964 37 -380 -459 785 -299 712 -12 907 893 308 766 560 546 419 -978 845 -261 647 -253 413 265 -744 -917 275 -930 445 885 -168 -585 -624 906 780 -934 -613 17 752 -512 -499 -947 -212 -167 803 -119 -443 -264 -901 -479 881 369 106 83 -660 655 -379 -65 -29 369 -94 -531 -888 695 -331 116 251 -375 -382 -778 114 -288 168 -916 -687 850 770 549 53 110 574 848 101 -500 783 -190 -946 967 -671 -23 464 65 987 
-2 835 364 627 -620 -604 -21 739 688 -728 -62 -574 832 466 687 -668 327 -253 802 426 -695 564 -577 356 955 515 173 208 672 44 326 953 -420 -823 -439 -102 -682 -577 565 823 -407 76 782 98 -592 -608 998 81 587 414 -423 -709 405 973 -333 -464 11 919 -375 -248 -213 -373 783 -764 98 -359 578 -349 -742 831 -564 -878 459 183 385 184 -150 -787 -576 -976 -936 174 -412 -572 680 27 748 -230 -52 926 -574 -60 731 -91 -248 -640 663 646 -803 -258 
-489 45 211 832 -923 49 703 262 -449 -608 -469 -465 -428 739 -233 706 -7 941 -822 -230 -568 -15 459 -8 389 497 110 -273 -314 -102 -471 198 147 -343 -711 117 -262 476 405 645 134 859 946 -811 -708 782 -219 734 -821 -953 433 605 -506 664 -409 763 -577 877 -751 -885 -692 293 568 799 -698 580 314 488 983 -814 369 -969 482 532 403 -601 308 686 -962 207 -325 -141 106 -514 -62 -648 117 441 157 -891 -759 932 79 114 -636 -614 -335 -620 723 489 
-203 251 -394 529 -641 245 203 -670 -523 -621 -60 -448 419 724 -148 54 -73 834 -834 510 -496 329 -445 -321 -783 132 -973 906 -322 453 604 266 -587 -157 257 -418 36 -309 -764 254 -892 -374 -826 -81 923 -633 -44 29 641 -822 -827 -169 -570 -627 137 78 552 -982 708 -531 -899 978 405 723 769 941 514 483 684 959 -716 -417 51 -486 -968 690 697 425 -922 -202 -722 668 -801 307 322 -350 -851 -590 -217 851 459 -916 -41 -240 -75 610 -371 -564 430 290 
344 -289 387 972 -546 52 267 966 -296 486 -333 -438 -161 625 -792 740 425 -431 623 -800 -386 -502 283 -656 19 -151 734 -755 654 -975 774 856 -829 -347 -254 -489 520 -792 -355 -944 978 290 -997 -818 867 -593 457 116 404 -629 -488 -687 -275 -899 5 -808 -716 336 -613 21 -597 394 -548 -101 -120 169 -872 -95 -78 -928 -557 -91 747 -386 260 932 -470 -982 -685 604 540 -125 114 -373 570 -368 187 536 -288 489 -344 886 -252 -831 145 278 979 -909 391 531 
480 374 145 913 -711 -376 -672 799 -496 -705 822 975 -364 687 -667 747 625 -226 507 642 -616 -198 197 490 -766 972 -761 -108 573 134 685 -482 467 636 990 269 -304 -499 -871 -122 848 792 -744 -131 399 -662 -401 -976 -583 282 585 -696 -520 -376 -31 10 398 -839 -110 -449 682 447 248 350 -629 -408 293 -830 154 161 642 344 381 -438 353 -661 568 24 -884 356 -253 681 -34 760 431 223 282 900 370 104 492 -422 -862 768 -623 617 -747 -374 -806 -936 
-329 -411 -224 -529 874 -27 -655 328 -998 646 675 790 901 -789 239 -384 605 576 -760 546 -633 -749 320 -483 -833 -182 45 -967 -743 573 -462 -406 875 907 764 709 434 -471 -195 -900 -114 260 -277 804 -123 -320 -17 -241 -646 -854 -740 -737 -84 868 -949 -402 -76 -868 -492 4 -5 902 -108 -506 -175 -106 -704 695 -296 686 553 633 154 661 261 -348 290 403 -220 -829 544 880 -937 933 -769 -941 -217 -129 690 -144 596 -648 -797 466 -653 673 458 870 -639 -83 
-766 -929 914 375 -990 -906 408 -379 461 -154 956 838 585 990 -544 -626 745 190 -710 919 306 998 592 -170 -927 -152 741 -955 -903 -258 129 -326 -989 -117 -305 -721 -737 482 39 -576 153 -765 375 -931 -284 647 468 -908 -775 -681 222 -994 -390 -418 -883 282 -363 -740 -178 -154 -804 552 -827 525 359 -4 685 -634 854 569 -2 323 -723 627 528 -668 612 -514 339 146 -880 -730 826 332 -855 -927 -830 -262 155 -378 730 526 -373 993 639 -807 -368 406 580 -341 
-691 192 514 786 -93 -622 -628 152 12 -453 154 250 -437 -784 -895 -898 -384 -413 614 -378 333 828 50 -967 5 791 -685 512 423 -449 391 -86 528 62 -671 -991 -353 -531 -667 860 -330 462 -219 -993 855 -412 -509 -494 62 867 -322 -462 269 -288 -252 365 -968 151 -667 464 -995 -125 -671 443 279 -388 575 490 -592 -282 37 -423 -926 350 49 -91 -672 -408 951 -602 750 214 -745 -681 142 445 -223 680 -523 419 643 373 -611 990 301 -652 998 702 -893 -140 
-541 504 -824 173 664 -183 -503 -516 -242 358 927 -648 611 755 -850 274 980 -784 -624 -280 826 -372 642 -422 400 1 999 44 57 -827 14 919 -124 474 295 786 771 -137 -309 10 -464 -304 690 -115 -178 -704 642 466 -948 -834 358 849 81 47 -804 504 945 -354 -81 479 -466 -284 759 12 481 771 -271 -164 -417 348 439 -433 -509 925 797 -740 -786 895 657 -523 -629 -458 368 -311 960 679 -834 -929 -101 -91 662 -130 897 -308 -655 983 -311 344 -709 -12 
-246 676 671 14 115 -953 -141 57 -868 -509 381 -663 -299 662 -671 -527 -567 278 -194 -603 541 491 199 -341 -322 144 183 762 -354 173 -85 -484 -302 -314 -486 569 248 938 -314 803 -164 -254 -917 -261 546 835 -438 516 769 -390 -350 -125 587 828 311 182 -812 793 869 -862 -135 -231 273 -845 718 -546 394 739 -759 -578 316 881 563 -940 101 -459 653 -706 161 704 -844 933 755 -176 -617 -200 -701 -846 -557 124 88 -727 -940 -605 -689 -261 -147 490 774 -33 
363 -29 461 -550 133 20 537 941 -598 655 278 -437 530 269 -547 70 -79 472 142 413 -207 903 61 -567 512 292 719 686 -262 532 293 -949 -900 523 213 -955 -11 113 -184 798 -853 -573 -705 -878 -255 -814 -816 275 -920 474 30 -183 749 905 -425 528 627 919 -255 776 819 -735 75 -919 -840 22 887 359 708 691 254 328 603 -549 984 -824 -783 645 -15 -158 953 870 -855 155 918 -786 247 -778 -561 -343 -794 -583 559 -662 318 -141 -725 253 -228 534 
