102 -859 417 680 -418 -758 22 139 786 -126 793 -963 -749 -919 -586 -504 -898 -813 -118 390 -941 -710 -86 -94 298 -569 -443 -292 353 -15 182 827 -953 532 118 948 -482 -195 -170 106 -433 -387 386 173 -119 -450 -687 -91 89 516 561 635 -387 -485 -556 787 -224 437 873 -959 952 -715 345 -350 806 618 692 -202 -244 -151 -816 -173 307 575 116 427 -277 -954 -550 -369 -187 126 -62 497 -462 219 -417 -594 -85 307 721 326 173 743 -433 623 -444 -252 -91 -850 
-589 521 -598 -873 28 682 -826 385 -33 -108 -276 -275 416 32 494 -85 382 617 379 -368 -253 688 336 -21 -320 80 146 653 -349 43 -110 -715 -877 -396 -515 614 944 -361 -539 -958 383 -35 301 -948 448 11 -50 836 193 -586 -866 852 -855 -446 -602 -648 -697 981 -800 385 -742 505 107 -768 -625 -828 905 331 363 -341 82 -277 415 52 -472 -151 854 640 679 143 453 763 -40 602 685 -300 490 546 321 793 828 572 267 -433 -268 764 106 91 -608 656 
-616 -533 452 -595 570 917 945 533 702 -624 87 -61 -821 5 -22 -656 856 -403 576 -463 -30 774 -89 7 -564 145 -646 -315 -853 219 785 -759 280 -923 -714 1000 -172 -464 -902 -486 -582 -447 462 -497 302 796 -42 671 -451 -708 305 991 913 -289 -129 94 -860 -16 -885 -741 -835 720 920 -563 82 649 675 997 -660 983 -480 -685 384 -59 792 415 -319 -320 -871 394 729 497 -418 634 482 696 -684 -837 390 -385 683 122 455 840 -282 -811 454 -188 -721 77 
-373 299 -161 -380 755 683 -693 -7 761 408 598 358 944 247 -265 996 -590 -681 -519 639 656 -395 931 -789 398 -428 -35 427 -426 -523 668 396 745 -949 -816 857 -568 -274 664 600 697 439 -371 205 -442 -537 -138 -113 79 286 -809 565 674 588 70 -238 550 -184 -539 -789 931 -122 502 709 -314 939 898 441 401 -180 681 -722 -909 -956 -889 -556 486 -287 -391 566 34 -101 -688 -46 956 33 6 -263 658 -475 -852 606 -42 802 -876 -278 769 769 -108 -388 
-863 -433 -847 -574 78 -160 -849 -749 -633 986 -127 -133 -4 234 167 959 241 -413 -255 -91 238 -204 -686 577 -449 235 598 183 -694 -751 -554 -939 -514 -536 -41 -975 -999 -451 -940 884 -77 -447 -675 -849 359 -452 591 973 156 -155 390 461 -218 230 -908 -639 -121 488 -256 -269 194 554 -732 587 -545 269 630 522 -472 276 -179 310 872 -1000 -449 63 -710 -643 404 539 134 -950 223 -869 -916 -348 -166 168 -992 -799 -507 4 412 602 -877 -860 -411 678 977 381 
943 -752 -36 67 472 689 265 235 -69 990 714 -332 -655 689 657 -188 -916 714 734 593 352 -789 -108 431 343 660 -79 270 560 -319 -773 -618 16 133 743 -946 855 -894 -560 633 -496 647 808 -954 -309 -626 -887 349 430 817 -171 432 471 578 -46 -823 1 -137 -165 829 -419 529 802 -589 338 -537 578 793 792 486 -500 -164 840 950 726 947 12 -887 136 80 -771 727 524 185 -654 795 68 97 -747 685 -855 266 218 583 -18 -913 350 -455 582 258 
966 194 -832 966 263 234 154 142 301 420 86 -357 115 -169 737 142 -96 -642 70 399 382 -100 -821 -175 -136 934 -796 -892 -725 445 -996 256 -581 -183 -567 -671 33 -272 140 -486 648 215 -27 913 783 765 -210 251 489 341 106 795 248 364 -459 -18 876 500 540 -521 -709 -981 75 -834 992 10 -902 -14 -395 277 482 150 -922 -851 494 -208 147 -228 464 -323 102 54 879 66 -307 77 149 436 -899 -181 107 202 -161 -929 967 -173 892 829 -724 783 
-917 711 -759 -344 -615 -828 453 -315 88 -988 70 -899 -71 911 -987 564 -215 80 998 996 641 778 146 -835 -607 -559 841 703 -152 769 239 -38 -594 -546 -344 536 -310 -879 -211 -662 -956 -394 321 -926 -660 997 207 271 239 -149 396 -147 -416 47 -416 480 511 654 -224 -113 -695 -21 811 -424 -974 -945 773 -794 -416 -78 -236 -245 957 236 -127 778 432 406 -175 -912 827 -688 439 -757 -39 424 -832 -250 -273 128 -19 862 -432 527 69 -58 -581 -912 -11 25 
56 333 347 -823 491 -489 460 -692 -152 91 -88 915 747 102 -275 427 476 521 989 -367 850 -853 99 58 -390 -734 245 -821 369 -647 54 193 -317 108 -89 352 -837 398 -418 524 -711 -503 333 -107 919 -806 -686 848 -944 -921 483 778 -292 -691 12 -811 -878 899 -645 -462 391 -372 211 -347 707 -355 926 920 -281 113 241 -281 -105 -712 11 235 -217 92 955 3 247 909 -717 429 396 -659 932 323 790 158 116 -432 -971 686 611 -103 864 732 468 -34 
-142 -673 -238 -407 489 272 -785 -557 570 585 -2 -749 -860 263 646 363 -217 293 -787 -806 -653 -377 719 -880 -655 718 569 330 609 -935 -827 877 -129 -405 575 972 -20 -886 732 204 -241 -97 257 528 -573 698 685 -462 679 922 132 618 -354 -504 -305 819 189 34 -744 41 21 470 -409 765 -317 290 -357 -795 669 433 -649 -88 -527 -206 -671 -353 -970 -50 -149 734 688 884 806 -435 -25 690 -157 -15 737 -462 57 -491 97 289 299 -189 -841 668 677 -129 
-789 674 65 84 852 779 97 551 -316 -447 453 -695 802 678 233 479 -889 -794 758 -146 -965 355 357 -123 800 -369 -685 723 56 461 410 -697 -649 -636 -510 419 -867 340 -682 -124 -764 -6 -419 879 501 959 388 319 525 -192 319 468 589 -21 -702 504 109 -687 -958 -438 -17 -547 687 952 -55 300 -409 -557 -451 -519 -213 210 828 744 949 -777 497 800 976 -187 525 -669 -432 -291 -130 -752 447 -461 419 318 356 -12 -24 368 -714 -793 920 837 -560 -194 
959 208 -746 -985 961 -23 -248 888 622 -67 -986 -736 -110 -363 -502 -726 389 341 326 708 -76 -909 413 -957 957 -547 -814 -590 125 -992 352 -315 267 -677 -476 620 750 -155 -509 -526 690 847 -59 -419 -714 949 649 -726 -844 646 590 562 200 253 754 -79 607 -200 -196 930 -730 278 -468 826 -998 86 307 -167 -829 -569 -642 -85 -510 891 -188 45 374 211 -111 345 8 566 -814 565 -324 -126 -587 53 479 -99 -965 670 234 874 396 129 9 -582 -912 -830 
-498 713 -525 292 -465 739 -474 922 946 218 583 428 782 -503 427 -20 -307 815 884 -83 -31 -20 -629 -365 459 671 -482 394 646 353 481 349 -420 -864 -81 475 430 637 336 832 53 -846 -572 18 -351 -710 390 -540 -86 -815 436 75 368 787 -289 -695 -802 5 362 245 -289 900 130 244 -750 212 -708 -694 -152 -228 339 -129 -765 -121 549 22 703 -269 345 410 499 584 -523 -550 -800 -544 -342 958 -749 -946 -167 64 523 -872 -438 -786 712 199 -94 -608 
-677 271 285 198 -123 928 -340 505 33 566 983 -814 504 92 -413 -256 855 -187 -632 905 -184 -770 -255 298 972 725 -991 -777 299 416 17 -560 -688 -364 283 680 616 -917 534 594 -845 646 590 -297 -308 244 706 15 124 -485 -841 566 490 -964 127 76 -97 922 277 187 -113 -360 -927 -596 826 930 -425 144 -442 -982 -901 -649 435 -242 819 -101 -74 -279 629 845 -343 -377 -231 640 -417 766 -410 -157 123 -988 -348 -326 -869 860 381 689 -383 119 -216 319 
-628 722 -902 -275 309 -355 -154 269 865 166 -963 -833 650 -154 -963 -752 -654 -22 -973 84 19 -273 -293 -19 -363 394 949 -706 156 -380 853 -55 778 296 -321 475 307 -402 -610 -68 -269 -478 370 -752 138 -542 -831 934 -844 639 542 251 402 -456 297 572 -559 937 568 -717 154 -823 -706 -674 -668 793 242 -476 957 88 172 944 -410 876 432 111 -594 7 283 -322 -172 -956 -939 -29 33 -496 15 -988 824 -903 422 809 -393 -703 290 -612 -500 18 308 210 
203 -705 229 -303 -678 971 422 578 75 -582 485 923 -911 -935 466 -307 901 989 171 118 -720 149 848 816 111 458 -445 109 244 751 718 -870 -784 511 119 -53 266 -717 853 -5 -924 694 15 432 465 -125 320 468 723 -508 313 -772 263 -886 220 -588 -671 900 710 492 32 653 -958 539 641 -634 377 233 315 483 -897 171 411 -321 -324 40 629 611 -688 -367 -329 139 -794 228 -964 -654 -353 -533 399 621 -161 514 -404 -717 873 174 454 -285 944 -630 
-394 474 -612 774 937 -30 -842 -217 571 -589 895 746 436 -163 149 -284 -262 -701 -409 378 -866 139 -242 -48 6 7 -503 794 940 -213 998 925 -421 320 201 -584 766 535 168 -67 -296 -224 692 -120 57 -78 239 866 514 -79 -424 -481 373 772 -467 570 305 188 -487 -77 593 391 -306 799 921 -581 -654 548 429 221 710 111 743 722 40 994 99 221 -412 -952 714 286 525 221 27 -693 6 605 839 -220 122 -899 -813 -531 -784 -618 533 680 52 200 
113 -182 -134 -387 -955 -330 607 -812 -237 -948 -72 530 -119 479 -733 -181 927 -978 919 426 -981 851 -891 824 -228 -768 964 -345 -36 -474 846 358 -317 -3 -9 289 658 822 317 89 -387 -584 -87 409 248 -225 -198 420 -604 -637 -551 -89 481 -601 -579 101 -629 909 -426 -674 979 -371 983 -484 -40 -161 -564 118 -113 209 766 369 159 -327 802 283 761 -130 629 -946 768 385 26 391 -663 -370 559 630 985 -485 325 144 -506 -181 857 168 848 239 849 -764 
326 -918 877 448 -535 -577 150 -894 987 717 990 -616 602 739 174 -587 255 -849 -215 -956 -555 660 793 476 170 808 -282 373 -346 -524 -655 -826 -630 573 335 -697 -428 777 -366 133 691 -412 -813 509 899 551 -170 767 655 -737 648 242 365 -166 -895 434 310 -85 -107 765 -379 851 38 -917 329 -683 -220 238 -182 -479 -569 252 -667 -124 246 -159 950 -952 -804 962 314 -976 199 -452 496 -639 -362 38 -477 -1000 -426 -569 676 -122 698 896 626 348 -443 -766 
-244 644 -420 500 373 200 -530 401 486 718 586 214 67 -54 -651 -934 -475 857 134 -360 471 -956 -599 -874 297 -220 818 917 465 -462 777 -724 918 51 -451 -725 -584 165 802 -496 -221 192 -785 -28 247 140 -43 110 -616 876 833 -546 -40 371 983 -282 -438 -649 -881 -344 816 -698 -408 -571 848 76 -31 -665 387 942 -768 766 -471 -269 358 -621 905 -386 640 490 809 -534 550 418 945 -605 -524 596 -756 -930 -519 153 160 -495 -259 -852 -930 698 -751 -733 
-438 423 -329 -796 -365 313 131 836 311 -870 690 -597 -240 544 876 72 -238 984 -153 -273 -172 -122 530 2 476 -735 -155 -344 -315 41 -835 -299 -493 852 -849 -499 -335 23 -622 641 292 475 493 -259 -23 223 -35 441 -311 -308 919 -762 987 -41 285 36 693 -337 -249 898 176 611 -261 684 899 331 216 2 789 -703 236 -421 -831 -266 -384 -953 186 -458 832 859 314 62 -292 -891 316 891 265 440 945 -650 215 -802 -984 791 975 567 -709 -453 -278 -735 
930 -400 345 -677 365 321 -132 621 -199 424 -394 -730 523 -887 -272 -45 -752 -883 -594 145 -713 -852 796 496 -464 276 -538 -500 310 -816 -399 -676 608 148 374 -715 179 -395 -47 -780 -247 111 -118 446 414 88 -882 471 -537 565 399 281 418 237 145 589 -477 606 -549 -299 67 695 -473 847 479 -847 536 686 439 -952 258 25 787 777 105 -81 -436 -238 -525 358 -800 -808 236 818 531 255 221 479 -736 -402 403 337 479 569 -262 -415 95 -27 -846 -631 
197 -601 -963 539 -304 67 618 334 258 -672 -250 160 828 438 254 -399 860 885 -21 -797 309 -813 286 237 -897 685 -721 727 -752 208 -584 285 975 -510 344 -766 442 -469 843 236 -637 967 507 924 47 857 -242 953 492 955 598 427 191 -398 373 -715 703 -867 -277 394 672 -216 -45 -204 830 -88 435 -763 230 -914 960 -168 22 630 -571 500 55 -356 -253 737 939 217 -644 615 246 -35 119 175 -753 -892 393 -820 160 -726 -130 454 906 -111 -782 223 
262 498 -417 65 -6 -331 -264 525 373 639 783 -372 -843 -826 -42 94 470 -126 -422 -272 -328 762 890 -218 -779 70 174 -3 402 -768 326 314 -869 794 918 115 -954 312 -936 -765 111 894 -850 369 -358 -636 585 454 120 147 161 759 835 569 -791 563 977 271 283 461 376 530 -969 -925 743 -795 -212 -454 -204 -823 273 559 -205 -458 881 741 834 590 -254 855 -548 -979 -187 636 986 -695 -390 -60 -8 -609 -603 499 -34 987 906 972 -197 182 -975 -304 
234 -191 569 891 -308 -106 -795 811 -278 -981 576 56 -61 -354 -960 -217 397 -196 -469 650 98 353 -149 684 -608 855 -210 -366 -465 -322 77 -262 -701 939 996 722 658 -152 457 49 -498 538 907 803 947 -41 -765 572 -496 -678 -735 -639 -412 373 583 -585 969 745 63 -531 -157 -251 486 -574 726 685 22 313 -20 689 -191 -524 -120 -938 -124 126 -769 -641 869 626 41 -200 378 -793 -91 595 561 58 -554 989 694 397 918 -772 -739 -491 -125 -753 -919 -341 
552 184 46 -85 -936 680 813 -335 849 -905 -440 10 481 128 -853 526 309 549 -371 -895 -951 657 -391 670 74 -511 -932 -140 758 480 -165 -637 23 -951 934 -59 859 -802 438 -160 453 947 676 -993 269 82 214 893 739 779 -747 393 963 277 -497 -762 -533 314 248 976 114 712 93 -468 743 308 -989 -854 -696 847 -612 -946 105 -628 -279 -902 294 -330 -162 -981 -949 -116 581 271 6 -580 -215 -430 -439 111 736 -156 251 -681 -802 633 -207 -81 981 -335 
-494 623 -760 -489 -863 431 -862 -612 -923 -720 -65 -478 812 513 896 -102 813 327 -235 -280 374 623 -880 -997 542 529 -449 391 314 118 -422 -833 -24 850 -79 723 221 575 -347 490 -626 567 128 391 541 -966 -233 574 919 -35 -113 356 -223 812 -223 -901 925 971 -410 -724 243 -851 59 813 965 -840 -910 -133 961 256 -299 -588 609 -283 -597 814 427 34 -336 545 -621 -588 -646 852 -653 308 822 -800 -85 -802 -370 709 627 -527 73 -674 344 -769 -436 -571 
-612 341 -715 490 -322 272 -182 463 283 604 -223 167 -234 -436 -603 -697 -211 394 104 448 -727 -89 512 108 833 241 138 441 -382 -749 943 124 -753 571 -618 822 538 160 619 -591 -253 708 -811 -927 278 54 -313 105 705 183 -872 682 70 756 -664 -198 894 -359 947 467 172 751 387 196 760 17 806 253 -765 -320 -336 -206 584 491 -451 -176 -151 375 967 -44 -51 612 151 -262 -551 599 -706 955 811 356 538 -540 -735 -456 863 427 792 338 -343 -793 
761 -449 -732 670 -503 867 761 -630 53 584 -177 -275 -399 331 -566 -556 -646 -714 -97 -242 0 587 -829 745 468 -186 -820 -450 -719 474 780 -653 -250 -904 -741 -60 -215 514 -660 -255 -761 -619 966 -772 -830 -711 488 -345 -99 360 -540 11 760 767 42 -846 -906 209 -235 650 227 -303 -150 -422 -403 -412 -344 822 -395 -704 -49 260 995 -20 841 -99 78 -885 777 149 -677 -559 260 -99 629 -207 -475 239 120 571 36 -209 -786 459 945 -91 -260 762 136 406 
-954 -375 40 91 -114 -808 755 -578 -865 697 765 -541 -615 -228 687 -156 529 -303 207 -91 -284 481 -91 -214 341 -223 -247 -855 -871 228 412 258 421 237 -431 -581 -568 321 798 -181 -300 -871 -855 278 734 -955 -527 -710 -214 -195 130 661 -56 -706 -562 226 -526 -433 9 -271 -743 -701 801 -804 -475 677 -703 -592 -634 -477 -609 -435 826 -15 -140 -869 511 84 651 35 -819 251 235 351 643 -791 -541 -318 867 60 70 -281 35 495 989 -860 -638 -895 861 -583 
-496 -721 121 57 -847 200 -281 939 -506 726 553 -184 979 349 -698 709 -878 -780 323 -245 957 103 927 -104 726 -876 459 -630 159 696 -969 325 867 -609 139 -609 -62 -930 -961 382 -652 -419 -312 -378 926 -711 277 -69 404 -698 -237 -874 479 647 -584 248 -437 498 74 -626 -656 109 760 -661 -504 398 -31 -395 867 117 -266 429 150 367 374 696 -130 805 -485 988 43 7 599 -390 -179 552 376 -996 -495 -555 -220 -643 884 23 -866 207 829 -315 -896 -9 
624 -858 -246 852 403 265 -538 -792 -646 36 -821 343 -985 -509 -253 -406 -917 -191 -435 -303 751 530 401 -768 -162 -75 -958 -211 -903 986 986 -453 -121 58 187 -421 480 399 226 -414 504 -1 122 438 -12 -424 -93 -457 777 -175 970 989 -236 -59 -587 859 853 682 -426 -441 437 910 -528 -156 191 -242 -366 572 -915 -651 -957 683 -397 -869 -73 473 -120 -458 -118 704 6 87 -739 -982 301 -629 540 -319 -118 794 -71 -75 -751 571 -935 -510 -508 -68 -138 -144 
-779 -829 -286 928 -57 -478 76 474 467 938 50 545 -648 604 -384 -597 -127 902 87 62 -157 822 -213 -406 823 363 336 -116 855 -164 -655 -467 341 -605 -44 -85 -360 -373 -898 328 778 -483 -987 955 653 901 -261 -382 707 810 -933 -982 -910 -647 -202 -512 228 -757 303 -242 -425 -451 277 115 -191 857 -657 553 -747 456 -508 282 785 -294 -442 885 107 909 -724 738 970 -922 791 162 -664 -373 -565 542 762 -918 -411 45 -799 -522 196 -48 -704 41 -854 -963 
268 -544 944 -537 -623 68 710 882 260 -880 728 220 -337 857 -302 -656 142 494 -554 919 -392 574 -751 -456 689 141 -53 142 -713 -904 822 -413 -565 669 -912 -829 -18 -295 304 107 91 725 334 -335 -160 -291 664 872 228 -925 -595 180 780 823 -842 -613 -274 -666 225 -533 944 312 -291 560 -596 -973 323 -808 636 -136 -387 351 24 620 439 187 132 254 770 -140 -619 687 680 10 -842 75 -338 -366 733 552 64 389 857 473 245 644 588 -369 -531 -467 
-20 -684 -44 -343 -411 563 -77 -846 309 -812 862 -504 76 -848 -802 -872 -233 -438 -388 -546 -484 -705 -118 916 -368 217 573 490 -115 -973 758 887 -396 -874 963 -24 -750 814 249 -54 -752 676 -551 176 607 60 102 132 -260 -813 -878 426 744 -872 309 227 -921 108 -274 431 7 123 -917 -226 -827 606 288 -163 783 -737 -320 -882 -920 473 -43 336 551 -615 548 962 600 865 551 -640 435 507 -847 84 351 -961 907 81 -5 -724 -462 35 744 -580 528 730 
106 -312 -972 -483 -161 -961 -194 -885 474 512 912 59 -8 657 -108 -204 176 774 163 -73 327 448 -567 -54 -154 487 639 -457 134 -584 -185 716 -689 -701 -629 535 -857 267 814 -442 121 562 437 813 387 -697 204 756 -779 264 -115 -961 -381 254 -993 -140 16 258 853 477 924 -432 -757 272 569 -612 -952 -229 -714 -897 -712 879 -434 104 -949 188 -584 -964 -852 -202 402 -717 723 -771 65 -910 -870 396 -536 -405 -805 883 964 851 -18 -999 -659 362 131 248 
-495 120 238 146 -74 -192 233 -460 620 -160 -8 504 -677 -873 -86 -950 138 689 -586 -886 695 -62 363 838 -752 746 547 537 508 -40 177 -998 32 -21 -7 384 -808 737 -911 433 609 -347 -175 -346 138 794 279 862 763 470 345 499 -101 949 54 -899 -531 -493 737 -794 211 -92 -868 -353 504 144 986 -130 852 478 350 -78 263 -947 984 -526 598 893 -282 669 735 356 881 -236 -115 -653 -251 -844 72 -113 -693 -965 654 -772 -583 -569 485 -450 -290 -952 
-457 608 674 -257 960 -674 -305 17 855 81 -623 266 -197 -169 -281 488 233 554 -291 -850 -497 -516 296 279 -62 133 397 -441 90 -234 -187 414 4 454 653 537 451 987 -328 70 -32 -96 -938 -496 767 -49 939 -734 504 23 775 -60 -662 -561 -291 -500 -721 -773 -895 -706 -241 839 82 -764 604 -294 740 -585 -514 -791 741 540 812 -292 227 219 570 679 913 173 41 633 -760 -21 -621 692 189 -19 366 136 -218 19 -385 866 541 125 415 869 730 -620 
276 802 339 393 -27 873 -222 -137 241 490 203 218 -558 995 -279 -588 -822 -408 337 -397 -712 744 -7 584 967 -196 808 -543 475 980 636 -999 393 -809 937 702 -646 -290 274 -167 -197 946 -261 -756 924 -928 644 -110 -404 -412 112 -609 381 -889 142 -802 -252 -606 -864 545 432 363 464 -795 -242 -86 -871 489 -880 160 431 99 446 251 773 157 -249 -835 193 -812 336 -714 486 -546 914 -191 -266 368 230 -991 730 422 749 -845 -609 639 -515 -870 -272 -400 
-474 573 -539 -805 817 393 204 750 565 699 99 350 -898 955 -108 -912 -564 935 -453 733 591 381 -123 -327 198 -751 -506 11 -988 -456 -546 -17 -795 903 865 330 832 534 6 531 711 -84 -420 -451 693 -794 -489 -213 98 -1 -357 -344 -419 833 211 -398 -472 -525 385 -470 974 -876 787 425 -741 -378 -968 228 33 -91 764 304 417 102 723 529 309 705 -220 -861 -318 648 422 943 543 -215 649 -864 -608 -858 -383 -31 -951 -444 -582 331 -145 249 600 721 
867 -969 604 -907 266 725 132 649 -646 773 446 -25 -384 -947 314 -625 85 765 -23 291 431 -781 -721 -820 -35 -388 -786 -661 -187 276 20 337 632 437 -495 -256 308 -585 703 12 -589 -894 -852 754 371 -743 -689 283 -727 -496 -435 -778 252 -515 8 865 -453 18 -914 -283 495 616 -371 461 -575 -27 131 -984 -101 896 -829 -69 -577 376 839 772 586 444 -728 963 -461 -307 -450 52 22 147 751 13 68 -834 -853 735 877 -940 -747 -403 -100 653 366 976 
268 682 -384 325 127 861 195 -78 -870 940 748 -315 -209 -683 -131 304 -63 -747 643 474 -226 595 894 25 32 -217 473 -253 534 -965 -814 -602 119 945 -696 964 -337 136 -9 -682 -395 -954 987 -187 -372 204 -337 -689 126 -673 -515 -709 918 -57 953 -632 198 269 671 -789 -205 -252 -170 151 -298 961 781 389 583 -16 -958 887 -655 -122 -48 833 77 -869 -71 739 -278 220 -859 933 -610 690 869 -885 321 116 -243 -261 -412 474 -868 -268 -691 339 723 522 
-209 -393 159 722 -598 5 565 -819 -715 -410 -481 426 -963 -664 -928 926 -598 307 182 634 587 -804 -628 796 -552 -809 -654 -35 154 513 958 604 51 948 -966 -294 455 -604 -511 572 -904 216 530 -461 -835 -914 -721 -785 913 -686 677 783 -305 363 -210 -725 -585 617 167 -959 -193 339 -742 -177 -521 534 655 676 -620 260 -638 750 -781 283 448 952 644 188 91 -522 -782 -628 -514 -590 -421 -126 -509 951 -310 481 -348 518 339 -673 -818 -228 -692 -791 576 236 
-607 -58 111 -99 67 -526 56 179 867 -441 -379 36 -906 -788 -806 694 882 632 35 -528 -431 642 -190 684 -527 198 335 -570 -738 879 209 27 501 198 -461 840 951 -487 -326 345 976 240 -290 44 -79 754 540 906 393 -265 -842 726 -384 91 -131 182 -265 353 -10 -225 -756 -393 474 823 -550 -523 43 -747 412 157 -681 -99 291 -375 490 588 -665 275 176 952 114 -665 932 319 630 -450 -199 313 369 -572 -184 657 -552 -229 -530 -412 -608 -54 -74 -287 
11 125 -930 410 -963 803 -349 896 -170 -220 -333 -825 -905 -44 -964 -873 -182 304 -518 -916 -304 657 638 457 -985 -190 400 586 486 330 -849 -48 89 674 -695 -969 -621 756 -512 -929 108 641 -999 -166 -147 289 -370 71 441 608 373 700 568 -849 858 -733 -13 -326 -967 -478 841 -140 -845 414 836 195 581 415 -614 286 -260 -369 141 -321 -162 -481 549 421 -923 -444 100 179 -746 -35 -159 -799 526 -166 657 -501 -723 -270 409 964 -857 739 677 -561 -242 946 
-616 -285 223 245 -934 400 684 667 860 -983 956 -465 -248 -192 -500 -505 868 -376 837 520 843 -696 837 868 280 -508 -994 645 480 -535 891 954 -596 877 -499 -198 -456 -39 546 -566 222 720 -914 -348 70 561 -343 18 533 854 216 -670 -319 -178 -664 108 -852 -546 431 911 249 917 -409 161 716 327 -832 359 722 -663 -620 -857 395 -644 -448 -591 -765 -631 -374 -577 516 297 367 723 458 688 -432 -319 634 731 -843 -80 -633 -766 861 -375 82 518 506 -905 
210 812 -521 785 -402 143 421 235 -56 70 490 -392 733 999 -77 625 659 134 112 883 962 -167 -14 -131 978 -861 118 862 552 -653 664 -344 748 -243 -234 691 -758 -53 -965 -184 848 -681 -613 -266 692 339 -46 -543 -117 -181 899 -226 60 115 -875 -88 606 -193 -846 -862 86 -230 603 -868 -62 -356 783 -240 -794 611 -352 473 792 813 655 -729 63 307 -378 -822 -725 -919 689 -21 -527 -90 422 330 -186 -229 217 -728 -677 -82 144 -922 684 -83 -161 -197 
68 -7 -566 -75 846 -836 513 483 -685 503 945 921 801 -167 252 180 832 254 762 382 551 -523 724 -644 -897 531 -573 224 439 -95 592 321 -678 614 -73 -643 -337 -102 759 951 -154 78 446 -591 344 155 -370 975 984 -342 658 -55 -441 -590 -221 489 -666 -469 855 563 -630 -926 965 351 -326 108 260 73 -307 -671 417 -956 448 -143 839 620 -6 905 -435 758 373 764 -949 -743 242 422 -921 630 750 915 739 -10 481 240 160 708 -975 -79 -644 491 
791 490 -953 -974 -403 -24 -895 604 89 -650 266 530 -808 378 -844 -744 -432 -131 209 -542 -209 592 -521 -688 -884 -443 579 1000 862 -123 -365 -582 894 633 -641 241 -44 118 95 397 961 -598 -478 40 716 -584 -495 972 -568 -221 -859 630 -523 950 -882 -698 782 -66 -999 218 706 -197 163 -177 -753 -77 -250 81 65 -142 320 509 -192 -115 -642 -289 -563 -72 -30 -691 144 919 853 -707 -743 209 -428 -363 -35 587 518 103 -268 -561 -104 -539 977 -91 -977 901 
-831 334 -568 -422 340 382 -571 660 -262 -490 316 41 -1 -743 -337 709 839 -155 -92 36 -901 -967 599 -14 831 581 -594 108 73 -274 -864 489 -389 125 992 -808 -150 909 -223 4 -551 340 -665 191 -839 -727 -1000 309 617 -374 255 -681 -961 116 -816 276 956 241 596 423 -659 93 985 -233 222 577 -199 -788 -783 -627 -873 -534 -410 434 -698 -453 -153 971 68 562 -238 -441 -410 -313 761 633 30 -344 944 -477 -394 108 -403 145 449 -348 -724 145 958 -255 
-450 -632 705 609 -120 -223 563 -467 -417 349 404 179 -471 -537 251 -583 -348 -354 -967 -310 890 466 -802 -21 -954 -295 875 492 700 261 -839 -58 -506 17 24 -505 -823 296 -174 852 938 -94 458 -524 161 532 -752 479 104 845 857 -56 802 903 328 703 348 -689 418 605 -972 881 -905 -279 355 -539 69 -745 664 795 -448 950 156 0 -77 291 450 -523 -869 -244 -96 -803 615 -828 -999 540 -324 571 -313 646 -144 -945 348 -131 -51 449 478 689 40 -623 
-409 516 693 59 -89 984 -581 -250 -352 152 831 381 895 -55 231 -101 -533 -365 -143 477 740 896 -516 894 -480 -11 -377 102 -195 574 -717 -370 -526 130 -838 361 -14 456 -643 646 -568 -416 -389 572 -148 -89 -240 860 97 -308 -884 -519 -961 -239 -352 662 -108 -442 966 907 -953 -697 688 742 -687 -407 92 152 545 382 532 -557 -568 -693 620 -394 -891 1 -253 -879 926 -5 519 597 -167 816 -570 -54 -169 736 -149 -506 927 -935 -590 -945 622 902 631 789 
-437 925 680 -938 943 -559 -62 -236 -313 -893 -64 -367 101 283 186 869 26 -712 694 702 -340 915 987 -308 43 352 -837 -665 -592 -380 107 85 635 362 -601 -178 933 720 -786 200 943 126 -619 494 195 -873 493 -301 -596 -812 -194 621 -787 562 717 570 20 876 360 582 27 -993 867 284 167 949 -104 777 544 -299 296 -802 -38 -156 -854 -341 977 684 -822 -23 -156 -674 590 -390 -536 -693 -343 715 -692 -807 -754 -347 274 -555 -454 -698 -829 305 858 25 
-441 25 -16 583 241 579 287 73 -258 -524 160 836 655 -654 50 -363 -397 -673 -512 499 -350 966 -42 -183 758 -890 162 -927 470 550 208 102 -356 580 932 326 -844 375 -231 -147 -370 190 -534 842 -915 962 -150 797 979 705 447 769 -703 -773 732 435 585 935 807 -252 -537 270 653 -461 -954 -989 -386 268 -114 -507 -243 -396 128 -426 326 776 -429 276 -845 -741 -927 417 -178 805 849 744 239 733 -192 -78 640 -48 936 317 980 652 -715 438 -628 -79 
-659 773 896 -140 754 153 19 612 243 434 -83 946 609 374 304 -381 -302 766 -727 615 83 539 -930 -116 79 -460 -323 -851 105 129 -464 282 -36 462 767 633 -789 -361 -817 925 -688 -46 -709 -751 787 82 -568 -570 421 904 581 -884 47 109 550 -352 -605 -1 -675 -642 -184 -546 -659 351 381 293 -110 -841 366 736 116 142 84 -720 -408 -378 861 374 -942 431 243 -661 665 863 527 87 -790 761 746 -83 636 32 702 -349 239 396 724 440 601 735 
904 -134 186 -726 608 -321 -539 -292 766 -608 -168 -443 123 -288 -937 952 -818 -586 -52 364 262 -721 618 -447 627 813 74 857 440 106 -884 -860 121 996 58 -595 462 743 56 -19 -799 946 356 340 519 -864 240 -838 785 725 427 594 -232 142 -103 285 -604 149 160 61 -918 400 17 758 789 77 178 560 -41 937 -505 480 -857 217 -537 -153 632 186 -66 332 -843 728 66 821 394 -670 -129 -736 38 715 -820 224 -690 192 155 403 -295 840 -123 34 
944 -653 -771 -808 -967 977 -510 -712 424 -159 -597 989 -403 1 44 529 -265 775 285 21 363 309 -217 13 -154 -526 935 990 -29 99 574 -29 1000 219 -754 -409 -778 -420 -634 806 -765 488 468 64 -503 607 -859 800 -333 122 584 659 -306 -775 -28 -691 -487 423 999 -921 160 964 -398 636 -623 974 -695 20 -442 -698 772 -743 -765 -566 743 893 891 153 -518 -513 -946 -549 -521 670 -939 733 273 -272 93 602 -317 -793 928 -223 894 764 261 437 331 -362 
973 425 160 -609 548 -934 133 924 -212 -316 657 -130 336 374 -987 453 -801 -641 -563 872 -597 -920 -558 -706 -792 443 865 -54 -221 -628 -16 -171 538 894 -946 -570 -784 -740 469 -625 -131 680 -642 -378 498 -592 -366 743 -781 769 -814 -884 -8 575 -708 -394 -769 488 220 42 140 793 -624 638 -661 -149 -313 398 -946 96 -714 514 173 940 -499 -343 -219 847 513 -410 615 760 -936 606 462 -364 934 -666 -742 -175 -797 776 677 -492 299 -914 -823 459 765 -293 
-421 685 597 746 957 -783 -927 292 692 676 517 -412 15 274 222 -333 415 31 533 -755 -607 -917 371 963 -997 -415 469 220 567 715 104 225 503 -275 -811 -161 281 -977 -801 907 481 460 975 0 374 -174 -947 -478 770 288 388 -43 -680 -602 -630 -691 -861 -14 528 385 415 501 -813 -887 294 -665 25 325 610 523 -538 477 -580 -530 -676 -317 267 -96 671 305 -570 633 234 -167 45 870 56 747 -522 -431 -275 891 298 726 -825 -763 244 185 -767 813 
-909 -890 -647 -494 145 625 -34 418 -917 114 834 -915 -849 -368 -416 -391 63 -775 367 0 798 -408 956 -18 -756 -384 655 704 -519 -258 720 -993 -907 355 217 -473 843 -165 -569 -279 980 -563 969 494 -146 611 -627 53 539 329 61 208 -783 256 559 320 891 28 202 -402 -53 151 -292 -844 419 -586 924 396 -105 900 -130 -551 910 912 992 -854 -144 194 -869 890 922 149 375 134 208 845 595 553 -566 736 755 -413 151 155 225 98 -608 -197 -614 -382 
-769 92 789 584 531 481 415 -459 885 594 -753 -258 697 -866 -177 -742 -80 629 -723 -929 -332 -191 642 -378 107 424 987 619 -445 -910 -54 342 579 804 -779 408 813 -292 243 122 -235 -85 745 -555 881 236 772 428 489 -106 -49 608 66 468 810 -930 733 708 -104 622 -17 -619 742 974 180 -772 919 -94 -833 -260 571 -377 416 -276 6 -706 339 925 -498 547 -986 408 -552 -514 -389 -698 -609 520 -460 255 335 -315 -490 579 -400 -668 958 371 -691 752 
504 990 -752 293 -284 -349 580 -630 -447 -540 371 -847 -58 -647 307 901 510 963 -783 -535 -796 -240 592 30 195 353 -383 -669 -414 -64 746 951 151 621 -694 -659 -304 45 192 320 48 -612 -734 -484 -331 254 -754 661 858 612 -137 562 548 -509 432 73 -442 -17 606 816 29 -601 -241 37 646 812 650 -563 355 479 -130 -398 184 936 -394 722 625 -793 420 -432 -509 958 -984 825 197 407 568 -546 -655 -180 695 -249 377 622 756 439 -624 -32 805 753 
-866 725 -795 502 -519 -707 353 295 17 -21 -568 -827 -505 -1 167 931 -249 -571 -711 126 712 -301 644 661 -137 -742 778 408 372 -874 -930 -856 619 768 203 -902 288 -528 -35 -186 222 189 997 -419 -584 101 -961 -122 314 -323 -913 188 -19 -999 -428 631 -653 -926 -544 105 -711 -314 192 -342 -383 480 44 881 572 16 -207 -707 937 -366 392 -23 891 -690 197 -590 -452 -166 -313 948 292 -714 398 589 0 -519 838 688 -231 647 652 307 555 281 583 417 
-888 471 959 -903 435 539 -272 -769 838 -475 137 -698 873 568 968 871 -263 -843 -331 945 990 -842 849 405 701 -809 -566 -441 217 -662 665 -976 902 892 -181 292 609 810 -771 841 -740 722 443 -606 -563 -588 162 698 489 428 -595 -938 519 -55 -682 971 -625 -289 753 -461 -965 778 796 964 165 -475 521 828 -573 -620 -653 520 -588 -822 50 -676 -43 551 727 -78 -197 -442 -342 647 97 269 608 -636 3 724 328 -302 908 327 -460 -560 375 -719 89 -975 
-111 -621 253 -421 -491 362 409 350 919 -965 839 967 -442 978 -119 853 941 -970 537 144 -628 -497 354 907 334 584 -137 161 -160 -805 810 635 76 834 -444 1 -85 -633 -215 -36 860 -248 -953 -428 598 459 493 351 884 -813 -562 -196 840 748 147 281 -835 860 195 -728 493 -349 5 850 964 -19 -169 -280 -547 415 214 114 -360 -811 -235 835 -680 -923 650 -83 -335 554 -328 -942 -884 6 576 625 566 260 496 -446 724 -833 -905 141 -833 712 -926 -555 
36 -591 962 -59 1 730 945 657 -726 -931 584 103 -399 924 -540 -385 506 397 72 -383 -481 -489 -373 315 562 -194 558 513 602 682 -913 -103 833 789 599 -829 -507 156 -614 192 364 996 -812 -139 990 418 -280 533 -24 -868 94 729 -833 -208 385 233 935 189 249 902 804 -703 651 -997 885 -565 -668 467 -738 -760 157 -624 -522 -573 858 760 409 -734 -493 95 509 331 845 27 772 -62 956 741 -681 -953 420 -219 -378 -458 478 78 587 -550 -882 -469 
-377 -184 -404 -355 209 606 -18 -88 965 650 -225 -734 -180 936 550 784 -933 74 -599 -278 -222 737 -455 685 -435 -856 -122 734 -49 671 -963 -585 123 -532 352 -569 -906 -333 5 302 -309 142 -137 948 -246 569 -29 418 558 -976 -109 172 421 790 -816 -995 -260 -643 -131 288 -926 -403 255 402 -863 705 971 -511 -63 521 974 615 -697 -446 516 -92 735 405 333 -930 -485 297 -699 791 289 754 738 753 -487 906 -102 510 590 183 -177 -190 -432 -291 -794 643 
-170 103 -749 -376 776 614 -616 812 630 879 997 -733 794 -373 -656 -564 -507 864 -318 -751 -478 -855 -975 380 6 -518 397 366 -222 312 -746 273 732 724 266 -713 -879 -110 351 449 -545 -38 141 424 413 946 -388 -907 -872 204 471 826 -514 463 -301 621 -429 -828 897 66 -219 -246 371 357 935 -914 497 -745 -928 -618 -197 325 338 -535 -199 419 18 206 686 574 76 -925 -571 -834 -753 625 400 113 177 685 -180 -673 258 29 -396 76 -892 -571 -927 283 
-440 658 -679 236 -461 129 327 -843 -341 405 -882 587 410 295 487 67 -645 704 9 326 -312 -951 636 -432 -927 519 471 -962 -393 -939 35 -633 770 -424 -547 143 658 -205 -605 962 683 -208 -881 727 329 -721 265 438 735 555 964 -166 -440 544 -178 -419 -33 -616 -195 -160 94 -660 -462 -810 -970 -496 -763 199 99 364 -228 -471 -492 424 -18 -923 -994 540 318 674 907 604 961 -128 895 959 309 812 -284 636 907 401 570 -664 709 -453 -89 -164 -943 793 
222 -445 -506 -191 -885 -86 -513 103 -131 -353 -581 -782 293 -776 -484 -494 -713 -205 12 -376 -923 -47 282 -395 -218 -414 912 437 -842 -832 -446 -422 74 -938 -436 -755 -604 984 303 770 727 -132 243 108 622 899 885 844 536 630 351 -596 -618 217 -980 -782 -475 732 657 -28 -7 -210 363 92 509 349 -252 792 532 -341 -521 -452 495 -269 -380 -261 -241 785 605 775 -364 -405 -950 465 656 -338 516 -862 918 -812 -215 -770 -877 509 -170 -321 196 -274 -743 925 
669 -890 431 -684 692 -245 483 711 596 -100 -852 632 456 706 -89 899 521 -554 -521 876 -874 758 -450 -653 87 -499 310 380 271 -876 -671 -315 387 163 -76 728 163 354 -859 -329 -672 614 -592 156 510 366 337 547 -26 710 662 -209 667 -170 -543 -37 -510 -999 911 -730 -847 131 713 904 504 -903 -99 401 230 -601 -578 -540 -370 -432 -464 -716 -250 -416 -306 780 -637 588 536 -722 -417 856 -363 414 -334 -18 -714 -13 615 925 945 6 23 -675 834 265 
-923 -83 -375 -238 -575 528 433 624 899 -787 -928 -45 -699 -423 193 409 349 396 -602 850 -968 -917 208 -517 578 646 -907 -624 306 769 -694 22 76 122 297 644 -153 -568 912 -408 -215 -229 658 -792 520 -537 980 -89 11 -442 125 -55 690 -170 44 -370 -355 475 -581 482 -241 679 -848 461 -177 -555 344 487 67 356 167 227 85 -1 527 290 949 610 713 610 -265 694 -338 -26 -128 -463 622 801 -846 -174 868 -495 999 357 -175 -967 608 -403 713 -419 
245 -589 277 -728 367 959 884 -228 -415 -793 438 -6 -564 -513 -284 -723 -441 -815 -259 -862 -163 -301 793 -535 -58 93 430 721 -705 -846 611 -55 491 195 594 586 795 -87 -516 803 -489 271 -690 -116 -808 981 -593 -774 461 -310 -468 -874 -490 -270 -415 -629 -56 -898 786 -215 820 -211 609 -2 -513 -431 -978 777 -788 951 722 -174 -312 -573 -379 -970 -608 877 -320 216 -701 -40 -58 490 318 -78 -522 -745 218 391 275 928 695 -396 -573 -267 465 894 -57 -926 
801 -798 475 -400 164 204 249 -675 -777 858 98 -404 972 244 -485 -133 -679 116 853 698 951 309 453 587 -591 -593 -154 512 -48 -477 505 846 248 179 845 578 324 977 -803 -750 -88 636 961 924 970 461 -60 755 -93 -10 -804 -543 -716 -582 -428 904 -325 -257 22 -103 -94 308 -629 -783 185 628 497 616 475 758 -249 139 -874 791 185 508 -859 699 -820 -561 584 64 -52 -517 -512 461 566 -286 338 -944 -619 444 -265 -965 -630 -292 -578 5 375 387 
208 -74 -822 56 647 181 -147 309 920 -986 -23 -73 -566 495 614 441 486 -518 308 899 -867 -808 -294 -801 612 950 -122 843 -938 773 -71 220 -32 -636 -684 105 -952 12 617 750 799 256 -725 800 294 534 -449 927 -483 -944 -307 -417 242 898 756 -545 -703 820 321 739 304 -324 811 415 829 77 127 40 -70 31 776 362 171 526 516 612 903 903 -158 269 -480 -62 -966 -366 570 474 85 87 -548 718 814 621 865 -297 -21 -614 -237 -278 -282 -436 
787 171 -515 157 -437 -479 779 -62 -148 270 -110 -435 -838 -607 -406 -458 791 136 196 -979 443 476 -319 -348 -954 147 931 100 -429 -290 -830 -90 -406 483 21 -896 -44 936 277 523 -388 -992 559 627 908 698 633 522 -221 333 -325 34 -246 16 -149 -540 -461 925 950 -389 44 762 -177 -324 49 -647 -866 -875 -313 -640 595 323 812 444 -53 102 -724 -335 844 375 392 -853 892 113 -428 559 -437 755 781 -738 -767 -633 731 -584 -951 670 -398 64 794 501 
480 -155 606 -193 772 630 438 858 -662 153 855 -691 728 57 106 -132 -99 -481 -273 482 526 348 89 609 -916 -711 539 -117 -148 -233 -439 846 642 -345 199 -907 -330 202 -79 -591 796 -435 327 -344 -927 158 524 -168 632 97 674 967 -650 87 472 -915 666 759 446 670 -831 593 -26 -17 970 694 319 -55 587 595 -574 388 559 153 903 -841 547 -979 -305 37 -820 406 527 -497 -65 815 856 -501 123 -537 187 431 -386 649 -748 425 115 171 -310 -379 
938 398 947 -31 -563 -16 847 863 352 -583 893 -451 253 -404 -246 -683 -254 867 623 914 -527 686 -653 605 311 520 804 -989 -789 -463 718 -310 -869 -373 -432 699 -238 -642 -502 372 174 269 -343 -894 -553 613 -825 782 -639 -820 -306 -795 -109 351 -244 -780 -555 656 -641 -979 546 -189 524 -38 -389 746 -435 534 -219 -985 82 -832 748 231 -446 -373 -929 43 44 84 -648 -282 515 120 -718 45 900 509 118 878 -804 973 860 847 -372 -112 392 193 334 664 
23 646 -225 -399 701 291 435 -110 -646 -347 -668 -627 -380 -483 -996 223 -778 -356 262 361 152 653 -416 -722 -564 629 274 242 -438 635 458 -782 -971 165 895 317 -615 952 138 -857 952 -553 426 110 -850 375 -77 696 334 -112 -842 645 -785 743 956 764 -924 75 -720 -237 -642 784 325 -578 868 608 -656 552 -279 368 415 -358 -114 -540 -474 -224 -135 -767 406 193 -751 377 -776 495 -246 -816 -455 96 844 958 416 181 732 -838 266 366 8 -925 408 650 
-507 239 1000 644 -96 285 965 754 680 -766 188 396 -728 773 -791 -784 780 187 -746 384 -719 -57 220 662 859 -718 -674 96 -623 227 -837 231 757 -555 816 -572 431 -380 250 -503 431 -489 42 633 -378 -732 252 -609 -621 -260 -264 -879 947 303 647 694 -642 439 -395 162 895 942 219 113 108 -213 -309 -312 -845 415 775 -464 -883 -498 864 943 792 -601 -165 -82 -258 85 -39 -122 827 -297 -509 -420 -375 -843 895 -260 -384 -266 -437 -775 -482 -671 -389 -667 
974 -643 -82 -852 332 441 788 -328 871 -651 -305 138 -760 -198 -47 122 -99 166 835 10 842 -419 619 663 714 -392 -75 -452 675 -197 530 911 152 -175 259 -772 89 819 842 -894 -975 435 838 242 871 522 617 -965 -64 -574 -53 -854 209 -582 -91 857 -858 329 -362 -708 643 428 296 506 770 -25 489 -768 -836 230 784 -915 -751 95 559 -755 -243 -263 -64 320 -1000 569 99 -396 -679 463 -726 191 796 224 190 621 -272 -524 -308 -733 -427 534 150 872 
-723 -791 687 205 -396 142 935 -974 -717 838 281 -754 -588 67 201 419 -212 566 875 944 35 664 -926 91 991 891 338 -465 -384 -74 355 847 944 565 -423 819 -588 -756 -145 -352 457 -271 657 952 -267 322 -680 -926 -73 47 -667 369 -485 -136 558 933 -446 -150 -39 -687 -247 948 277 155 -929 310 -88 -298 -329 -284 726 -252 -501 79 -192 -624 -977 -256 -300 -650 -284 38 153 -884 292 -759 359 -735 -206 642 325 -212 55 779 -835 330 -436 690 374 93 
-382 -903 343 -330 -63 -30 913 -746 -773 -510 623 -552 -392 -988 131 -206 -409 964 607 713 -777 -195 -260 946 436 536 785 282 -686 834 -305 -69 -75 632 457 449 -530 -456 745 828 409 -956 314 33 355 572 224 602 -872 -7 -787 -512 -136 596 107 84 -556 -616 -299 -329 361 223 809 -384 308 124 -225 74 519 -246 55 146 628 -567 -436 -581 -157 736 635 130 -962 249 523 322 50 -574 967 -131 678 -544 -653 731 -454 -126 999 -805 759 -935 713 475 
134 139 -346 30 -696 -350 75 -545 -335 778 124 -962 382 -97 -359 -659 -635 669 552 -147 -122 482 582 465 307 -326 -944 -664 515 966 658 390 -308 957 -719 -477 784 -148 703 658 591 -960 313 -209 916 -747 -404 -832 767 870 240 103 -491 -462 438 -949 -925 342 634 787 327 -458 -27 -430 -801 -167 -990 -250 821 -740 -240 211 66 -695 -27 -669 550 2 -557 -610 -506 979 186 -251 719 -298 -93 -713 621 419 -380 616 678 670 -810 882 656 751 -137 15 
-89 953 200 651 854 -43 545 278 -950 143 710 -626 -603 437 -991 -754 -758 670 432 263 46 410 -816 -249 834 771 421 -442 -301 -146 62 -22 -323 -690 -73 416 765 774 291 266 -790 888 473 859 745 -68 355 -480 -654 -203 778 584 -604 -790 619 941 634 -943 -176 -568 993 20 -17 304 714 -842 -767 798 642 -648 -902 -213 913 -801 76 -939 -436 -829 798 386 -620 112 -725 162 890 251 224 -761 342 583 -977 -68 944 941 958 -238 -992 940 980 645 
263 -496 -241 -124 67 523 -761 520 -303 87 -635 407 921 -130 -165 740 810 463 231 133 530 444 -111 -622 76 -465 -531 -642 -781 972 507 -729 -834 684 -51 -502 -694 -921 616 220 371 -294 771 373 233 622 934 954 465 -805 -584 2 -327 -555 766 989 -353 -451 -585 -991 -344 -886 219 921 900 -849 729 933 -671 -348 666 389 -474 -564 242 710 -681 657 294 -747 459 -867 143 708 427 -396 -52 658 -758 447 971 655 881 -301 66 -34 90 -271 207 -344 
-259 -955 57 232 -900 191 898 -24 362 -710 -747 -232 -649 -628 771 -503 908 -80 694 487 -555 -383 -429 788 -909 953 -900 -54 -558 793 191 465 -911 -924 -691 -68 338 -979 -565 3 -120 354 317 -491 917 73 171 288 -601 -732 -462 -636 -683 -949 247 -739 359 537 -150 963 122 967 -122 -698 -227 917 525 670 -924 -159 -922 -257 123 754 716 -941 -392 924 -640 -891 449 830 -216 -276 -801 217 -672 435 -346 -187 -322 -137 -732 361 -446 -854 -79 710 311 -529 
-542 -557 -504 -607 -825 197 999 513 572 724 -863 -986 -638 396 -839 -311 -279 383 -115 -632 950 898 942 870 -854 531 -15 496 649 -399 -961 -725 676 -605 -233 -818 433 -767 574 -433 -138 -946 -763 240 -491 -375 -730 63 -838 759 -308 978 -449 41 517 48 169 -174 633 -48 971 -406 814 630 849 718 -440 -271 -640 937 -665 227 -275 -732 740 -413 -3 328 10 817 285 213 -331 -89 -637 617 -513 -355 -197 -445 -685 -914 440 25 -611 721 613 -483 925 262 
-156 522 -857 -601 497 576 -909 -199 -757 -62 -902 297 -856 235 -721 -764 185 -803 917 -388 -579 662 -309 397 -193 -322 -186 -293 -628 676 517 -851 61 -893 -924 -948 802 -230 169 -40 549 491 932 -924 -720 254 609 -482 151 652 -631 883 -560 696 -805 -819 135 871 -771 -766 -309 187 809 -433 -100 -332 921 774 662 -162 -248 532 446 -421 -852 -456 974 -173 767 975 208 -591 -424 318 -355 974 -867 878 398 217 -851 622 -570 -165 -337 -321 987 225 858 -314 
912 254 381 775 627 53 -568 812 -413 -506 528 -52 539 304 -880 -553 665 -520 646 597 -839 -6 -676 406 -228 -761 -282 931 94 -26 -162 998 -589 450 -680 871 -971 -543 594 -136 484 603 183 -430 507 564 136 -852 22 -401 8 105 -328 797 -686 -155 485 -952 -622 -830 482 -536 -548 196 146 -328 -290 165 894 -716 659 -376 530 354 174 -369 161 582 888 598 -342 -177 55 -934 326 -104 -920 -62 15 -323 478 397 133 -531 -101 -119 973 717 -877 236 
0 -13 -777 723 -31 -101 -9 -81 -493 648 645 250 -556 59 554 -313 -501 -279 -882 -900 489 510 176 -170 -315 340 861 755 -102 165 -913 481 984 -800 485 324 16 617 -617 403 -475 74 183 -664 239 -899 -180 176 463 826 -20 -881 668 -611 519 -886 -647 633 914 430 789 270 937 751 509 -693 37 484 -59 702 655 847 758 -989 -939 505 -140 -668 -204 -68 -741 -978 -121 214 517 -646 750 -180 700 -175 569 -285 930 902 285 -187 -707 812 74 269 
-687 -944 -719 -627 851 -722 636 -441 -403 -227 685 936 307 823 -167 270 973 231 676 510 567 443 381 741 -124 741 516 -412 102 -36 777 -756 98 410 -686 -99 901 616 268 70 -662 154 -674 392 321 -814 -521 -139 -13 -491 -341 856 -586 960 -613 -957 951 428 -721 -16 -900 584 280 142 -99 -981 -85 -288 674 583 839 -891 -132 -447 -279 -637 -652 -834 -621 -370 631 394 -772 302 -489 -748 -173 -273 -637 311 -487 338 214 -960 387 -421 -178 692 -767 846 
76 303 698 -613 831 -300 -874 361 140 872 774 -122 805 36 925 29 856 -671 310 -261 -590 -265 -505 -296 691 223 -264 68 -628 592 132 -20 310 766 676 -544 -836 -345 -899 567 221 735 776 324 -363 468 1 445 -422 577 54 -294 453 -85 -68 397 863 287 448 462 338 -997 -845 -360 -139 -995 -607 -504 -799 117 542 160 918 81 557 -663 -145 -413 -71 662 239 958 -975 -597 -982 168 965 15 -580 -116 -439 -683 441 162 -740 -355 124 -895 -348 923 
120 -404 -74 32 274 -305 602 -731 67 249 -803 507 -878 -704 102 -701 596 897 -379 -813 431 284 15 -390 -73 587 722 -500 160 130 908 -174 889 415 -615 -492 224 -566 -584 615 443 273 -282 -452 -163 -934 65 -34 -737 62 40 415 -53 -957 519 980 832 -369 371 699 74 -148 -764 -489 -285 49 539 -834 -808 319 795 -247 -427 -26 808 267 79 -642 89 443 -967 559 -189 -808 -273 287 901 -483 -868 -528 -248 64 117 458 89 668 -456 -357 138 558 
176 388 -539 397 -371 -768 -603 170 -935 -601 105 949 -337 425 284 657 -682 -730 31 -755 -397 872 24 -773 625 623 -336 -445 212 -842 -822 -973 141 -158 -901 582 683 -488 -593 -930 468 -486 935 -895 -747 -289 728 -471 -165 329 -690 511 -587 -505 495 -276 575 -997 476 481 -324 -415 30 -648 -202 -297 264 9 -353 -746 -954 568 839 806 949 529 958 222 -84 523 -692 347 917 -361 15 332 519 -740 397 110 -927 -848 422 879 -609 692 -213 622 346 660 
-48 -888 911 -837 -826 29 517 425 760 -575 458 356 -58 -458 75 329 35 -707 495 460 -373 -355 -257 921 -233 -36 195 -221 736 -347 818 854 -828 416 -830 -417 -150 17 203 344 -698 -92 310 -797 -227 588 -511 -389 37 -947 374 -891 734 -182 219 -913 -330 631 452 -501 -952 63 803 -352 189 342 921 763 -996 894 370 -461 -307 -362 -51 615 414 -448 514 70 31 -54 -4 -799 -587 889 965 -484 -129 512 -676 -168 -924 543 -664 704 -787 489 312 81 
550 -594 -6 -580 -239 -794 -123 -807 744 652 945 -200 -690 -738 898 -232 -601 -167 -388 507 -663 758 -475 728 265 -374 -11 318 326 -202 -2 -677 -874 -593 -210 300 938 533 954 -129 19 -799 -333 -78 852 879 703 412 175 -894 30 -355 -141 226 -325 -127 -523 678 -756 120 -774 -927 -145 339 644 -224 -848 193 -709 -169 -138 -447 81 -187 -715 -848 -373 -940 510 -645 -949 -777 848 -140 -936 -707 797 916 635 293 855 635 -107 -343 -318 -38 -837 431 -525 -563 
956 694 648 -730 -378 -15 354 451 -732 282 -378 -997 690 701 964 382 69 967 518 777 -698 353 -301 66 -790 -980 -804 919 -437 751 226 -719 412 -721 456 -872 126 553 927 -605 874 662 -76 -767 755 -170 -260 729 -971 870 -387 69 229 470 -285 950 703 101 -123 -331 -808 -273 375 19 -832 610 -242 20 -837 -788 790 -988 -443 561 215 -518 226 -519 -403 439 -710 251 197 539 -540 -455 198 -878 -595 777 -2 -11 -196 -692 876 -390 -291 -14 22 178 
-280 -981 -212 578 -197 704 -892 463 -125 -761 -360 -349 682 121 -681 -638 288 798 -937 586 -277 580 178 -472 -348 -865 241 -283 -794 549 -146 -807 -900 494 348 -984 -295 -503 193 43 311 114 716 477 -346 194 557 -278 82 -243 632 -117 30 -276 915 -940 935 537 805 -381 550 291 236 -849 -354 719 -60 -933 906 -416 64 328 -447 773 -653 -726 100 -643 -470 186 796 0 -970 -119 335 -976 -498 -325 306 -21 164 690 364 -386 409 795 401 770 -4 -397 
364 341 933 121 -114 -619 -187 -569 -186 -72 373 -110 -315 973 -490 -462 548 815 408 916 -595 438 595 64 785 -459 -463 -195 709 876 -569 478 -820 -803 849 727 952 -609 -775 -432 279 -826 -366 22 -904 -213 417 737 -847 -392 -602 944 -214 618 -57 427 -283 93 547 948 -789 -22 -603 804 -225 787 793 -941 130 645 376 89 -674 249 -528 110 -61 51 156 742 -617 523 -862 -318 -583 -312 -274 126 -856 642 497 866 -352 -293 395 532 208 967 -185 -713 
