935 802 95 -655 946 712 430 218 396 195 -568 -717 953 -551 -988 397 -494 807 -130 266 559 -990 -605 145 726 -277 967 208 -673 -217 195 624 -983 225 -227 -467 -912 288 914 622 -128 -962 898 -921 573 890 733 -107 -654 -117 -851 -869 202 -649 -664 732 467 687 -183 851 56 741 876 671 43 -478 -784 -929 -684 -543 90 -578 49 -639 275 -368 -197 -518 300 -249 -206 265 248 -554 535 -723 -642 154 -249 -297 5 -65 374 -283 -493 -834 110 -494 250 -906 
791 859 -274 -528 275 622 -617 -748 -4 -849 -635 371 837 895 -136 -369 661 753 -167 397 810 -287 -190 810 -338 -247 144 694 691 467 722 398 191 339 -831 -840 195 -911 -509 -810 465 -565 790 614 29 -800 207 -872 -870 888 80 -675 -742 184 229 901 -273 -267 536 -957 -903 41 -781 -386 368 667 29 859 143 -743 688 663 -25 574 621 379 20 301 854 875 334 -528 -703 -37 -271 855 732 -646 -300 -694 -622 936 -55 -359 -215 772 238 91 -127 -258 
-478 -727 -175 -775 -162 -856 805 -614 960 -995 247 754 -834 875 466 5 358 495 652 -24 -305 -993 -883 -75 224 -709 -752 -383 519 507 589 511 -183 835 888 864 -653 -820 886 -610 -69 123 526 -980 506 -540 963 -927 947 -832 -920 325 -969 167 87 454 -933 809 315 -967 70 794 333 8 -117 230 -455 -731 900 -56 457 269 -988 -16 -802 863 264 872 -424 0 -185 -181 563 622 -292 32 852 -21 441 741 104 797 -638 -722 -181 459 526 131 982 782 
-853 -368 -731 508 480 -442 668 -761 -823 -546 659 548 574 576 377 302 -320 -385 -111 995 -267 -411 681 336 -344 -472 -355 -155 871 755 840 194 938 -439 615 499 -827 456 -819 380 114 -97 713 -31 769 -190 274 904 912 -968 -697 -373 -557 981 -335 768 -487 -961 -376 -795 -763 -812 -249 -469 -941 -610 76 -212 892 579 -110 -824 248 -244 224 -217 867 -395 469 -65 650 982 -328 495 815 -833 -630 231 -184 -610 475 -238 -333 895 773 -530 722 -189 -670 944 
-539 -913 -896 -430 718 -459 -322 -74 -214 -150 -459 512 -754 -497 -86 727 -531 175 126 416 -595 -950 23 -728 897 93 -256 -477 909 -631 -886 -784 98 -819 200 55 924 -592 851 -414 22 851 519 -639 952 281 473 -799 908 -128 878 474 -36 657 320 -222 -641 -777 -126 101 733 584 155 997 -441 672 -755 58 -537 -174 -750 -875 -533 -608 -233 -92 -915 -301 678 -633 -192 739 135 -295 272 -670 -735 -419 -835 492 -687 904 973 326 -791 -359 -155 10 750 -819 
169 265 -965 70 778 -411 -232 147 -665 -197 -326 596 188 -289 -925 -385 287 -733 220 778 -543 -187 -148 731 -613 461 -958 193 168 631 -109 331 684 -705 -602 241 -119 -862 335 799 -864 570 -289 -993 372 868 -510 -564 -272 -470 155 763 -181 916 754 -518 720 -18 668 482 -148 10 -620 -934 278 -586 -144 682 12 693 302 950 880 -564 617 931 -754 133 815 881 354 -802 -361 924 460 -242 -50 -774 122 -902 144 -610 -697 700 -276 -15 -129 961 -885 318 
448 -455 -347 291 -46 -516 897 286 736 -777 -454 -292 -200 62 143 -998 -761 79 593 -284 -353 36 -769 -573 415 818 30 689 -946 -511 126 822 529 639 -938 -260 315 -176 -500 981 -130 -725 -856 -686 64 -755 878 -799 -391 491 -873 316 697 -31 896 -204 -18 -137 817 737 818 488 469 23 663 491 -676 -598 691 986 -169 -182 -427 343 124 -423 715 507 -134 110 -845 -319 -426 -845 -430 -885 394 -417 911 -511 100 592 -493 -999 406 979 -705 742 -877 932 
298 41 -249 502 -98 -743 -852 837 -41 -417 212 -772 966 299 -958 506 34 199 -26 -914 250 686 707 567 -4 61 145 -226 5 146 593 -439 814 -98 -355 -661 449 -386 310 581 -254 443 607 -18 390 -212 -16 409 144 847 898 -65 280 -175 270 -454 -239 -117 564 952 745 -393 -381 762 -347 -371 347 -922 -423 337 -837 706 -424 664 394 -567 5 -6 160 -353 253 -890 70 364 923 116 622 794 927 695 387 -469 604 215 503 670 883 -706 -319 574 
-351 30 -977 130 -865 -762 924 -960 -50 232 -757 -804 -785 320 35 148 303 -527 669 145 143 831 -332 -876 402 -569 -625 -537 -335 780 -759 -885 362 311 79 681 -121 305 -540 616 688 -425 -207 718 825 -797 -457 989 275 621 475 -969 -662 -487 -636 723 530 -564 -822 -630 -43 -908 -835 -807 928 -32 671 -911 -536 788 687 -209 495 -506 -783 645 -466 751 284 336 415 727 -313 -934 -742 -791 -10 -543 528 541 42 -759 -612 -306 -392 429 515 314 -79 551 
531 -902 -648 969 370 842 599 -498 775 -875 -404 179 825 282 171 433 -412 -826 -939 544 330 548 899 927 149 -239 -400 -516 -341 -878 -19 -567 968 599 -139 213 -226 946 -11 -164 -557 821 -419 -400 620 -231 786 243 -260 -114 -36 409 807 -862 427 944 -85 -614 917 -556 771 372 -75 176 -613 -424 672 -252 796 20 344 -216 611 -772 -962 860 241 -69 614 216 -429 907 -690 864 781 966 565 647 -284 -364 155 -353 -544 -399 -338 691 373 998 523 564 
760 943 318 -55 599 -920 -621 53 438 -889 962 -466 818 -506 569 -81 786 853 -90 629 -365 -828 278 681 171 684 -920 814 -460 -237 169 992 -871 386 -875 545 -247 549 -758 -870 -171 521 350 581 -56 150 -963 -447 857 -177 -498 -513 -986 550 -115 -103 702 459 868 652 -734 -11 -862 454 670 -17 689 374 830 539 581 405 673 668 636 280 -921 266 -648 -973 -913 977 -999 -568 954 -225 999 690 111 -428 -704 -325 -728 239 823 -88 836 -607 170 717 
445 171 199 -743 426 228 957 -263 -130 165 -846 10 -845 -275 308 -319 -883 -340 -784 787 767 920 876 -906 -773 -939 -558 -523 982 -854 840 -343 257 -39 -52 163 580 629 -24 974 952 416 537 -874 274 517 -776 457 441 -930 -765 -958 -708 133 725 4 147 449 126 456 397 952 691 -107 894 -353 -871 -941 -920 -808 -845 -107 956 462 68 505 -249 -674 219 -667 -758 220 -223 955 -408 -555 350 824 -687 -956 947 686 -918 966 -795 -641 -670 -36 980 575 
-484 191 374 585 356 542 -243 -565 -404 -363 491 823 -836 -554 -957 596 -189 -419 -354 -778 -859 -21 -828 -903 1 154 911 -965 399 -444 -640 625 -284 -872 362 -505 -846 -56 -607 441 -861 -886 -58 -972 91 -263 726 440 -937 84 -724 -739 -446 609 -172 307 -392 -152 982 -708 -292 523 816 47 987 -255 -416 -692 -691 791 706 334 -971 73 -749 296 -608 -950 -954 -547 271 68 -967 228 -453 -736 114 299 344 -713 -757 -580 78 -84 419 401 -908 415 -74 53 
-260 -66 -856 181 162 516 -846 -880 369 723 6 -539 729 263 -44 345 706 501 -285 870 -45 -406 204 -875 383 92 -389 -650 -903 -550 398 -723 518 945 758 -738 215 564 596 676 -636 890 -314 812 -202 230 -329 -966 -346 -334 286 543 670 -640 52 -645 459 440 184 425 411 -801 199 214 -724 243 722 -21 -664 718 -450 105 69 292 356 243 857 368 -708 -25 -903 -747 226 436 147 25 459 -367 -635 -714 567 554 -872 204 -742 165 -645 -965 -825 -137 
-914 687 296 -726 955 -953 -160 584 -697 -694 -409 846 -511 852 431 127 244 21 223 69 970 -894 -448 365 252 215 -208 -380 475 580 -277 103 658 448 -447 641 385 -818 -580 608 522 -212 37 -688 -527 744 485 -947 -767 816 426 38 531 103 75 -765 66 532 519 -831 132 848 -851 -34 -853 -522 912 -435 -13 -520 329 -762 -271 -335 -285 889 370 -171 -379 996 -798 771 -339 -458 -763 552 952 -282 699 -123 273 -924 -856 830 -124 -757 789 922 232 601 
-215 116 -254 963 -648 -635 -994 692 77 293 334 -720 -586 486 172 -169 -184 -745 -770 624 65 -27 659 622 206 993 -208 -170 -954 588 -488 833 209 953 374 456 -343 466 -597 -531 540 171 -819 -455 -168 330 232 246 14 435 -891 324 -584 965 -653 358 23 770 -589 -218 499 -952 -830 -589 -210 -801 766 120 903 904 -377 -342 -590 479 -959 655 399 921 -855 -660 995 -805 -400 185 926 -397 448 -513 -175 -554 -357 933 342 90 862 -437 -466 161 290 643 
-132 633 -923 -32 -898 608 -909 -671 -908 138 -386 689 595 -362 888 -462 -178 695 551 -397 775 40 -487 -774 255 -590 908 437 152 -950 446 -294 -764 -451 -186 -612 -286 -715 562 -326 -726 523 534 399 97 600 281 578 864 -847 534 -298 73 192 -454 665 -219 -515 -536 307 -482 796 297 -874 -240 882 944 -974 -550 -385 418 370 -459 691 755 802 23 410 776 -671 778 934 989 -525 529 -240 256 -32 -32 -191 751 35 -24 -110 891 -776 497 -921 126 867 
-469 538 -342 211 -690 -947 536 931 336 657 487 249 -65 -414 913 452 -679 -37 -366 -565 -90 987 -917 319 441 -446 -436 -40 -537 467 245 960 708 219 -939 -818 45 640 -114 -813 968 428 -282 170 -800 -62 949 -997 -79 58 -34 721 54 -167 -493 -469 298 320 437 -137 214 396 176 -461 -157 572 304 -42 -858 -449 -270 762 -959 514 148 -121 886 -578 864 541 427 -476 62 817 559 -609 -533 -66 -421 366 -316 -461 -103 -765 766 -548 595 -817 29 -2 
37 -36 -646 209 -261 428 372 -206 765 648 215 262 424 -912 584 -365 332 -780 667 570 365 275 741 422 751 634 837 833 502 -164 -979 231 107 137 -811 933 721 418 -66 152 -974 718 -292 -689 625 42 614 -624 851 -125 251 -473 437 -38 -803 -166 -391 -442 -779 37 195 -105 -96 -271 -612 957 405 -427 663 521 -667 -854 722 -505 -412 -908 636 244 250 -266 33 278 -120 -81 743 -847 181 -750 589 343 928 -192 -651 407 -495 222 275 552 -638 668 
-703 282 891 255 781 83 762 -685 -491 110 51 -848 -25 -573 -928 256 -932 813 -687 -28 -200 90 -658 408 -911 944 -155 365 540 487 -936 258 221 -870 -309 281 945 -273 480 -887 773 -533 560 516 281 -718 -873 -874 -149 897 -881 -647 887 -975 217 54 -637 200 -483 -779 -315 -908 288 -291 -433 165 888 848 -443 -79 727 943 94 -870 -766 -234 -302 410 -387 -888 983 -430 -162 222 264 -752 -304 749 686 -955 -21 503 40 -701 739 -401 -570 -324 -161 -235 
365 906 237 -933 352 -176 928 904 -480 158 -427 631 690 -954 -57 80 -988 765 792 -73 778 -28 -233 -639 -225 978 931 30 -329 -648 -753 -680 349 -257 -478 493 -659 -317 358 521 -849 -441 984 558 -533 -985 -271 715 871 -281 242 -232 -981 549 849 -99 -343 -560 -720 -504 -490 -742 120 50 523 420 85 296 -32 -1000 512 -252 862 34 -20 358 -808 525 -722 -39 867 480 876 -489 463 268 216 408 751 -18 572 -159 450 -430 99 -30 448 -157 -288 330 
713 600 607 -576 94 -595 -877 -342 -190 -863 -59 46 -650 895 191 -335 -932 781 -425 829 -701 -927 103 -166 -729 882 -636 579 911 944 -481 752 44 -647 -534 -817 -951 -825 433 452 -269 651 -57 -519 -971 -178 -630 -451 112 -423 354 45 289 294 896 269 -276 718 724 337 502 294 396 395 688 355 782 572 394 974 -876 -493 -621 -523 127 1000 110 -861 939 295 131 -887 621 -756 262 733 -819 863 -282 -239 -51 -129 -706 934 -68 347 175 -832 595 114 
317 -943 702 766 720 -93 -872 286 855 -469 -144 -172 254 642 -432 233 -415 283 -14 95 889 -872 -133 -671 925 385 878 683 562 889 -162 330 -224 -939 560 94 -194 330 -864 441 736 364 -382 -961 339 -630 542 -825 388 -970 941 500 19 -520 873 202 -908 654 -86 -274 75 350 182 299 -547 -567 620 156 791 439 896 536 -265 932 987 971 -232 202 -488 -168 422 97 -939 -437 -598 593 -737 81 -357 -784 789 -435 -734 -301 950 -91 512 -426 644 -493 
-52 985 871 2 208 -429 806 25 -341 600 921 -214 960 456 -192 372 -674 258 949 -78 -518 991 600 381 884 43 -953 -390 453 890 -874 -272 48 -730 712 -918 -839 729 -576 -2 569 102 408 684 522 -166 32 172 -453 969 -317 507 436 -306 977 -500 -382 686 -536 826 -356 162 -855 -574 -649 669 651 318 -776 -869 -686 -881 680 851 -522 985 890 -32 -407 491 -637 894 -192 258 -987 -139 -154 693 93 -315 956 429 439 733 -228 -926 -258 -79 -167 481 
-538 -921 -657 207 -646 -766 580 -928 986 137 23 884 -432 933 184 958 -670 -627 130 180 -367 -638 529 176 944 -407 968 -276 -873 113 -599 -453 -512 934 924 365 495 244 -673 -32 -947 277 -313 -748 -489 287 679 821 893 934 -476 -70 607 22 -371 -981 -149 -805 -1000 -881 284 508 -876 -503 -15 -611 -692 929 718 -512 -609 935 -80 270 92 -353 -248 215 -731 21 -589 -645 55 177 -830 -791 753 -780 642 806 -812 440 -842 305 -51 775 -930 -820 986 -939 
-802 -531 56 445 11 789 148 979 -225 -88 68 181 -172 -674 -827 884 -767 89 856 992 -184 214 373 -403 696 963 -768 956 -732 -278 302 924 -407 701 -28 695 -132 751 -327 -299 504 125 498 211 -654 -541 -100 -156 778 812 891 -671 -217 -359 679 -70 -309 -745 -719 -855 474 892 -73 -848 -932 -769 -44 96 -500 390 -145 -223 -335 -914 429 -451 -778 -502 90 -548 -248 -489 -90 -992 299 935 10 356 96 736 421 -971 -253 548 461 -422 371 -828 -365 758 
278 364 -87 937 -282 -131 346 242 -658 168 -669 252 -372 740 747 924 -566 359 -11 -504 878 741 -920 -600 206 -58 378 946 -573 -62 944 449 -529 -810 25 368 107 -924 6 690 621 776 206 -732 -43 944 -306 -485 720 -535 -155 900 -864 -219 -674 494 429 424 -498 -230 62 292 741 -312 -837 -615 -682 437 927 843 846 -401 879 182 -346 -850 -336 -763 -215 712 805 -224 -717 -223 38 -400 -473 643 -458 -80 -854 -718 -212 -58 -886 -948 -81 -456 415 828 
-423 -933 -318 743 -843 357 899 291 -853 -545 539 247 322 508 -652 285 -792 573 -491 18 -548 368 -101 -683 -330 628 -670 -290 313 -936 -881 -516 -502 796 542 210 765 379 588 -109 470 652 -701 -992 678 520 -884 -616 -353 -934 184 -892 662 998 677 -695 -576 651 -911 206 -513 -49 75 -604 857 597 560 110 -182 -783 779 -832 -367 921 -198 100 865 -701 -898 982 -571 -262 767 44 237 -911 -220 -82 247 711 -544 -382 -186 128 -729 50 -416 -649 789 872 
-47 488 942 -340 223 -853 467 -586 -585 -307 841 -954 -695 -224 450 -727 414 -717 -853 -382 182 -555 206 -328 690 -156 113 591 800 -300 560 527 -917 -328 348 -582 78 489 14 -276 676 619 -133 186 85 505 795 -405 -342 76 738 203 -999 413 -581 724 556 133 73 -265 13 -143 511 786 -664 179 -59 -959 -420 -876 681 565 -599 361 -994 651 262 416 -793 623 -613 518 3 -412 -282 -126 206 313 553 -372 951 567 208 -318 -356 130 -458 417 -80 -660 
415 -787 486 0 -442 919 -882 -515 833 -392 168 236 -710 -196 -100 517 -900 -338 -214 -743 -143 -578 -443 -134 44 -102 -740 -796 -963 736 917 -908 248 -223 634 269 20 620 136 -117 -794 374 100 868 304 -824 761 48 -167 8 -411 -897 -528 -227 675 -644 427 -998 852 -690 -118 342 160 999 -619 536 -85 726 286 -247 -134 182 402 193 623 -547 552 219 914 -244 -922 -108 -587 -798 432 -831 -901 -79 -122 927 239 -270 934 -187 748 53 314 279 365 -925 
760 457 -731 600 205 -928 -775 952 77 219 -881 81 265 -632 752 289 306 -573 492 300 85 85 -226 -25 -72 -778 -31 -905 -772 861 -485 596 112 825 223 -293 79 -2 817 -368 -405 -211 602 28 -240 -226 642 -961 900 602 -366 -981 89 -580 -20 329 -745 -164 -999 -577 -799 535 513 731 -899 620 -632 385 -417 -425 -608 285 918 -935 -26 -817 -160 22 -534 -847 74 -387 400 511 -960 -520 133 226 655 740 -733 732 256 848 264 383 -670 -581 -405 113 
-620 -344 608 371 417 -838 367 -249 -277 903 -95 -104 -43 -112 -623 136 176 -771 -664 -714 186 89 972 -180 -858 837 -188 -838 -343 626 105 499 249 -485 47 529 5 -905 657 -340 761 -365 -559 195 498 -589 -42 352 -618 -497 -799 -662 -287 -659 -869 288 283 380 -578 -676 206 -846 -399 691 -567 -159 240 51 -516 318 790 827 -518 279 -888 462 -546 249 -224 -174 -200 -25 -224 -532 8 -912 -489 -177 227 -941 -110 -718 668 -56 209 -139 442 871 -198 922 
972 -439 775 -195 679 -818 -310 966 773 235 376 368 -358 -895 -440 -88 -861 174 543 576 331 -503 689 271 -943 152 -647 -207 590 192 -597 -131 -905 -2 550 -53 -905 -749 144 237 957 994 -626 521 -70 149 62 -279 -881 -553 -492 -321 747 756 857 -102 -937 540 413 203 770 -370 -260 177 356 892 75 943 565 576 649 -344 434 -601 -170 769 -444 838 -768 -519 -946 182 803 840 769 226 -417 417 -100 435 -911 282 -417 -309 -123 311 294 748 -97 -268 
375 41 -879 -723 854 226 913 -419 -46 718 154 -502 526 -889 307 -454 371 867 -227 290 -456 -322 345 593 980 -241 -771 -980 -688 892 43 167 27 -69 36 -154 -891 630 28 -966 -638 -608 252 831 -707 -897 -151 296 802 -234 -493 -202 777 -803 351 -662 669 276 -385 -581 935 -58 247 -977 17 734 568 223 410 -569 -573 129 64 -934 -762 -540 -331 161 -8 -855 -262 122 -406 -781 276 -406 -980 27 740 743 279 716 258 259 8 -384 -412 952 219 -321 
-594 -118 378 -9 -287 -320 -789 -845 700 170 960 367 782 -891 -555 -394 524 -848 360 -212 633 969 -875 293 154 -76 -910 -79 -356 -387 382 -294 399 944 547 -885 642 -429 -186 -226 727 -67 424 198 -27 970 524 -954 -257 -486 -643 831 394 743 -421 741 -706 -488 -592 -735 577 680 -331 -401 -927 -314 -451 -583 786 136 307 -816 -996 -413 685 346 -822 461 255 938 790 -755 -704 89 -955 -655 984 221 449 972 -345 200 804 157 -349 751 -183 685 -679 122 
-638 -937 -420 496 648 -106 421 991 330 -359 -43 -161 897 401 582 456 -517 -984 -14 92 -572 613 221 -141 510 850 -797 -466 290 -684 607 31 506 -672 -294 103 648 72 123 107 4 -411 657 617 -994 -76 723 -457 533 -3 -566 332 -752 336 876 -942 -801 -385 596 624 -819 75 125 -450 -332 -897 -632 634 -888 46 388 844 610 -401 515 505 -685 88 278 740 -253 485 -378 -864 332 238 -497 570 -392 381 181 -396 -349 -963 -880 548 -275 862 -745 278 
-361 855 -690 196 969 -612 -122 -512 472 -283 -580 537 -323 533 -724 -460 823 382 -882 -934 -759 832 -191 755 -727 230 438 951 351 119 -210 -145 367 -229 976 -731 -647 378 -787 133 -770 -259 -518 -757 -22 711 -253 625 -145 -978 537 -715 765 -708 -368 -718 499 -885 360 182 -342 -933 814 -937 485 -705 -653 -615 614 -224 641 662 -494 762 -673 96 -138 -31 525 954 -6 -327 916 -362 138 611 -432 -522 874 869 -990 495 335 999 -223 -385 -736 -318 -447 -271 
988 -223 -958 -102 453 178 999 914 -334 -906 -929 927 -598 535 -699 801 762 -752 -816 869 89 766 760 -616 75 -814 877 668 -621 -556 540 -777 -239 -511 390 -683 -180 111 -228 406 -223 57 -718 -321 -206 634 270 -477 -583 589 401 -262 229 -804 567 519 869 -968 919 -39 -72 -133 430 365 543 946 494 -212 -245 854 -914 -931 -806 -164 -721 463 581 -189 -838 -116 -589 -598 -478 -646 -552 778 -295 638 -940 -110 693 741 -159 193 838 741 -18 765 -802 694 
-800 805 508 -839 -900 -118 -995 -871 -840 -779 -669 -743 965 3 492 404 -221 -710 735 -288 323 391 13 45 -25 -861 -913 928 -640 249 116 171 696 -562 -448 -83 812 -934 -643 430 -203 -144 432 206 -574 -820 734 630 -594 695 -232 -29 -309 -322 50 -189 273 -108 867 -673 -687 -348 683 -167 -260 -637 -218 935 935 -348 141 -202 -785 -925 99 -486 -903 433 890 481 -590 -265 916 763 218 534 80 -671 -671 -25 -311 -724 949 150 -668 836 435 762 -106 -571 
-411 -376 -667 -209 761 534 907 -602 -827 125 -495 -341 -509 -917 680 578 73 -344 -678 -309 378 -742 1 718 263 588 176 720 953 584 106 -221 10 -156 944 -930 162 -854 -458 -885 499 -372 63 -857 747 -801 -827 -501 962 -558 788 926 -297 221 635 -289 942 -956 785 -997 -683 -716 224 240 -105 897 692 -297 -169 747 -103 886 -727 -842 749 549 476 633 624 -278 199 -739 -80 -724 459 82 -173 -64 269 983 -824 -866 -777 -275 975 120 302 873 -84 598 
198 933 748 -838 353 -868 892 -970 -617 -644 88 431 564 127 180 -641 -507 771 -274 -681 -273 878 -395 -527 302 -479 692 -190 278 38 -266 -266 372 655 -949 479 758 -230 -445 -608 979 526 -594 -892 -694 62 -234 982 889 -840 922 -937 -911 266 290 -807 151 392 976 363 227 279 -626 171 547 -713 903 338 653 90 -617 -195 -959 931 439 -933 361 -817 693 769 351 653 187 -757 936 583 510 -768 -784 51 -387 -673 405 -738 -425 792 977 526 -861 303 
970 230 397 -525 423 46 -608 -960 -262 194 425 -738 -267 -602 377 -891 16 27 877 973 -25 -628 -551 698 -72 -925 551 741 332 -863 -439 679 -449 708 374 938 -642 -742 54 -646 951 320 -552 -178 884 -150 976 373 689 -3 933 -398 221 -708 -469 -113 438 -842 206 644 -238 -47 826 15 -380 -523 473 202 -901 765 -762 -829 233 -530 -923 907 -345 -605 -873 -737 612 -578 918 -821 498 704 -458 192 259 472 339 -654 363 -821 -946 928 148 -667 286 -521 
-463 149 291 -730 -580 -355 70 -293 143 -854 721 167 -921 -118 -254 262 -134 163 -879 -899 698 306 -641 -521 -205 -868 -593 -35 -172 -512 129 823 -592 -641 -216 930 979 53 504 284 756 992 379 -509 -720 -710 -701 -436 -742 -15 -396 374 765 433 -232 765 -295 -470 -785 -193 -644 -348 865 549 773 -615 -842 926 -400 323 398 -90 -996 558 -314 -811 888 638 -725 464 266 730 -507 -542 289 817 499 135 -81 758 182 -637 474 560 -736 -882 -54 541 -247 998 
124 -115 203 -50 208 -445 -101 -826 99 446 547 756 -637 -365 811 144 652 969 -491 -220 49 974 590 -317 453 986 -649 390 930 48 727 861 -524 124 153 559 962 -240 -920 875 -284 -398 -391 -773 -516 488 329 -919 692 -563 -680 670 -421 -114 -412 15 -270 954 -755 -176 306 186 -172 -268 666 -917 307 741 922 598 -702 -648 -405 96 -407 -260 -322 -7 -410 792 591 -125 321 -735 -893 932 -813 626 391 47 500 -281 908 -976 657 878 -65 -221 -293 758 
773 30 377 479 790 -160 -551 -795 559 962 997 97 -854 -982 -484 343 -672 323 396 -821 362 -137 -805 145 132 695 977 293 490 182 896 948 -452 124 646 861 662 -85 -785 566 718 234 147 -869 -404 -293 -740 505 -172 490 629 -99 -597 -844 450 -845 -525 113 -287 -241 291 -925 -357 741 -872 787 -157 -733 -862 630 -889 91 -521 -761 872 396 166 -293 790 794 218 642 931 34 -456 607 247 927 -155 -268 -527 -60 120 882 991 169 459 488 -709 -386 
-366 -868 907 739 828 306 886 -606 679 -470 -82 331 -636 97 -141 -401 958 337 -913 -323 380 803 -439 -983 647 -307 -717 -344 -80 -679 965 174 -147 -460 -853 990 -603 -279 411 -252 -683 -372 821 -234 971 -990 240 -573 -164 84 -639 342 98 -569 961 -817 466 162 -310 184 794 -653 -764 194 616 98 -470 -822 -896 218 583 -314 69 733 929 644 -620 460 -979 -323 124 -605 69 58 359 -846 647 606 447 -140 988 -614 394 770 895 362 -804 -303 970 -117 
267 -928 -450 581 -196 286 -65 -407 -929 650 261 -572 -858 636 -792 837 243 270 -440 240 722 -592 141 889 -613 903 -719 135 743 996 243 -939 537 244 994 380 -803 -627 800 711 482 182 59 -663 -617 -403 -728 360 -604 -997 -478 -328 -742 608 814 717 501 -786 -930 -31 -327 955 -269 501 719 306 -571 -448 -5 -641 542 -337 190 41 -381 634 506 652 -538 350 -867 920 334 48 -747 79 -503 -516 919 -322 749 534 -593 824 521 818 -803 -752 -389 -674 
604 -589 -511 -735 -857 -446 -979 -487 -183 -57 655 -9 963 -341 320 710 776 -84 133 -14 -425 242 686 589 102 390 835 767 -186 -872 -623 887 378 -361 -639 -398 544 -279 428 432 -852 -232 -354 -343 152 866 -969 986 396 778 -769 -542 -698 978 -876 950 -335 -862 177 -989 495 -812 489 -846 -827 374 834 468 8 -126 -2 65 831 685 -868 -28 287 -730 755 97 68 830 -546 813 926 666 101 -461 -657 -392 -303 891 148 463 -713 -830 271 509 -805 -688 
-188 475 186 -593 305 -570 -39 569 -996 271 -179 -1 428 128 109 26 534 872 52 360 410 363 379 -131 675 -355 748 730 346 859 -288 -574 -939 -581 141 -585 -440 -32 644 844 69 -62 -719 368 -229 -451 701 489 498 -741 227 -415 -962 88 -264 -324 -513 908 -634 670 -209 648 -9 -902 433 -117 43 -783 339 -768 938 -200 553 5 -583 -2 405 -617 -70 369 672 749 548 763 -674 43 640 884 -33 731 -184 320 -326 -965 119 121 861 -476 991 761 
632 -806 653 -159 282 -22 866 642 968 -304 -356 -681 -790 -579 532 -568 -339 31 287 -44 839 412 822 760 -369 479 -428 519 431 -722 -577 -463 782 104 -260 724 -205 314 -581 -765 -592 319 -836 -728 43 -523 -848 -906 726 541 659 -723 530 -492 -288 -536 759 401 -332 225 195 -648 249 -307 244 -741 -183 550 851 190 -241 -488 -88 -424 994 -288 578 511 863 -939 489 -868 -937 688 924 -906 148 -978 -497 -648 446 421 -124 -518 -443 -2 -287 588 -404 -841 
302 -866 598 696 -486 -999 -583 -584 -432 580 -953 -651 -545 -321 -664 798 232 -6 -953 -75 -239 533 766 891 -3 -855 -417 -710 -844 919 -349 -377 -309 -191 120 115 -345 -508 -470 -129 -244 77 371 278 545 63 -734 509 -973 555 618 -743 -280 31 4 -251 -917 66 46 -20 712 -15 845 7 775 611 296 -104 -844 -493 146 78 13 418 -206 -513 -431 -413 -962 -553 -899 333 647 563 -842 484 -578 -52 202 -778 988 -787 379 -331 856 34 -179 -388 -378 -863 
10 176 -447 -898 209 555 -798 571 -465 531 -213 -854 196 228 -520 -942 -615 -865 621 203 -236 -944 -372 -799 -783 -693 452 -545 423 306 -521 -361 485 -343 -958 991 -770 -74 116 29 199 -814 -223 644 -652 -497 345 618 -898 641 351 -715 324 873 965 924 -52 -206 -548 -722 193 -381 -911 878 470 -373 -933 370 183 939 -744 920 -979 439 530 32 -745 -92 890 858 906 829 170 -38 452 -791 904 -828 -822 -560 838 -465 528 -493 -288 973 -932 763 821 769 
-551 -752 -901 -834 311 257 -30 284 70 -336 981 59 534 -964 -392 305 112 332 387 -847 329 -570 -926 -899 982 88 -961 -945 -148 -475 549 944 -924 -137 97 -124 452 529 756 808 -460 558 -917 546 -850 706 884 476 539 -960 787 -895 753 95 -573 115 -510 1 -91 88 959 -416 -793 -442 -517 604 447 813 287 -383 757 387 -178 -112 853 -300 -39 377 -357 -175 241 -493 -347 712 -591 211 -996 865 -928 -964 687 687 984 18 -637 964 -363 557 100 -778 
-585 761 -876 425 -167 955 901 71 -53 -285 -180 536 416 463 -788 739 -352 -342 12 76 -455 450 559 -570 -746 -723 322 -485 -75 9 875 -382 -895 718 -926 -577 -372 255 -339 581 526 -728 683 458 639 490 -595 224 -81 -700 613 -713 300 588 -333 867 933 444 651 990 -320 627 -859 -409 177 663 -510 898 -797 32 371 395 -746 -460 575 407 -424 -488 -171 646 119 -632 794 137 205 955 286 538 728 295 -473 948 120 852 -823 362 74 998 487 -516 
-680 -271 320 -956 -604 973 -767 -98 933 471 829 -634 -645 -562 423 475 -987 -279 229 -367 341 778 -123 -381 186 586 325 211 -703 -693 -461 -708 606 877 -108 -357 485 -742 523 191 565 -956 276 -29 852 -458 -244 -872 -250 137 -324 604 736 733 -468 235 761 123 -356 -835 594 -158 458 -759 724 947 -312 904 967 -722 -481 715 821 470 -475 -305 -931 -608 687 -967 56 602 -222 -194 929 834 -946 -888 704 689 -826 -889 878 -387 2 -837 897 78 -741 400 
878 292 -108 -433 -523 -692 572 293 -291 392 -29 -553 -852 -868 494 507 169 -423 665 200 -628 -47 -155 612 -370 -718 779 226 -982 620 -101 611 472 -278 -743 293 -308 400 546 -660 912 -756 254 622 691 848 -260 -401 205 -350 878 951 -890 342 -175 -849 380 89 -569 -962 798 -782 -397 545 -257 -980 -622 128 166 -333 273 179 859 -82 -757 260 -961 -130 -859 -538 -480 -880 -987 4 751 215 115 599 623 -881 340 -254 -306 972 -49 -451 -8 962 -962 606 
842 593 -578 104 -978 -942 -418 -691 707 -487 -46 560 305 342 -836 -425 357 -741 -407 -131 333 526 -265 -913 -483 -851 273 -628 370 -954 142 284 821 -698 -160 -397 668 378 -840 -408 961 -294 25 -955 360 733 187 -322 -56 -736 117 -751 -131 779 -819 -500 -746 -506 477 -379 777 979 878 343 -284 824 350 -13 773 108 932 -729 -669 -607 -772 -568 961 -111 -955 844 857 -963 922 -424 -784 -123 989 666 87 -365 -495 -545 111 -67 -418 219 -835 419 -767 -69 
-498 -682 -19 873 501 860 -732 716 401 -564 482 217 789 146 615 281 -61 -858 -942 567 -208 873 983 116 255 421 -126 -644 733 237 -345 505 -397 -516 473 -593 -719 475 772 -579 616 -85 383 -712 250 -485 454 -829 157 -56 244 72 619 217 -575 -941 -246 -477 -139 640 49 -518 414 -912 -523 -307 -871 -821 706 100 -655 830 427 588 -911 -235 -440 173 250 158 878 -19 771 691 170 -712 674 -938 -768 28 846 -960 681 -644 342 -529 -929 373 -639 269 
-804 -513 338 -591 633 530 903 293 387 553 -238 970 -650 436 663 541 565 906 -594 -196 222 917 454 -83 -964 318 -157 212 995 776 176 286 -36 338 30 826 866 -947 958 -797 -406 594 -790 -240 978 221 -512 -660 84 -788 -756 -556 539 981 965 687 118 692 585 -412 -215 -313 -240 277 -389 -651 977 609 -477 209 -955 -537 845 505 -248 -417 -483 -272 510 -145 647 -9 -826 534 -579 -362 588 -40 77 845 -331 -258 703 -390 -145 484 118 -703 -635 -358 
-895 289 125 747 -763 -505 786 -285 339 -615 -989 -23 213 -916 -539 806 573 880 -45 -507 465 -675 -447 -405 106 71 -224 -93 204 838 -845 956 594 456 719 -57 374 -71 -608 963 -521 984 -964 480 63 -528 935 -609 -759 -416 205 -288 -85 -650 -993 -108 -166 122 -510 -717 -673 -712 981 176 618 -558 -874 759 -767 -924 -846 953 -158 -420 870 -520 811 465 931 488 -678 -76 19 261 -449 198 603 -641 -632 -692 -174 -199 -470 971 840 623 363 -452 -495 -978 
-980 215 92 65 -288 827 674 323 294 592 -111 800 720 -613 63 872 -406 954 219 -765 -855 374 653 -304 166 90 -969 -501 357 -655 -825 448 -901 -758 657 122 -285 -309 595 -823 -944 658 -321 -788 -927 -370 94 -845 -597 -299 977 -717 -470 351 239 -967 -462 -335 -346 750 498 454 -966 453 825 -67 198 151 445 923 370 -449 -30 789 -676 657 -123 -253 822 752 622 694 537 200 -907 157 -122 728 557 -336 -181 969 -877 696 321 -514 576 715 -384 744 
283 -261 -618 280 8 596 323 855 -298 -897 -175 -916 -496 -678 361 -504 435 -335 66 526 -319 -815 890 -669 -793 -238 855 674 812 341 -125 786 -374 493 -815 249 432 -286 316 -429 643 380 -256 532 -569 395 116 -502 407 427 905 473 775 165 -619 -798 -18 520 506 -745 451 -980 155 373 -487 181 -130 -266 -313 861 -266 637 871 232 -674 -112 381 897 233 -594 493 246 -59 327 745 23 -386 -848 -655 38 484 931 834 524 -160 534 -36 133 -634 909 
-510 -420 -499 856 -814 -625 -655 -995 -616 -770 388 -746 161 668 640 -926 -514 346 -256 909 856 629 -916 -806 562 -153 -845 920 357 -530 785 458 287 -731 -633 -721 510 139 -111 506 -928 809 -897 -330 -646 232 451 -107 584 38 -40 -577 562 398 903 865 -222 790 623 -478 -240 -139 978 -254 -819 13 660 -102 256 -709 -342 -361 284 -952 -104 -431 -217 -950 -619 115 81 737 516 475 898 454 -874 985 386 -409 335 -231 -119 -663 -303 -586 479 228 694 874 
-630 833 -324 527 900 555 910 -459 848 370 156 -59 831 673 827 -9 -559 -315 322 -235 607 352 -334 828 293 -589 700 410 688 586 -394 -662 -415 -689 -64 434 -160 -466 -124 -708 780 -257 104 143 529 865 733 -53 -956 -299 -906 -883 373 810 -591 492 -351 46 -563 -569 513 920 686 895 -65 -642 -648 669 -545 912 -767 -121 -458 991 -675 747 -778 959 -756 -751 -713 139 814 213 695 -92 -210 -976 -11 499 655 -739 726 562 464 -73 985 -365 -182 -396 
-625 808 -794 773 545 916 -510 -663 -629 932 71 -217 538 393 819 486 -623 15 -316 -822 -439 -732 -534 383 -34 217 84 -364 527 300 -804 815 -880 -963 -690 -706 -849 -572 -559 -282 -453 -478 434 344 -952 -542 -723 353 -57 -61 -471 196 -119 549 -143 574 91 -388 751 -268 -233 -829 295 648 661 862 -622 -492 151 -511 679 811 -684 -22 -154 106 -434 463 127 681 286 -631 845 609 161 385 948 -764 162 761 228 158 -225 -867 358 340 -594 -277 310 559 
734 718 669 -216 786 287 389 -651 194 -382 846 908 963 -392 845 -937 -810 773 710 386 -569 -774 437 -388 449 237 191 -688 488 -654 -466 828 655 -961 -485 195 459 -203 -475 667 657 -976 -297 -698 371 731 913 707 -656 -737 501 505 -111 -265 -835 356 830 -90 698 651 -493 -558 848 -904 -779 829 -107 491 189 -523 873 -941 982 681 -617 -793 329 -234 -865 -929 99 820 868 228 616 669 338 -76 15 -772 831 223 43 -585 -196 -282 -87 58 -508 96 
746 -812 -185 -748 -712 692 588 188 858 -596 -259 887 -779 -556 -957 515 -887 -682 834 380 186 921 -146 -6 700 -77 936 329 234 876 986 771 -941 665 540 -605 -478 -588 -433 525 210 -682 -109 564 15 905 -728 -736 260 -911 -386 189 -607 932 -671 -68 316 -557 -808 788 575 -280 451 516 -719 -119 187 -693 -576 -856 39 -208 81 -544 -766 716 -971 183 -129 -277 -446 -384 -249 -508 -391 677 -998 62 993 900 370 546 -97 483 -874 481 490 -937 -888 -658 
8 369 -864 -215 -728 578 -820 829 -658 -611 -622 -943 -662 -738 -4 -682 -322 763 990 570 -768 -957 -839 -345 -431 -948 -320 -50 105 684 430 -109 751 696 757 -725 -228 -923 17 -381 -978 536 664 470 -620 -587 -966 -546 435 331 -184 596 -837 730 -571 777 -847 -594 37 802 306 -523 87 600 193 -119 -946 -502 -368 328 -839 -148 -155 805 -133 475 -855 -624 676 -705 -727 602 150 -344 773 280 840 457 -472 -874 -551 -508 -554 317 -507 -169 328 -954 -535 126 
254 200 -849 210 -176 -801 278 -713 -206 -299 515 -440 -658 654 644 -664 124 -417 53 -726 949 698 882 316 852 -128 401 -520 452 836 -29 -694 -55 471 -221 101 84 -250 -996 -445 908 -135 -909 337 214 404 431 32 478 -480 -342 -153 -147 847 -51 -169 -630 -907 -103 -353 -954 -914 -89 -989 -863 -107 -516 835 -954 -80 -907 -202 180 -587 -800 -629 -472 -707 880 -631 316 -826 939 -522 497 -91 -657 -484 885 -60 734 717 633 -162 -908 -848 -256 -344 -638 -282 
-571 -280 333 636 784 -848 433 160 -630 -965 667 936 277 427 783 759 -23 607 -102 878 -389 -947 -969 -371 -630 -681 -90 10 473 19 -484 134 444 -513 -841 910 -175 -69 244 989 -618 414 -227 628 303 633 -589 298 -456 370 83 390 226 -26 589 -372 551 -230 739 819 592 834 864 699 117 93 985 133 823 428 -282 -26 -112 469 264 -364 703 -174 596 -493 -567 793 173 611 333 -354 -965 -982 417 32 -899 -682 667 1 992 926 771 364 -412 -680 
3 933 626 813 -889 -263 61 -700 -851 35 262 724 -328 -672 607 172 637 998 -300 246 -803 787 -943 -434 302 -669 75 -813 571 198 -832 -28 -818 -320 205 -916 -553 188 404 -103 -613 967 -637 943 -390 -659 -146 -364 152 540 911 -365 -482 660 656 423 -457 239 480 -516 757 -763 -842 -865 273 -371 318 388 92 -479 -105 696 85 456 815 636 -917 282 -144 895 169 -339 233 503 -18 910 -676 -646 652 196 608 160 934 -544 -631 -639 -977 -228 756 522 
-853 823 571 -458 778 -207 763 674 -420 828 939 343 -590 756 -882 936 96 535 -680 375 -536 407 377 -780 -591 934 -893 177 -580 -274 63 503 871 -186 20 -237 334 534 735 387 595 -222 722 -973 72 584 207 447 -700 376 -909 815 330 975 64 -460 357 -369 -493 -64 982 224 -644 -686 957 -250 -514 201 -579 -610 632 -372 -255 834 -4 880 -353 444 275 -823 -509 -147 -793 487 110 510 213 -620 -235 -527 517 907 443 801 -125 430 873 -755 751 -203 
-228 -312 -868 345 361 795 -100 354 159 -880 -904 799 -759 -334 -406 21 -31 391 -455 -429 454 625 -71 -461 634 -280 890 -243 173 736 12 -672 88 850 580 947 617 693 280 -206 -199 275 596 -653 -644 -759 477 -113 -110 -371 859 -287 280 394 -916 -391 166 686 -525 571 -274 -310 -374 352 -683 -776 -797 -573 61 -257 -707 216 433 452 -967 451 129 149 200 555 866 276 -513 -963 -576 -388 227 -963 555 696 700 982 842 892 188 124 619 45 329 359 
-686 376 -703 994 442 -358 912 -864 -177 -646 -715 989 -27 246 -581 298 -450 -441 -259 -366 378 481 971 359 -700 -913 921 -48 -187 136 -368 -158 959 943 -994 -899 713 135 238 -672 355 -173 412 -419 752 440 -125 196 802 175 394 -90 -637 -555 -223 -701 -898 -4 -131 -296 -305 781 -642 79 740 752 -1 325 592 862 684 -279 658 -974 607 -943 -143 -226 739 907 -49 31 618 -411 -182 966 13 339 -901 -290 -661 -462 -210 917 253 701 625 591 857 -688 
825 -134 51 832 -105 -197 846 -214 -728 435 -869 -488 753 2 207 -961 515 79 -234 -897 -547 462 349 174 174 92 796 884 559 -287 918 517 332 614 269 943 346 -718 732 -986 -402 -254 -549 -623 608 -874 -589 638 -233 -406 366 -443 -47 -877 -253 369 862 -297 -218 190 382 -877 86 -239 -383 110 26 185 739 -980 -916 583 294 -245 -830 37 988 -760 392 695 -107 922 -292 84 -788 413 -219 -33 -946 -863 -653 -912 688 -141 11 759 -69 -186 -285 -727 
-225 -998 310 -210 -331 973 -406 958 -316 372 267 774 332 -709 693 -183 739 -88 65 -839 -960 -162 885 391 -985 474 979 337 -577 -333 910 334 359 9 139 213 221 639 -1000 86 -639 -434 799 -441 946 -574 -230 833 557 77 -288 147 850 -759 -454 -602 740 224 915 -320 -721 -551 -321 -128 -678 843 -645 521 -92 -136 694 792 946 602 -878 -383 283 -182 866 -61 -252 -246 -338 326 830 -3 -410 817 -826 220 952 571 131 -918 771 -685 -276 430 486 626 
-63 -888 15 255 -807 861 -539 403 -941 -435 668 134 877 588 -192 -819 426 181 -453 -752 -658 -770 -181 -493 964 -284 -238 67 432 883 327 -27 -52 -419 -260 -514 398 -130 -174 703 -941 -232 -65 349 -956 -524 746 -106 -252 775 -604 -756 394 591 -913 -350 841 296 90 36 654 -807 690 547 912 279 150 -372 -806 178 553 877 -821 -791 -714 -903 -83 994 -10 -742 -713 46 -312 538 -687 671 -595 -279 944 950 -357 -631 -216 206 -599 -475 -350 -893 -506 -914 
-959 475 299 -273 387 -332 -137 560 -252 131 -85 -489 428 60 -506 825 -161 367 431 443 -753 -655 -378 95 -901 -821 -79 320 -682 -535 -317 -386 678 -835 -593 720 856 559 -889 -487 878 -94 -859 -516 -845 -390 -66 -615 -189 -93 -287 -988 -279 -207 131 -380 -365 142 437 -84 824 511 -907 184 -445 618 2 -256 -758 999 589 53 343 363 -16 613 79 -668 -699 105 -91 126 -671 362 293 -705 -958 83 -744 -654 191 29 -582 -296 -932 6 -849 362 -203 -705 
410 840 -84 29 -161 -97 -468 -816 -531 744 -98 422 4 1000 301 498 -900 512 642 -631 242 -815 203 806 -591 -39 834 -494 345 -122 332 603 -342 -16 353 578 219 -104 467 360 801 404 165 -69 -974 -136 -77 710 125 -64 294 196 -487 -670 -969 342 -323 848 -469 -165 -251 755 -71 -172 430 -821 486 -424 349 58 177 366 -619 -492 592 196 479 -490 527 -435 -547 316 821 -156 -764 85 -938 73 -661 -694 -145 -752 473 704 -65 -690 -800 -274 739 183 
-121 -268 147 463 -208 737 -490 -581 341 -656 -290 174 -448 -882 -771 -678 -698 923 868 268 -414 -579 560 82 -710 737 -295 57 175 454 60 -943 -303 141 591 887 -308 8 -793 -42 931 975 608 473 185 144 -415 -863 -153 -843 -408 985 918 822 -290 133 288 -771 423 757 -373 986 404 45 191 541 809 -778 262 -169 -948 -314 -227 -906 -342 621 278 -226 -729 -918 434 -765 499 -482 -160 -420 -858 90 -991 808 363 314 705 155 549 -729 998 868 497 -243 
7 565 -580 -453 -180 909 956 574 353 408 305 -724 -808 -397 -619 -145 99 -20 -464 229 -767 -783 294 530 202 283 988 -611 23 788 608 785 893 547 -496 280 -643 -644 -302 -788 553 -454 -903 -357 -39 -154 265 -856 863 159 -773 228 823 -816 -874 -359 355 992 618 960 217 -804 -851 -679 47 4 -535 -809 -488 -459 155 -749 -614 -55 -42 250 -611 -230 523 669 -452 -668 497 -351 -30 580 -705 -319 103 178 750 956 146 896 479 751 -382 -857 852 11 
-634 587 407 635 -250 -488 183 266 -469 -190 -636 -915 -885 800 568 862 -477 429 -880 45 19 576 236 341 745 -654 180 998 197 535 -155 -538 -124 -712 -494 -131 -825 346 651 -480 -562 -562 -827 -451 753 -38 -903 -381 -278 -920 260 -243 819 -926 592 -868 764 578 116 -195 -584 464 588 472 417 -91 -330 -52 -35 -284 63 358 933 -389 -446 -889 704 -627 -962 -797 -918 585 -548 -228 -2 182 -201 -228 -278 180 67 -604 -772 289 830 516 737 -388 -720 919 
600 560 221 402 504 406 -253 -156 795 -7 -522 971 -207 192 442 859 -667 -25 -4 378 670 822 -70 396 923 -579 -472 -177 -273 -664 429 -529 796 -31 569 -781 132 94 -712 -342 567 604 -646 -39 378 732 754 -573 -815 41 -201 221 58 438 -107 -806 465 18 241 591 19 -69 -180 -694 364 111 327 488 475 226 588 694 -1000 -245 642 -696 349 643 -715 963 660 984 -988 -640 -97 -779 890 -932 -96 -334 288 221 -53 873 -674 428 600 -634 255 926 
340 -594 -917 399 473 584 -950 32 -542 -567 279 -333 569 -944 133 -898 647 -735 765 576 531 885 263 -188 842 -982 -95 -550 -713 -123 -463 -334 -935 49 -927 934 -349 -186 78 -635 -738 742 -434 -497 375 836 799 393 684 57 -100 -919 9 484 -775 357 416 -288 -105 -589 -898 -913 -317 -920 -130 737 -782 709 -790 -616 361 923 -149 -333 920 -372 -971 935 320 928 792 -947 -980 719 612 38 -560 -319 -896 14 36 -335 535 -927 82 491 857 483 531 -713 
-512 -71 625 -531 -619 549 -635 -810 -166 13 395 297 -706 -248 -975 989 -667 -397 -423 -853 -843 98 -833 -467 -116 -924 936 -565 235 -308 980 281 324 530 -57 -541 475 508 -244 -160 -787 748 -669 485 523 946 -482 610 -240 -312 641 160 896 -380 -877 -90 370 -821 980 235 756 965 -301 -622 -778 -184 -85 731 -753 875 992 -816 -217 -746 196 -829 498 -148 -282 -777 -682 -423 183 -667 187 418 845 979 -684 -315 674 -811 368 -36 -325 -799 -778 -720 589 120 
-179 -665 441 75 -391 -605 457 524 -801 -806 -175 311 -801 -984 111 1 124 845 46 -848 545 195 693 1 -813 150 175 543 387 154 365 -978 -160 -157 -507 -673 65 164 -936 -371 29 -79 622 342 -461 -38 205 -664 -280 854 -748 -981 -328 -773 -387 -618 -877 196 895 261 -242 822 988 -162 -955 404 -795 717 -324 -720 817 2 965 -185 -515 780 495 218 -64 322 979 918 756 866 -435 -277 -723 253 9 -855 603 480 -93 -859 904 -996 356 662 -961 -581 
112 -316 962 -180 -210 578 -637 -97 757 210 -120 611 634 -243 -960 -711 -931 289 293 312 -260 -124 -810 -221 -731 830 -172 -899 949 -94 -819 -414 97 597 798 811 -71 -1 -206 -870 -702 -143 -674 -872 482 552 -461 274 373 520 -739 -409 -17 -139 -584 -224 42 286 -467 846 961 785 -29 -879 265 503 -400 -699 551 530 -517 386 -26 898 335 910 995 309 -842 262 377 -433 -918 -44 -111 -65 -761 634 -577 -498 -34 -588 955 -598 898 995 192 -1 352 204 
-296 -962 -799 988 -847 22 -91 -425 642 -554 -802 396 -957 897 895 -76 -454 -925 575 739 323 -735 -184 769 910 -294 58 -250 -67 923 381 7 697 -233 -420 -932 617 852 975 413 46 -230 -660 827 -537 -914 3 443 -90 -203 -444 37 -375 593 -769 154 -41 792 273 764 -960 -96 -75 -617 -930 841 856 -364 225 -63 -399 -664 567 199 43 230 388 308 953 -126 531 342 -961 -855 -914 -410 11 712 69 -582 325 228 -243 -267 960 -210 569 -373 488 659 
921 138 169 951 -228 689 -761 581 75 867 -360 -834 866 736 971 21 780 -149 288 133 505 -537 -344 67 785 992 240 733 118 -917 -94 481 -231 412 950 50 -143 172 787 -913 328 -845 276 -416 354 -500 -224 913 -909 348 603 129 -26 342 89 200 -861 955 -135 -971 -613 -636 0 803 -908 -412 -94 354 -977 750 -12 422 -741 -186 -122 -701 890 -125 -209 -278 173 -343 -484 909 147 878 -966 -659 164 -191 37 -301 158 -813 728 127 -157 -516 -693 -729 
-263 -195 -82 648 -114 908 -264 829 978 765 587 360 -455 -447 489 -686 614 837 -166 656 -56 964 -805 -996 202 -885 808 782 382 -521 -65 -390 -149 300 -478 -408 0 -449 130 -868 533 -979 366 314 887 -3 -980 -789 213 615 324 -875 -124 202 -74 694 709 702 623 -494 -799 -227 -507 -888 124 940 128 998 -784 65 -408 776 -72 469 -270 -26 -569 -144 -490 -617 166 710 -311 664 904 -310 -592 268 -553 -251 89 522 676 -642 -647 694 16 350 520 660 
71 -676 -842 -896 -258 356 -539 -166 940 -787 429 69 354 -511 -219 292 -259 -455 260 -128 310 550 -617 -739 281 761 374 184 434 663 -78 843 -667 -25 -923 -467 392 -161 657 -820 967 -898 -328 -225 794 -330 47 8 800 -199 368 933 -256 -925 -568 614 300 -918 626 -161 6 192 -706 915 949 48 -586 -395 -696 111 -728 -220 3 903 -754 -106 258 72 774 115 -227 -269 -711 -69 -592 401 -152 -754 484 -169 -370 -278 35 396 188 -972 515 -143 -788 157 
-924 -451 -42 16 672 503 669 925 -532 -679 630 -403 604 -53 -161 739 537 903 304 241 983 809 -258 -558 -603 -912 -625 906 -826 -242 -724 134 -478 -786 -647 -926 816 -506 -689 602 624 959 -679 -14 855 552 723 552 -434 -191 -54 -433 232 -647 548 350 -637 -573 -417 -833 -232 576 -783 916 37 515 -306 216 -516 490 940 -570 -203 741 -636 -533 -263 -575 -172 69 890 24 735 -256 -946 793 -197 334 67 804 -567 541 874 860 320 929 -353 -766 -848 -557 
412 304 -322 621 -24 -3 -283 -283 -458 -248 677 198 -412 -445 865 82 -279 -722 -17 701 -904 460 -382 -528 620 948 -272 -774 -982 313 922 -263 333 7 -926 -438 24 773 -888 -31 995 -541 880 497 855 -268 -452 752 823 -596 244 917 606 166 -345 -751 -57 401 -652 550 -489 -944 599 -895 -108 -964 -279 -801 -762 -39 989 477 -180 -80 40 -688 -681 761 596 403 313 -994 -809 -597 -741 915 -956 -216 -633 -796 630 -637 919 -560 -787 -25 188 -295 850 773 
343 413 588 -144 282 893 818 627 97 -600 375 842 375 -97 92 961 805 58 -442 253 -413 -513 -467 546 826 764 -299 -596 -834 -624 21 -5 -658 735 693 -537 226 -316 -713 -780 853 -785 -390 -602 675 -907 448 843 37 -253 -846 -758 185 -975 -381 -397 837 -627 -102 -563 -916 165 547 250 -300 -800 -882 -841 -749 4 796 390 -994 -85 984 -810 -958 491 968 -472 450 -646 -128 -752 -272 -456 -300 953 277 -469 246 -278 -261 432 909 -592 780 -368 -144 -937 
-770 -285 587 -874 -10 -789 507 -90 -362 -520 956 837 -42 18 616 403 -722 -432 -234 -611 -97 614 560 515 344 876 431 -337 -90 595 -238 803 -58 -229 -20 -856 342 724 -746 41 298 281 172 764 -456 885 41 -970 93 831 -445 -232 -203 471 -55 112 715 356 -170 -574 806 421 489 292 443 -768 -532 -584 275 -999 345 298 241 351 56 664 -51 -778 -583 870 814 -963 -184 404 699 43 -673 498 975 196 -984 -19 271 -20 365 687 -747 -238 783 248 
-283 18 468 -754 807 714 -4 -774 839 747 284 617 -741 818 -800 708 -855 99 -916 651 331 928 -928 -986 142 164 833 469 -170 -603 656 326 -448 -188 -262 -308 -998 795 -820 -861 -956 18 -738 -619 -883 -152 896 -836 -481 619 -361 251 95 -642 -932 -633 858 -538 282 811 249 207 -689 -102 -32 -623 234 -638 382 845 374 -406 -825 -755 -992 397 -697 -629 946 252 201 655 -157 -285 243 411 -474 -445 -464 -286 -41 406 234 -60 -614 765 703 -980 -847 -123 
-308 -664 -264 -201 -368 -308 -321 495 -177 -198 -794 -262 90 634 180 752 653 13 836 -754 -581 519 -651 -271 -522 -508 23 -407 -832 894 578 -315 -657 840 329 988 -175 -531 758 -591 -598 769 230 -268 322 707 893 -47 477 48 -520 47 -344 200 723 -207 -477 630 224 -822 -430 279 -570 -539 707 75 554 983 560 124 -244 979 -469 -585 629 419 456 -480 -10 -999 -918 -113 650 -201 -2 -590 -341 653 -778 730 657 107 -643 -12 -266 816 -663 93 160 -138 
-755 -410 -565 -864 -774 804 898 -623 -547 571 78 -877 883 971 -829 -28 915 880 -686 -177 363 433 -687 485 815 -609 -90 -937 420 267 906 579 533 940 -314 386 -323 -181 185 -439 -268 -956 -936 887 35 823 -587 -457 432 -504 -507 -429 253 139 639 531 -362 -242 -867 -588 -245 -128 322 -726 818 406 150 349 944 58 -313 391 466 -556 -303 -381 -714 -260 984 41 -63 -164 -912 499 -880 -636 457 27 -630 64 -966 -374 -101 -292 -392 -38 445 -344 358 532 
325 -109 -502 708 944 -340 -247 257 991 -436 995 -851 124 243 751 502 50 -375 426 604 884 314 -593 15 -924 743 281 314 82 359 423 -107 -890 261 156 449 -64 416 74 -578 197 150 42 -624 393 -596 377 129 -794 -99 507 948 680 -276 -28 -842 280 889 -935 244 -433 -474 -853 -810 833 556 22 553 -883 705 765 -271 -907 943 -443 971 842 567 988 -414 -417 -4 -574 -494 420 943 149 -95 -57 -831 160 -619 -961 -808 671 -961 -934 171 -140 488 
-368 -392 127 635 -332 -229 768 -831 389 778 -172 -442 826 902 785 473 -683 111 -829 727 521 -659 -449 261 663 -831 28 475 605 671 -704 -744 650 -532 814 75 430 -568 -836 -793 -232 521 295 627 77 -724 -212 -945 -973 531 500 -884 -240 235 -633 172 921 -419 -242 504 -648 -672 475 481 -342 564 -65 51 936 217 370 369 -464 375 -899 455 -339 594 -517 -490 72 468 867 -409 803 -944 574 548 757 111 473 -665 35 -215 -797 766 -619 455 711 474 
