-556 -890 742 663 -587 -273 838 959 -23 -821 224 -207 532 -292 37 -27 -407 982 -625 617 -839 299 477 639 -117 -515 -684 529 760 -779 -452 -592 -172 -762 -408 756 258 47 160 -16 200 464 -469 -971 -431 -814 -493 653 -345 667 -712 785 -669 916 928 123 921 -819 -623 992 -952 -45 -591 370 400 687 559 232 -955 126 155 -264 -997 382 31 633 280 852 972 -989 -482 441 605 334 741 -601 846 394 -996 151 -61 160 963 -871 -202 -646 628 -317 93 218 
542 -609 -30 -757 -942 870 -827 -378 -777 -51 -498 -876 930 -450 264 -548 634 887 132 -246 271 -232 624 -396 854 -610 826 473 650 855 -812 369 -278 -152 -929 133 93 -570 593 -686 -898 672 -623 690 -269 288 -512 -732 590 -647 -296 -362 278 913 -13 -547 167 782 879 866 888 -830 -777 623 687 989 -308 -295 -799 -32 -233 485 21 -255 923 -930 -257 -695 -976 -357 720 -765 -778 -281 -43 395 700 585 29 -108 -107 942 601 21 -960 -28 145 -894 -177 -508 
971 512 603 255 -893 496 -619 976 -95 180 406 13 -336 -566 -280 148 843 564 908 661 -185 -518 798 710 -340 -715 -835 520 53 868 322 432 786 -744 931 -756 540 211 518 968 420 809 403 -478 535 194 949 -332 -253 -109 -834 290 -521 -317 -557 689 -273 257 621 -600 -880 -238 -101 47 627 351 -472 -438 -874 507 -516 403 -830 -808 616 -796 -660 -312 -610 640 630 850 621 517 179 759 830 709 -881 -659 930 170 142 -299 -395 478 652 -943 319 -654 
973 -733 -785 961 162 865 -54 413 305 873 -517 475 -938 -231 89 780 -271 152 785 659 -81 -810 -163 -751 266 447 54 -585 923 -275 578 890 -7 485 -578 -145 208 -668 497 57 512 -782 988 407 -563 569 -149 718 -152 405 -363 802 -269 530 -44 519 84 -847 -470 -802 -732 -444 -396 -695 -727 -781 -365 -42 359 -353 203 395 995 -148 122 693 98 -64 285 723 454 -878 232 -709 177 297 210 -226 -291 -75 555 -786 209 -645 -382 150 -509 102 -858 -62 
-305 688 -975 -403 -669 266 -880 -187 -444 -48 -303 740 183 -245 550 -33 250 -720 -681 -850 788 376 461 640 -4 234 287 793 19 261 -664 601 283 -276 977 -945 541 859 -637 125 -761 702 861 -142 821 422 499 731 521 -146 -715 956 624 307 -616 -559 -691 -957 -186 322 -1000 -576 691 -462 -678 590 479 -881 166 -320 541 136 200 310 923 -8 -241 142 -6 960 -323 520 486 994 -399 829 598 860 -829 -793 -529 -961 -124 -509 -748 -939 -594 -655 683 656 
-255 865 -563 766 693 -969 151 -414 268 557 778 -27 428 560 -470 994 -981 -826 99 -686 415 -82 612 936 -619 -991 269 -614 878 -152 -484 788 -415 552 -149 -535 142 -624 981 922 176 256 776 506 313 923 -54 -341 -389 -93 -300 -272 555 -888 -645 -939 -724 -171 -574 -862 338 -671 -257 -688 -587 -310 -339 276 -837 -190 -127 -644 623 -815 -108 -399 -105 161 -945 647 -442 -383 -850 415 -905 29 728 -78 429 -916 661 -220 -735 -940 -270 339 827 399 -133 -858 
852 -458 923 901 -987 -519 -134 139 166 -577 -302 -585 -248 -804 -289 51 -538 198 -948 581 463 -576 998 309 -924 507 719 617 89 -652 -961 48 -863 -985 51 58 -791 -304 -408 -531 -451 -435 942 706 -61 52 -430 30 877 -836 934 -824 439 596 -727 458 780 952 -118 -885 573 241 443 794 306 54 534 -403 624 -187 -77 -809 -31 892 -806 13 -258 826 773 -28 -560 776 498 522 614 989 -607 26 529 64 315 791 951 -858 -224 -311 514 -687 688 407 
-242 730 -553 58 -264 53 306 -357 -485 -27 717 -528 -410 664 528 877 -358 666 9 207 749 610 -29 276 249 971 -315 495 -63 891 -878 -136 40 -659 -102 628 -402 -248 -655 32 -319 267 -411 -592 -275 695 618 146 792 -681 830 160 -157 350 797 571 174 310 994 61 -752 -984 514 -405 177 813 29 -697 517 -117 667 617 663 -985 -312 -616 -239 472 191 -342 -915 -851 630 -418 172 -602 -113 -851 276 -943 911 -643 609 -202 312 704 -585 -21 944 136 
-226 145 811 305 2 -580 345 920 775 503 -884 -291 -411 -959 -645 130 -907 -560 -317 714 831 682 -495 526 -774 -622 884 84 -13 -312 -56 869 376 641 634 -698 -546 -519 -596 -249 -151 789 696 681 855 -323 -620 644 379 -638 -108 -592 757 361 -409 -258 -460 278 -957 -790 743 -61 -668 -277 -443 108 -508 -47 845 493 -837 -712 -327 122 361 951 -669 -851 155 -865 -151 -136 -974 776 213 -155 -306 463 -577 -469 951 -370 678 -747 -103 948 -358 160 -972 952 
456 -913 -468 542 23 750 252 -74 506 773 -684 -645 -818 -735 548 -779 -898 316 -187 314 -928 326 -585 948 -622 -597 680 -928 486 -729 -511 -153 172 862 -11 727 -818 -961 -285 504 502 628 -743 -953 -520 -490 -287 563 -992 -5 547 793 -210 497 277 369 52 611 559 170 318 345 -203 -767 -753 -971 -152 -386 -990 -257 -844 284 660 15 34 -248 578 -140 478 24 56 258 455 -266 888 904 897 -719 -491 487 817 -24 -58 913 -584 915 -180 36 168 536 
778 362 807 -497 120 -890 615 907 58 -170 -810 57 -129 363 399 532 509 120 356 913 -996 -980 365 -333 961 -364 -574 -246 427 833 -605 -679 533 951 872 -350 -584 8 659 856 -402 -936 762 -833 -937 -590 511 962 -570 -119 -266 -983 -685 308 615 -255 -598 -482 -291 -795 -269 434 -465 -230 -552 -224 495 659 155 -452 548 706 -686 989 90 871 -841 472 -804 -319 -136 229 185 440 434 974 137 710 -846 975 -246 911 476 808 902 -87 811 -685 -17 281 
871 315 -497 -77 234 -783 526 -818 -997 98 -836 915 -358 -138 -568 -726 -651 -341 104 -622 279 -238 -30 -813 399 188 -364 916 -268 551 -734 -59 -566 -678 -26 303 653 -141 -53 -825 767 -476 874 297 543 -666 558 485 -971 963 386 -478 -932 -98 510 19 -150 -117 -833 937 861 778 -630 625 921 477 568 -729 846 -535 252 -991 -297 -788 398 795 -79 168 470 -757 908 302 -887 -376 -669 655 -139 -639 -946 -396 -281 888 -154 119 -651 536 -916 -319 270 -22 
-526 -765 400 -323 -166 -95 797 -540 -404 859 82 677 -430 -211 898 -859 -445 887 353 806 -291 681 367 -316 240 718 546 -730 253 -929 -88 926 -99 -787 -688 287 -765 -989 -691 -29 859 849 341 -225 810 -974 230 865 -575 690 -975 -179 67 491 946 -326 588 114 -863 -622 -272 546 -734 429 -459 -50 355 -580 -349 -601 19 -994 -422 -945 -181 -447 -244 -596 167 351 -843 -135 988 -489 -729 -852 -893 -433 820 68 -270 -875 -992 -988 -499 226 617 885 486 -806 
290 890 652 -548 -54 -475 838 431 -461 982 -7 -207 659 84 88 307 -521 -674 -333 -377 721 -499 58 65 -309 -762 248 -200 -704 -395 483 -930 -272 -168 33 830 -307 719 715 -906 -647 -240 739 -981 324 60 -637 -404 -687 -726 -481 -237 -113 381 889 79 569 -583 -424 530 -49 488 -915 637 552 -197 430 924 285 387 206 -347 -851 -261 48 925 202 -573 239 -828 796 -230 -340 171 -512 685 -124 -175 235 367 704 -382 487 809 35 589 -221 981 493 -323 
-259 -941 -151 -948 -964 866 16 527 -590 -680 933 953 -815 221 -917 551 34 -687 967 131 -452 734 -734 -767 -819 532 -994 -186 232 -933 -294 68 640 713 -557 205 96 -520 -892 -26 -354 -459 815 -85 207 953 -73 193 863 770 -301 -826 -856 525 -90 -75 178 850 599 738 -263 -831 39 -739 778 979 266 1 -453 -639 864 -659 140 -565 676 -905 613 233 344 -596 -402 -457 306 -520 -770 -349 340 946 50 -418 -354 570 -115 -514 -430 821 -60 -763 -148 -578 
-16 -611 -947 356 -783 -143 708 521 -649 343 -379 88 391 490 -230 -164 -192 -458 -925 93 -131 -739 142 -824 -117 -773 -237 613 -654 -128 -226 553 -899 -178 -434 563 -984 -435 -674 -89 -870 -633 857 251 56 286 -542 -952 231 268 -475 733 298 898 30 -975 -208 660 810 -41 370 503 894 -491 -454 -725 -233 -100 340 714 246 -314 -457 -259 -810 688 657 978 -322 820 -998 689 385 138 -339 268 464 -708 -760 408 -486 -269 826 -305 225 -526 -189 54 714 -865 
346 11 -642 556 -459 -565 761 -726 874 -117 405 -212 64 426 822 -846 321 545 879 346 411 -109 -566 -238 753 471 70 -147 -317 -840 -535 -877 -458 -882 87 -815 -908 -466 -271 143 -490 -618 -806 855 5 -40 -289 491 757 672 53 967 -709 -512 -846 329 137 -919 559 -990 -180 887 70 -423 613 -901 303 -919 215 255 788 908 -671 35 -655 -575 890 530 615 -653 954 -449 52 831 -150 922 908 -541 242 409 -167 -680 -131 -834 -42 -574 -880 355 -687 862 
270 -180 380 521 768 815 149 322 -706 486 377 -478 -678 760 64 888 -597 358 -448 -12 742 572 109 525 496 -757 -696 -80 -108 -823 -215 187 954 724 483 478 646 -776 361 766 -866 399 567 437 451 48 398 636 -145 -409 -455 221 -11 389 -188 -178 -788 141 545 761 324 -807 -699 381 226 987 900 313 65 -941 -911 357 935 926 298 -980 -39 -575 907 538 -108 185 -572 221 -993 118 590 -844 -704 -120 594 -843 -838 889 267 -680 -954 968 442 180 
-972 -355 794 -190 176 -754 586 898 848 -94 157 108 101 -335 857 -164 383 138 585 508 13 -900 989 443 125 310 -718 -832 -919 62 684 -992 -816 555 174 -150 -2 404 629 -228 -261 558 -669 741 -643 -853 -765 791 39 -445 -858 73 -159 -875 -539 -318 -716 40 462 181 597 -310 482 417 -211 341 -52 387 438 -723 286 402 69 -112 -521 155 -497 -290 101 174 577 -994 -246 -874 126 -837 979 1 -288 97 587 398 172 -90 -224 105 20 -431 -865 893 
172 672 665 -215 -863 867 294 -990 -899 -15 -774 -244 253 602 69 -185 -621 -422 -312 866 -773 -985 382 -601 361 669 925 941 377 160 836 979 606 641 165 -244 83 475 -803 -778 -655 -119 207 -987 -242 695 -764 337 619 -884 -258 315 -858 -678 -790 -433 -882 -501 -566 497 107 560 7 -888 -600 987 -747 283 -53 -675 242 567 -22 689 16 621 840 175 677 204 495 -114 -208 -18 141 -561 453 79 -125 -627 -906 566 332 -403 740 -809 -379 -716 581 872 
433 612 288 -716 -936 476 -971 -635 17 -278 69 152 -778 -158 944 -155 -525 306 523 98 -169 905 -97 508 640 -507 947 864 -916 4 483 384 301 290 77 568 -232 -797 -3 -177 -455 742 866 -592 -733 -296 -695 873 417 195 -69 926 270 -339 225 957 437 267 -715 812 406 372 -340 -338 384 -683 -299 227 651 490 693 634 270 351 -466 -263 -184 136 -275 921 -636 -397 -867 -484 244 -293 -98 -581 -866 -894 260 -135 197 -926 48 -807 -780 432 -67 588 
11 -489 -762 -400 -498 -955 995 -747 949 -659 789 -837 -19 -179 464 -705 -788 -295 -146 823 395 173 -383 521 686 -786 590 -172 -436 -604 -912 421 253 -380 -532 121 500 659 122 672 734 -655 -851 167 -113 766 715 -466 646 927 668 -682 -844 489 -43 133 192 -612 79 -651 -978 235 540 -869 485 76 -12 -278 -702 -931 -657 419 -980 -877 100 -26 405 51 342 425 55 -230 -160 30 409 513 102 696 176 545 -811 546 956 693 -960 -12 318 -157 426 733 
-194 167 423 -913 921 685 471 796 590 981 -567 -492 215 607 -567 207 280 -642 698 257 -230 -789 -567 165 807 642 -463 664 -404 -580 971 360 894 210 687 -285 -753 -865 567 -14 -168 -712 -154 112 -438 871 -424 -43 -596 -872 -344 -341 -888 664 -203 649 16 942 990 -175 -616 316 385 -539 -472 951 -376 -241 865 -61 111 744 685 -445 933 142 104 496 702 136 853 -692 -155 -879 -778 850 -36 -169 -407 -402 727 -21 892 274 -908 95 -71 -984 -570 -850 
-39 -884 -842 913 -352 169 -780 -863 -179 -477 -891 140 354 -51 836 920 770 7 -1 332 -789 -954 629 -811 76 -424 -620 -45 284 -455 593 -744 -374 635 454 -145 -333 -821 544 172 157 -181 698 975 -480 -790 529 704 -422 131 -49 -222 756 558 368 799 657 -66 220 997 226 -528 869 -80 -556 -629 656 687 243 -884 732 939 962 -669 -436 -354 805 955 -605 -38 -212 -45 939 933 -659 -946 -387 -399 818 -581 -236 -66 50 739 -476 489 3 -859 37 -410 
934 -785 -126 -74 976 -672 -157 -833 -777 -743 244 999 157 -385 609 148 156 780 647 -410 110 -155 685 971 20 -570 49 -887 37 -286 581 -85 -70 -554 -615 389 353 -569 800 196 -725 -255 -501 542 -201 -752 -707 -866 530 17 510 -626 -61 486 859 -596 805 914 637 -382 323 849 917 785 530 -366 718 -172 -26 -57 878 -449 580 -905 9 482 743 55 -718 -710 -190 811 129 -265 643 -550 655 -813 -260 706 111 537 -118 -933 -477 901 -723 -111 70 -156 
386 815 426 96 608 -397 473 473 -101 380 -702 -258 78 128 -193 483 -971 -139 827 -275 224 -268 676 -344 7 -138 -773 189 -442 383 329 118 847 -423 246 505 824 934 775 863 -471 449 -638 398 336 -439 528 850 110 779 597 -116 940 -350 -660 420 -43 -504 -793 -532 -338 -166 -830 478 516 -151 166 603 418 510 38 289 -959 609 -584 -537 -85 109 -657 -512 652 899 -975 134 -346 -595 9 -40 -100 853 -519 393 904 -469 276 -902 -750 333 918 -404 
-907 -102 371 -155 974 -692 367 -819 38 -249 -647 -958 138 -563 474 -41 -803 -164 598 -963 227 -722 -865 629 596 389 214 -320 637 -294 -600 918 -361 -76 826 417 875 -141 944 -405 -955 -385 -144 -284 922 843 318 331 -62 52 -713 -486 11 -509 552 792 165 -920 -201 742 1000 -365 -741 60 738 -51 -646 403 -468 -915 764 939 -408 151 -580 673 -532 703 925 835 887 382 469 -87 106 985 971 -567 308 -182 -34 -809 733 26 215 -543 28 419 315 -553 
-483 -847 -833 648 428 832 42 -828 -92 -299 725 784 681 320 -419 862 -105 814 383 577 113 838 477 -66 -872 490 472 -482 -481 943 -744 395 -303 533 302 448 99 -376 -965 186 -261 -336 -681 -224 265 598 -510 708 -512 -954 278 34 -258 -838 399 49 -144 797 -154 920 -250 846 54 975 951 162 -248 -583 -894 -393 -665 -273 -225 719 729 33 -213 412 651 569 -463 -457 451 443 -652 -316 698 -753 294 -385 26 -313 986 -148 311 -54 966 307 257 945 
886 -532 381 -834 89 707 -256 569 -203 487 -136 914 -689 961 69 215 996 434 337 127 -926 625 -489 257 707 -39 158 -54 -785 278 27 -617 -566 -238 881 -731 353 -497 20 426 457 908 20 702 -259 -777 325 897 -438 -995 305 365 601 508 600 802 -539 -411 -59 -491 843 -773 -715 363 -635 207 -701 847 -956 -594 -396 -130 -114 225 936 -558 -467 -855 785 -79 -10 518 -528 192 -267 19 437 -525 -270 935 -144 785 -160 603 279 79 809 -213 -992 359 
112 159 743 893 -733 851 -931 -130 917 -844 590 377 511 -228 -854 854 138 -901 151 488 -568 302 692 -517 223 984 469 -727 907 -528 210 405 534 -554 -537 748 -630 -484 -740 603 69 625 -716 -118 -538 768 159 624 514 834 906 -663 751 728 541 209 309 -854 354 975 176 -45 -998 673 571 961 -267 -456 592 444 977 -514 -331 -882 864 611 543 -926 -452 -77 -377 -893 705 -257 -714 379 605 716 -542 -748 -456 940 400 965 786 -482 509 -703 802 -616 
802 898 63 627 200 692 -395 -522 -122 -481 -714 -607 234 -940 969 -953 -697 919 363 855 203 239 312 -753 664 -832 485 -573 -446 923 -99 27 158 920 -507 129 53 -244 -89 -561 472 -812 -883 -494 -573 -540 -896 -445 -699 531 320 -863 -471 533 -161 335 919 259 -287 -704 -341 -923 321 -450 -537 475 919 -232 152 513 732 522 327 58 -943 -847 803 489 -960 931 415 -955 83 86 239 -846 431 -572 -252 -751 -826 -999 305 777 733 -321 345 494 -148 -617 
51 -696 225 853 36 -73 -971 -81 -660 87 -851 674 -422 -67 -362 637 -524 409 804 965 493 86 -980 -185 -608 -518 898 732 95 829 30 -50 47 149 942 -821 869 192 355 281 84 -909 561 494 -476 -902 436 955 -124 775 -810 840 -434 414 497 -738 -285 320 450 -82 118 -962 978 684 -198 -491 374 164 -206 259 -824 -39 696 532 -980 180 508 616 535 725 -337 560 -541 104 266 -917 -178 -293 678 -158 473 905 49 -680 -336 666 751 166 -115 285 
225 242 -230 471 515 847 552 -309 225 677 -116 219 684 186 598 -376 -538 503 828 -765 675 -45 664 300 293 -483 516 -893 502 -268 -746 84 -259 -393 635 590 658 -630 42 690 -425 795 779 -632 -764 830 -881 679 522 -756 354 768 305 -401 745 411 -125 -107 212 -128 680 -831 424 614 973 83 590 -978 -503 578 -615 638 918 784 698 -221 880 -919 -525 -575 408 546 -811 -928 896 1000 48 84 -198 -620 561 -702 849 -77 361 228 -730 108 -936 -7 
927 -117 392 321 -28 -686 -417 468 -187 -269 -412 308 466 716 -377 -306 -611 -100 -564 -451 -154 927 851 -284 294 -709 -364 355 -243 -458 727 -739 -176 446 -412 168 374 661 -223 924 540 -909 -536 823 153 -989 662 -6 665 -175 -856 244 -998 -191 -926 340 642 -825 155 151 -423 -238 211 -67 -297 -2 974 18 -206 -713 93 -302 562 422 -517 743 151 666 -285 454 -37 681 312 433 145 100 -171 492 -396 137 -303 -261 -290 249 -559 329 349 -838 -147 769 
-296 -365 -172 818 -142 735 -425 -880 -217 19 222 295 784 247 -421 534 -616 -557 -684 -325 -936 -161 799 671 380 -506 -844 -648 448 725 -293 740 137 686 -313 -507 -58 -703 794 -497 653 164 -240 641 -217 -31 -701 576 136 91 -772 -583 761 -30 732 -459 647 -617 -944 532 -401 -77 -546 13 -178 764 900 -84 555 93 57 -846 987 51 -878 631 -94 863 -298 -179 641 -770 -28 -260 -118 -421 -702 -857 588 -291 928 917 572 715 952 -441 -632 803 255 364 
-118 -995 -927 902 559 -363 -651 551 851 216 -551 692 -478 757 941 946 -392 -735 696 -382 481 -317 732 -654 -857 -997 -55 -854 -228 756 315 -371 817 135 212 -37 670 213 767 666 -45 -439 -164 -675 -49 -298 -386 -913 -629 -31 497 -301 893 880 27 -532 -328 -600 -773 484 282 478 -647 -526 577 532 -125 -215 -332 -253 293 442 750 -504 639 141 899 325 355 26 766 179 -198 -442 458 -54 739 -984 -908 -548 482 523 597 37 -302 -812 -357 554 966 663 
274 179 -387 802 -626 -208 438 480 -811 -386 -759 -350 239 -74 44 190 -911 520 51 -445 868 951 273 -576 608 -255 809 -593 -48 713 455 776 164 -376 764 237 213 209 620 685 410 -549 -546 770 -119 381 711 291 -111 71 -253 -158 884 525 48 123 650 937 -327 769 -552 -210 -208 227 -714 -335 463 557 309 -249 372 -571 -760 -941 996 -75 597 114 969 676 -734 -821 -473 719 704 934 135 -29 -691 -234 712 -968 353 -494 570 -454 -563 -589 -576 -944 
933 -52 -862 -839 -34 -622 -298 -657 705 -695 -581 396 -451 -403 -717 106 -714 -146 -536 -403 -976 974 -586 -496 -788 204 -414 -345 -109 -45 705 -764 630 -596 701 414 -238 -15 -126 -284 -768 252 716 220 858 -533 -537 101 -619 754 -885 -915 -568 -850 922 -90 784 876 -647 636 -215 577 -640 -27 -603 892 -20 530 -902 -817 625 -278 -500 -435 731 157 -543 -597 411 -325 18 629 -111 822 290 986 52 369 983 343 83 488 -59 133 35 -880 -709 343 737 -419 
-810 361 -917 -87 -163 -219 -122 586 967 -941 -496 329 -761 -763 579 -505 -458 -751 120 -18 -154 838 -820 -709 -753 550 -550 -246 -466 950 488 -878 -588 988 -564 868 -619 595 247 -142 -349 -777 -369 -771 -634 -547 -866 -657 -903 62 928 426 -877 -24 -504 -150 636 284 -786 569 -90 793 -414 579 -221 -431 -82 603 -179 887 -844 -750 -135 -431 598 -699 -6 999 720 -855 -888 -923 -644 -886 -917 -921 -782 714 -347 960 276 912 -926 855 979 371 -136 230 -499 968 
-288 -159 -884 -621 -610 -570 112 392 -869 -497 20 557 -90 -883 431 512 755 -470 844 462 447 -167 -180 -986 172 441 -202 -639 -856 49 313 741 -184 674 -905 -494 -806 279 166 -420 791 -908 764 -206 839 -729 337 -651 609 350 -51 85 615 -408 977 -709 -3 -181 -758 -139 300 -803 752 -561 274 12 442 -685 303 879 -960 -459 -809 -867 786 319 996 956 655 849 339 41 -303 405 -578 -913 957 -897 578 -123 -366 -302 757 -41 -19 97 52 300 -193 -541 
568 509 -82 670 236 114 271 -1 144 -167 -982 -428 -84 -731 -822 619 920 -723 160 -621 -281 484 435 -940 867 962 245 -691 -484 530 -46 536 -532 570 -940 -174 -685 408 -518 408 99 504 -696 -915 -532 -694 -768 -476 -919 902 856 -698 -884 971 455 -829 631 613 634 -821 -781 537 -648 -299 -964 -95 721 -859 769 832 883 -206 872 52 411 -309 -558 602 889 -551 -439 532 737 318 417 -643 325 -580 645 -614 -88 8 573 -694 678 155 -183 490 241 93 
-496 320 572 -447 -291 -231 20 912 -263 -547 976 570 -978 -406 -469 929 514 496 358 798 346 981 -247 -779 -294 215 -836 989 173 171 -653 536 -505 -412 -754 872 -670 104 -50 -867 -772 342 498 322 -175 -244 691 -505 567 486 791 171 431 -220 352 179 171 215 -996 -140 -675 -988 -102 -297 -892 138 527 270 -799 854 -366 285 -742 230 499 -523 -715 949 697 -299 -690 -373 -3 -640 -499 746 544 259 -152 110 -278 104 597 -555 891 234 -595 832 -544 -898 
-836 391 107 866 898 531 -64 68 -379 -595 -477 -788 -832 994 672 -833 140 -149 664 210 -377 -488 779 956 -819 -872 -522 -122 451 490 -459 996 -928 -817 930 500 906 -28 578 967 -296 -37 -472 379 260 723 -202 347 -816 -508 -642 -468 418 -972 -430 652 192 -530 -152 -187 -19 796 252 -734 -274 759 270 -866 600 -141 -292 -205 -917 350 -36 476 -891 464 -54 -535 519 -77 -507 -745 -108 86 -310 -462 -789 -94 -734 275 845 -977 -123 -197 -927 -378 77 -492 
30 -541 -25 -391 -785 267 992 -436 414 -752 -641 367 272 194 -466 308 -212 -58 -460 -92 -645 -267 -11 572 -67 771 887 -960 392 832 522 384 -603 709 -230 906 692 705 -290 422 201 915 -336 -210 143 -391 -468 -659 545 422 -919 809 -700 714 315 846 -37 293 -575 465 -581 -799 193 -623 425 -482 859 881 -211 481 -145 308 -902 -44 450 -441 944 464 383 600 -817 295 -750 -677 809 957 691 343 -936 497 -427 -664 -939 -146 -185 217 -1000 -824 293 490 
-239 -829 -380 12 86 962 308 532 -697 -245 381 567 758 49 -50 638 -393 -365 -584 -43 -694 -45 -532 322 -681 878 409 690 897 -929 411 95 582 227 790 823 -934 398 509 686 -786 306 930 -369 -256 590 -273 -634 29 124 -423 -415 584 -90 675 -325 -105 768 552 201 107 -543 745 -771 -483 102 551 374 -829 147 -103 -215 -198 -480 -102 -545 -733 997 -790 -444 257 46 724 -86 724 -181 -748 -415 -817 669 -668 -304 3 -487 130 -866 -693 418 264 490 
-332 44 574 -486 56 368 48 -747 -119 -749 -331 575 -295 -715 -473 791 191 889 -623 316 -901 -334 656 318 67 645 645 721 192 -886 534 210 322 947 231 423 368 736 -169 630 -501 -264 -458 -947 -479 -866 486 -950 943 -11 -829 -306 403 437 -506 -224 -991 28 310 -142 -828 -613 -377 9 -545 -388 -440 -500 -543 0 817 402 283 -808 -85 -294 -534 -492 278 477 -790 -34 355 -842 182 907 -995 -879 361 474 -99 -372 -662 -197 -838 157 142 -325 622 -478 
-341 315 262 -128 -407 -362 951 -83 553 -483 502 60 -400 507 -171 973 390 -245 808 975 -979 -384 268 -922 582 -585 -810 -141 806 105 88 -490 -161 -942 524 466 -208 717 588 -463 698 420 938 -603 -296 -655 -810 744 536 -25 -963 94 524 182 674 389 842 -277 -941 316 777 217 977 -307 -753 60 -32 702 -264 114 727 306 -835 200 -61 -767 -943 369 862 -118 -113 -985 435 99 -943 -164 -600 -25 257 -933 -461 -464 812 954 889 -775 -672 -966 940 -586 
840 823 -68 746 -351 -686 158 -282 245 -5 -981 -112 259 -494 -33 278 632 943 627 -400 414 18 335 -102 824 328 24 102 256 911 814 -144 864 412 -11 -366 -722 -218 285 -318 -24 -755 -653 402 -546 516 -876 -920 604 -286 -38 -579 -886 662 -463 66 890 471 -898 995 398 -601 -862 -923 678 219 238 640 618 -406 -625 -326 -342 217 179 265 -757 277 224 -966 -413 -399 -804 102 -744 781 -280 381 896 831 252 620 -689 -846 -192 -230 983 -83 686 -610 
473 107 -141 -524 -598 552 615 -438 135 -972 -717 -550 306 -846 26 -585 -634 321 807 946 124 -779 -494 -497 434 40 405 809 165 -331 -549 -316 939 -780 253 -194 483 -304 975 415 -735 -639 413 717 -682 244 367 -338 -191 202 -471 -726 507 959 59 876 -716 -661 -825 503 543 524 -162 -770 -447 131 -585 735 -48 853 -568 31 859 -402 -107 -425 112 795 -997 150 186 438 -929 -573 -150 203 -620 985 -215 -506 312 -831 854 580 -65 -342 -991 851 573 845 
-412 -931 804 237 -339 552 953 182 -534 -952 -242 106 -278 552 192 -729 918 544 -756 632 -590 671 -207 -275 -476 592 -231 904 836 348 -297 -69 -220 1000 -832 -979 -926 105 -5 -611 -223 223 330 -998 573 -368 -506 563 -275 -88 1000 -915 -950 -894 252 -889 -194 534 92 -742 -754 520 853 104 675 258 131 330 86 -156 -41 -100 862 228 -689 -176 -863 423 751 -915 703 883 628 -198 144 -877 927 -269 -99 -790 172 447 764 -166 -893 501 906 307 -586 -144 
387 -25 -645 -840 -600 323 329 523 -385 -927 342 429 580 -383 952 790 -512 -481 -663 -399 -934 411 320 567 819 166 348 809 -562 -21 393 657 512 -596 -227 351 -947 235 -399 -756 602 -618 531 93 -31 590 -10 796 254 340 41 122 47 898 -335 -878 614 -358 -901 -478 -324 605 18 -379 108 905 663 -506 445 731 -660 -785 -847 172 -943 -688 756 663 -211 -635 -77 91 447 456 390 -478 133 -115 10 -140 -649 752 -922 -937 -612 748 999 -43 -401 555 
378 316 -532 -847 199 -716 -675 -768 427 621 -815 941 -270 511 -58 -792 182 -209 -273 -568 -202 659 631 -538 -690 -3 136 735 -315 597 -195 718 460 795 -112 -218 303 851 -469 583 675 670 565 308 -185 793 -262 624 -288 231 154 552 -844 -741 -431 105 831 -891 -185 -521 623 519 -375 15 -352 -700 163 793 -945 -284 6 -742 -840 931 -28 122 647 331 -79 286 -684 720 38 -130 900 477 139 174 927 -173 496 430 -155 799 -452 -520 663 -170 -479 -549 
-499 -503 918 39 -509 764 -810 574 -814 -5 -747 109 706 -1000 499 484 328 720 -61 133 652 524 381 211 984 -44 -275 777 -798 -450 -538 16 -191 299 -99 358 754 -511 685 -974 -32 288 684 301 -195 -678 -717 121 132 190 844 831 -322 677 239 -837 -981 25 -88 -51 781 561 -822 -312 -690 108 -736 519 198 -919 537 239 -973 -592 -380 -638 514 376 270 205 -462 414 194 -744 225 -384 491 -52 917 -712 -246 -662 185 971 375 -464 906 784 -103 -421 
430 -73 942 28 436 624 -680 -659 959 -653 -27 -125 -159 702 -196 -606 982 33 605 -368 -13 -124 150 -344 902 -884 -198 -57 802 -852 -518 -953 2 -458 -460 -825 -440 620 -1 276 241 633 -403 363 -576 644 846 -243 -482 -403 -541 -273 -609 -962 698 835 -52 -227 -283 189 -702 -209 -627 -352 216 984 642 373 152 490 -46 -932 -556 -305 -23 -886 -571 -909 -243 892 -60 22 -815 -592 409 -558 -399 737 615 979 -972 -535 -842 -168 402 -330 -217 734 -931 -949 
-850 -289 -56 394 -790 615 -895 340 -369 368 150 -924 -418 -190 -967 -349 846 -739 467 -12 -795 -260 -626 347 751 19 216 -177 472 82 -577 -802 -132 161 -264 -587 257 7 -522 659 -500 350 -968 -55 74 -503 -202 -435 -904 55 -36 -925 -142 235 -565 329 -52 798 51 636 -956 494 450 -268 456 848 -732 -671 940 590 351 -821 622 556 738 -433 -239 -939 -889 -207 954 -818 -728 611 333 -549 -459 -271 -507 -604 -564 -426 -916 -931 947 -40 635 -600 782 525 
-425 -37 755 910 -450 520 598 399 -371 -390 -687 -601 -985 -546 275 -255 -640 510 -583 658 525 59 828 866 867 184 -318 -181 761 191 339 -477 -765 671 -536 -183 464 -169 -25 100 81 258 575 28 457 -314 -593 317 214 -89 167 -909 -462 -789 913 936 -886 -458 564 -680 666 -817 801 -883 -554 527 304 -856 -338 578 -591 -232 -267 -862 631 420 -497 798 170 -705 414 -419 698 286 -288 271 -802 814 313 -945 -874 -341 -699 -195 -365 642 -865 187 807 508 
597 -342 -912 -167 -789 -487 -338 -842 -760 729 538 733 -490 -25 -495 329 -227 102 -893 562 -669 -812 941 -481 -654 784 875 -953 -710 772 -135 -337 -252 285 -893 536 545 -418 314 986 684 134 48 -752 150 972 477 -912 -800 -398 -953 -603 -144 225 180 -261 -938 -851 527 -358 -711 -346 657 579 -921 174 890 -537 -694 -234 -340 -704 165 647 -776 470 886 -677 663 786 -84 -202 -840 54 212 950 -87 237 -755 248 110 -340 -79 721 -52 -5 389 604 -555 170 
-525 -485 -605 -70 -305 451 721 852 -943 440 242 51 -138 -939 926 -510 -446 -829 -616 574 379 -543 607 -366 450 708 155 423 608 679 -468 -689 55 434 -420 757 -142 -480 -916 797 394 -633 -124 906 -217 -450 981 -350 751 787 15 89 361 -400 -850 326 -803 -425 -284 -624 861 -441 -275 52 44 -902 540 -48 594 965 -823 -61 -379 786 -969 200 338 -726 -347 -201 735 -948 -422 389 84 -546 -752 603 187 744 935 508 824 950 982 643 443 -437 913 726 
-415 109 508 317 974 -956 -717 473 -304 294 309 -848 211 599 290 678 972 -862 -268 -446 -477 361 209 687 -544 -18 642 182 169 -753 -918 700 -72 681 457 289 -225 281 -329 128 -690 159 469 990 440 824 -98 -451 -816 -484 -525 -515 -282 440 -264 -636 93 797 -727 -885 -197 958 408 89 927 -841 139 -233 -149 -873 -560 412 40 -319 -765 425 -475 905 -519 263 -25 -354 -331 25 898 690 146 766 539 552 -81 527 -187 -871 -445 -222 190 -998 -495 -863 
766 972 -989 175 86 -123 603 382 371 933 420 -817 -292 376 -541 -239 911 146 752 338 -755 -644 -448 -904 -988 368 -308 795 -232 344 -264 -970 108 -235 136 362 364 646 -926 -110 -50 -717 -80 23 -170 285 -483 -633 393 82 923 62 707 311 68 851 -254 34 -696 262 -144 -766 -485 -143 178 627 -339 -85 -721 446 643 126 88 402 -880 -457 -713 -74 -122 460 -961 720 -620 34 412 -147 -647 989 525 -841 -893 8 -396 -291 -154 -310 465 -767 122 -164 
-715 -805 157 -773 -890 869 -925 -302 571 746 -623 617 333 303 832 -966 904 268 214 -365 -702 534 275 135 -2 -6 -278 578 601 627 168 305 -485 -261 -633 -963 589 -659 -815 -245 -282 -444 -369 -889 157 301 57 -199 906 753 197 -29 -377 -14 536 335 591 992 146 -69 260 -658 -329 292 209 773 237 387 -338 352 584 950 -206 -778 78 726 225 -601 -618 -775 822 313 536 -115 939 -457 254 -400 328 -234 -277 -180 -933 734 -30 -106 -882 -758 378 906 
-724 324 273 -560 -284 -41 -131 -212 -275 174 -514 -354 352 688 -145 274 946 -33 498 -552 -713 -132 636 410 478 -654 294 -87 927 -700 773 422 -605 -822 281 -708 627 417 -918 -263 557 -191 -504 -869 -198 -785 -353 -205 -194 688 -448 -929 -279 -112 -537 -281 -778 217 -907 -971 -457 570 72 -939 35 -337 209 406 631 115 -248 213 508 955 783 -690 -90 140 993 -18 -206 -739 -935 -520 313 871 881 698 -38 410 899 -992 -528 721 -913 683 575 454 498 -919 
-754 167 -351 -295 492 -400 929 6 -146 345 663 -999 -265 -197 914 -880 -392 844 -377 -945 -890 -563 22 8 -428 -938 -746 -935 184 769 363 981 148 966 790 -264 139 -902 -350 -661 955 243 650 -237 58 -110 223 -617 -308 -443 302 10 715 -712 609 704 -125 -537 769 477 -501 -560 180 -73 -372 -587 -731 -16 737 -93 526 357 158 -277 -576 277 40 -53 424 -644 245 267 294 824 185 906 673 -155 -315 192 -626 -341 377 184 236 458 -933 -160 -419 -213 
658 -668 -7 764 -53 -1000 -346 314 525 -342 686 -349 -758 755 -295 33 29 -84 -925 807 -256 -851 680 -544 257 -44 -787 217 -75 -677 327 826 72 -961 -658 -310 -68 -21 926 557 345 -840 764 -927 535 -869 96 -471 218 702 261 -721 39 -615 827 -158 984 487 -414 -375 929 808 843 46 622 598 723 483 -770 -370 934 482 803 -345 -423 558 673 178 -426 481 760 -613 624 539 -734 -149 -45 587 -650 427 -69 -806 957 -705 722 -193 114 414 888 199 
991 -615 473 453 -826 -318 -748 286 599 340 347 -807 -146 715 238 675 350 -970 927 124 -887 527 625 -414 492 -947 203 -669 484 -825 -22 -190 -273 735 152 -956 -130 -888 -520 -190 814 910 259 -25 268 242 246 459 -898 -208 -455 -885 -340 548 326 112 163 -489 829 537 805 273 -888 -915 923 -33 110 439 624 -334 -454 -172 -790 -534 60 263 -916 220 85 -656 521 320 -30 -915 553 165 210 509 -378 849 128 -168 32 775 423 -85 -97 948 -9 684 
752 534 859 -865 -831 -123 -988 -707 -398 -244 83 -22 -292 -577 505 302 623 -877 -896 942 948 -568 425 684 -723 966 640 435 -113 548 -924 -245 -160 989 339 -885 578 191 -133 -97 -369 -574 -631 334 -518 -694 -461 -350 532 865 517 595 -913 962 490 -95 -973 -446 -735 -501 -950 -618 -283 -706 -213 -999 -196 233 577 498 -845 782 -688 -535 -759 -680 135 -375 -803 574 359 679 417 -789 -17 432 -334 964 -636 647 355 -460 -400 -993 143 947 -544 -188 -443 646 
674 -252 497 622 140 -761 -617 -125 -7 -376 886 -480 -405 936 -934 532 -509 -183 -156 498 -802 291 -423 889 -147 902 487 -583 -279 158 -31 404 -510 -180 451 454 -108 187 467 958 417 361 349 -826 -181 -303 708 441 828 437 -940 446 358 -846 878 311 -685 931 988 972 -421 390 -192 -662 -275 63 -468 -178 -699 852 404 108 746 29 620 502 552 248 -715 444 590 346 -949 389 539 101 972 -195 -950 -235 -316 -284 -914 -392 -268 647 364 -112 -931 -643 
241 573 -345 -271 58 -541 -340 -117 452 -748 248 198 514 -963 268 200 -531 559 384 806 50 -964 172 -957 879 583 -844 -747 -81 -92 -333 673 -329 122 554 -125 391 -795 938 -416 -537 468 31 104 434 -689 81 -100 48 -163 37 252 884 -149 49 -444 -972 137 605 -16 115 -529 -714 -847 -175 575 759 -959 -668 -353 -10 529 621 551 561 573 262 -294 -357 704 -897 -69 178 -770 100 460 572 -568 -78 -588 253 88 -304 278 -943 163 -899 -137 623 322 
78 -206 -151 -597 -895 -145 -284 -193 524 299 796 -16 -752 -706 -142 70 244 -249 920 -13 761 -53 788 -180 -906 254 -976 -197 -137 -189 938 677 -41 -751 -304 217 -206 995 -93 807 533 -41 -487 -449 -217 759 -282 228 -188 339 22 -636 604 476 673 511 92 -377 -359 917 -946 270 -973 691 -492 -365 -184 967 348 465 -978 -264 -62 796 143 -234 146 -499 -588 -785 -328 -975 581 -118 600 -442 78 -837 719 -462 286 414 -103 -640 -505 763 -498 575 366 -388 
-570 811 -686 -705 -9 522 301 682 866 -875 -131 589 -627 791 929 859 -350 -98 -332 648 448 216 -135 575 -692 129 811 998 607 -299 612 -660 -262 521 908 -728 671 583 -390 -421 110 215 949 -496 -337 229 -904 -872 114 -354 712 223 445 -923 -169 -712 197 -533 -293 599 310 -217 -278 -186 -290 133 552 -187 611 546 259 578 -246 -778 -189 459 -835 -457 707 872 705 -20 967 -365 -301 -681 433 366 684 35 -222 -479 -13 -176 -684 -522 -462 -281 384 129 
-405 -435 -989 -413 691 36 696 670 -923 -140 -104 -202 -855 -829 477 -12 -516 -824 514 975 -100 481 591 -597 195 -889 197 -173 652 -966 -398 897 -996 614 -604 -723 525 -576 775 -272 187 -86 804 433 -308 -877 -582 865 719 -618 901 862 679 661 60 121 482 900 -475 -610 -259 862 282 -687 370 -743 -422 -826 -334 -602 39 304 103 -776 420 350 961 -216 -968 833 -163 -873 -329 -432 -985 -552 50 777 -291 -300 867 -227 -881 -339 -287 -205 442 236 -833 -218 
557 -340 -506 736 -330 852 4 -413 683 162 482 -290 857 558 585 970 40 197 217 -775 -526 -499 -173 -58 702 -79 -546 -478 -445 196 438 300 224 -432 -555 -604 -727 -737 -802 -89 989 522 -927 -931 -554 386 -912 87 -244 365 -271 40 448 -331 839 -825 -849 444 -625 854 887 -664 444 233 -30 278 -227 -868 507 -641 -784 755 -110 -513 -712 -756 -226 549 -25 89 54 -447 -197 94 692 538 497 375 341 663 -971 971 640 -645 810 356 -543 -929 767 328 
-965 607 771 -71 -498 566 695 -450 916 910 599 -692 -878 -636 -60 644 -125 232 -165 -555 759 580 -18 311 352 -257 -877 -614 -405 655 -150 648 378 981 -902 -481 -823 348 -427 192 -860 -378 583 -880 953 -32 510 -558 -844 600 694 932 477 462 857 141 -924 -240 -469 -363 -656 515 -962 360 452 603 795 500 -310 -559 949 -140 -625 -107 -219 -652 -848 -508 -659 444 -464 -211 657 128 234 -491 785 162 -841 886 788 -331 -808 673 53 397 153 561 -159 238 
-165 -504 -634 164 958 -252 358 317 -803 277 -472 11 -589 432 -388 -982 -483 212 -911 -924 -895 -294 -702 282 958 648 909 137 424 561 847 204 812 -472 665 400 616 -163 -782 717 324 239 -812 513 546 299 -285 208 179 803 598 701 -442 118 -418 -460 -976 786 -822 -223 -707 544 -722 477 577 -34 90 223 255 141 -887 -239 -357 419 403 327 363 419 236 -341 -799 -251 770 435 -802 -710 -90 -557 307 901 -558 -131 622 688 -141 630 319 -989 493 472 
-661 726 -785 385 544 -438 792 -296 351 -879 98 -746 438 -216 -350 -399 773 345 -381 609 276 -101 -281 -725 -687 -407 903 -11 -251 236 -797 465 -72 -483 -594 817 11 -444 -871 115 89 869 512 -878 -65 -560 -43 384 -772 90 761 133 -992 -565 439 723 -595 -141 -68 -29 -355 -93 774 -910 535 -355 137 -712 -126 -360 771 974 460 239 -225 103 849 -120 277 179 657 958 88 149 -985 -24 -653 998 -801 -676 571 989 71 812 685 -882 397 -181 366 -212 
639 207 -204 669 407 -71 242 -541 944 182 65 578 599 -817 190 -823 -190 -862 -562 -994 -870 961 -676 -468 891 -842 282 223 436 88 463 666 -35 -219 -636 -215 -140 43 114 -895 -446 224 606 -39 874 -271 -293 488 -785 -591 930 -391 -801 -90 -986 371 975 522 -381 364 153 -661 491 -496 -799 -514 -820 367 166 -143 313 199 479 -609 135 219 -754 941 966 728 108 -991 455 334 -969 639 -535 342 117 -24 -191 420 -78 -678 -107 -708 -496 -703 -511 532 
222 748 241 100 409 578 588 -698 -191 -377 -225 -938 709 -8 400 208 -879 -123 663 -92 -857 326 -3 -979 633 -747 744 72 -876 630 188 826 827 -867 -3 -398 -185 -631 80 977 877 -671 -300 699 -425 -682 365 381 -241 -450 -269 -16 -487 -30 -396 457 -934 985 -771 843 -54 918 -619 117 -58 -360 -999 470 -795 -570 -793 -466 792 462 -885 -208 -456 227 596 873 313 -484 -192 864 -562 658 -938 895 -432 159 -547 -865 936 441 -351 -444 -496 434 180 837 
-682 787 789 -522 -819 -461 -203 -75 852 -193 -795 -106 182 -815 -144 289 -867 -799 589 611 -694 356 -735 -716 930 878 -2 -920 -888 -916 202 -528 285 -561 -40 -265 783 897 602 -41 -357 -753 853 -540 -614 -535 -86 439 -68 -637 569 322 736 -479 372 325 -671 610 -338 -641 -441 -555 896 616 -428 909 243 -640 -34 -741 -386 31 -221 -760 -942 -222 -254 -377 -501 468 -6 -374 388 749 -646 -838 -843 -989 270 164 -775 -299 -510 -322 140 286 880 547 -52 -214 
-895 830 619 -19 -129 -749 -92 -485 829 416 -28 -264 101 -610 178 -953 -60 -214 248 -241 -565 630 181 882 534 7 -2 225 -982 -24 -69 -382 -364 -591 666 -67 815 -251 305 -932 282 103 -254 -163 190 968 597 794 154 597 954 -445 863 39 -498 499 152 -75 256 -375 -362 -660 935 24 -462 -399 302 -506 296 474 637 -136 -104 -905 -106 648 -957 -307 -213 786 350 -135 -185 -447 -977 504 813 -585 833 853 -59 944 757 96 -930 -623 356 -398 -549 -454 
-387 -97 462 -289 770 -788 857 63 -59 755 558 -571 643 -176 485 -58 335 849 -245 139 840 992 -760 -50 77 -437 -220 -978 -708 42 -584 532 -51 911 -648 -500 56 -85 71 486 -533 206 905 430 -354 -933 51 -175 -465 44 -370 657 927 -718 -737 627 -11 773 -422 471 -210 -221 -824 -206 408 230 394 850 -167 -357 -363 803 942 453 -622 -681 401 160 96 182 382 269 403 -594 230 -349 135 731 811 966 310 -569 -677 -323 -152 -290 507 843 -635 -759 
-27 -914 -676 -595 -168 -150 -712 876 -133 240 537 158 -922 -782 -895 469 215 -551 -257 -459 955 -367 116 -471 320 941 -280 378 -319 728 -369 -65 -371 -608 380 -651 338 -389 -584 -29 235 -519 -540 210 871 363 -663 -818 -690 994 886 470 117 -758 449 -591 464 605 955 422 -149 342 762 -315 76 663 521 764 280 208 -239 387 496 -445 228 -895 498 907 -869 507 -94 -768 -300 -865 710 633 -887 -966 -354 -3 381 520 -963 519 506 -402 -320 -509 -427 684 
46 -38 899 469 -138 -304 4 -507 842 224 -357 457 740 -849 -597 480 479 902 893 -780 -804 117 475 -333 -467 -267 -679 -686 259 -408 435 929 -584 -789 280 -880 -30 37 -812 427 -430 306 -201 -98 945 180 386 -583 -804 -223 -704 -476 -329 -961 -580 -11 879 -817 458 896 281 -101 -618 -166 62 672 -385 -991 -767 -618 625 -318 -338 -450 -732 252 -539 304 889 -864 987 -676 -78 191 -749 301 -458 523 19 -64 -483 -863 343 -27 347 -203 594 787 546 516 
826 -65 693 -883 639 -988 337 199 -680 -203 458 227 622 -91 213 794 -110 -130 -554 930 648 -856 595 -870 -169 324 929 550 -655 382 772 857 -635 -257 -914 -218 503 926 952 -568 797 -104 -825 361 676 -610 -234 885 709 -218 541 -137 448 873 -462 -651 -483 -595 309 -109 -375 764 -685 937 747 -722 -438 -685 829 -743 -629 -910 108 -855 211 290 -268 541 -712 -610 -502 -81 -623 541 -395 -858 -759 450 -771 -622 -993 -733 -54 -280 -925 807 337 -513 -18 -878 
648 738 35 344 -55 772 125 225 936 558 884 425 -712 623 797 574 651 -972 810 -234 -57 -719 899 -541 -317 494 167 309 -609 45 -883 -75 68 -406 -872 -265 153 -10 -417 763 -6 -991 244 -922 -308 477 485 196 565 -13 290 146 473 350 673 839 850 -577 -332 -877 -52 -389 -214 -357 559 -382 758 832 -221 -189 571 -406 132 954 222 -101 -647 -484 477 -116 437 871 -580 367 -42 570 -617 -59 972 165 158 -773 666 -333 -133 176 -962 378 482 918 
349 848 962 -25 256 516 -138 397 991 199 -706 -87 226 623 253 -456 265 -222 -738 -221 296 727 643 922 -963 -782 173 -264 870 131 708 -447 984 -802 839 -829 687 670 921 914 -312 454 -663 -559 334 113 480 662 -520 655 -119 -455 -478 271 -609 -378 35 -413 -8 -368 188 888 606 305 927 182 -345 -265 -965 -603 480 -542 783 -371 442 104 254 369 -161 58 825 33 -725 204 -837 21 613 493 -85 126 -446 247 -501 504 418 117 -151 -923 -234 278 
-995 -734 776 -751 -50 -224 -943 987 76 885 204 -360 304 600 582 -472 663 -352 -433 -22 -171 -854 747 533 519 569 350 379 -56 -536 -158 597 -188 -750 -12 464 639 75 51 515 -501 24 -162 -975 463 -70 -112 -79 -637 956 -649 609 828 754 150 188 -210 -63 -841 -877 383 793 699 777 -233 959 466 -912 766 -707 982 834 -758 420 -734 -326 -1000 -641 -368 -796 292 206 -960 904 139 -439 93 167 -12 -229 455 -677 204 182 91 78 -86 622 -745 -548 
659 107 -497 -962 -906 213 798 105 530 726 913 70 739 187 612 675 681 -288 424 359 -736 -43 497 613 1000 -288 -746 -941 254 30 164 -351 -972 877 179 961 -105 252 506 -907 -212 634 648 -473 -197 -937 -960 -944 -882 595 -203 132 919 -510 -810 472 99 -661 -128 -27 90 860 331 -890 265 840 -252 -872 372 114 119 -746 974 398 -84 -1000 -716 -16 185 -418 973 305 586 148 -774 -847 -288 -241 -780 -519 -223 -665 635 226 -250 860 -802 87 428 -870 
524 759 293 759 -637 948 -344 577 112 -513 -425 -51 -299 229 43 593 709 249 774 -345 267 766 162 -540 246 -442 98 -589 -952 -838 -948 -785 -569 983 -55 -794 -526 -510 714 488 -851 18 493 730 -53 584 -136 -149 89 396 -910 945 -771 -834 904 253 467 925 291 -718 531 -488 769 485 -754 -210 -174 -965 638 854 -765 473 -582 93 -461 -75 -71 987 937 712 -127 618 497 500 -840 -942 774 697 -412 384 -600 -200 53 13 449 -347 321 866 -606 -685 
-355 -531 -605 -118 800 688 -474 -259 335 208 -370 -170 -947 618 936 -233 -734 -165 -361 194 888 -567 673 -116 824 -855 103 -482 -114 516 168 709 -831 371 863 -716 965 -666 855 395 -929 -520 -60 572 696 716 948 -595 478 -20 332 -625 636 -705 -6 -39 502 747 63 584 406 835 -138 174 -44 -745 -80 827 -616 115 -840 -928 964 -682 532 632 578 -90 321 937 -212 600 -542 -479 605 -939 -890 275 -799 420 333 -746 -373 280 393 -887 259 -206 221 139 
-732 -222 253 -651 -770 878 -212 -177 -195 680 -85 396 -124 -397 391 280 -587 686 -334 -246 -458 -827 -871 690 42 26 -96 -162 770 -170 -820 930 673 653 738 430 514 54 871 -242 -85 364 -549 155 -882 629 953 866 499 650 -166 -171 163 423 -815 108 -641 -94 -587 658 -478 -541 -105 -361 841 -575 252 -227 612 915 645 -803 751 -101 -519 950 755 -926 -639 -64 335 -54 656 640 -571 -1000 131 -563 -13 616 -219 -254 94 336 991 749 -801 943 129 -895 
16 952 -87 -983 644 -520 562 716 206 -138 175 298 -669 867 869 211 499 -775 247 -186 996 814 -718 244 -596 -78 469 374 -663 680 -202 -115 215 832 -880 -357 372 893 -920 -721 -250 -855 -342 65 -967 -157 -604 -465 823 -614 104 -948 -86 263 107 91 293 -135 -621 79 811 172 -501 -568 -378 -776 422 -141 -218 -496 -758 -132 962 -598 -836 -365 801 -971 449 -545 -387 220 693 104 136 -741 923 -975 185 68 228 66 -219 -228 823 230 79 -216 -116 565 
-326 540 -388 431 527 656 194 -845 -873 -704 -357 -613 463 975 -758 807 816 148 433 151 -561 311 958 -458 191 135 -282 -102 976 -361 983 -531 916 -710 -512 -980 -322 -460 -647 -587 775 328 300 -182 -739 433 -877 -781 -570 221 -77 -314 -617 231 794 -384 10 916 870 -782 -767 590 591 522 681 833 254 -511 785 -21 529 693 858 -812 528 -880 141 369 -869 253 -276 -493 -120 805 -882 275 -145 -207 -416 242 -315 -656 -869 -460 236 -28 -326 577 160 300 
-796 -729 785 -995 -318 -348 643 -288 -775 -975 552 461 767 -144 15 -419 -588 224 533 -789 -832 599 -569 308 -765 203 481 751 -63 -353 -392 -156 592 -442 921 -767 393 -895 135 -102 -998 -907 -95 15 -171 955 365 685 -285 340 -177 227 -925 613 -879 566 -488 331 -171 952 -6 840 417 -625 822 -639 815 591 348 -105 487 -825 726 227 292 -880 151 427 192 669 -76 199 378 -940 857 -933 -499 -532 -341 319 506 -714 334 560 -951 110 303 -54 884 522 
766 282 -603 -919 -915 245 428 838 153 -693 -961 -193 -774 716 -171 -347 -214 -619 275 -416 149 -276 889 -939 300 441 514 995 559 726 48 -869 -952 -399 -110 -198 531 812 785 -889 570 -166 -172 -740 656 -32 934 273 43 -513 146 134 -406 964 -395 174 176 639 -948 376 436 881 -606 754 541 -245 -677 -178 706 825 -13 -64 298 -74 -118 -913 573 -865 -724 -61 -736 431 -652 39 -199 989 -811 75 -502 -301 594 -549 -712 -735 785 829 769 606 453 0 
-376 -808 -9 -548 701 148 847 302 394 -457 -406 661 400 222 804 -678 -455 927 650 193 303 -513 432 -179 533 412 -773 -554 -235 -148 -957 807 -57 -695 674 -203 263 -339 -194 89 245 -866 63 -175 -879 980 20 502 507 -614 -62 -636 173 -378 222 -606 393 246 506 -977 902 217 -732 417 -194 -995 588 -706 139 187 935 737 255 -142 166 -122 -118 -935 -6 -265 712 -970 873 -332 450 67 982 885 1000 668 355 -218 -685 672 -227 789 -977 837 510 -51 
631 -716 -278 220 -355 104 -125 -763 434 931 564 416 50 730 317 423 520 503 -177 -539 -233 80 -877 -710 -708 97 117 -29 -20 192 39 463 242 -48 -354 502 336 -145 539 404 378 -661 51 858 489 35 -273 750 198 25 510 -355 674 -124 -603 42 -892 186 -802 346 388 -444 -624 122 -820 -989 440 -775 -940 38 -67 539 -985 235 -250 -557 171 -562 271 -621 -747 122 -983 -176 -76 891 -396 789 -469 167 -968 -619 475 977 -940 758 73 -58 761 570 
834 949 -951 265 -837 39 613 908 -163 -521 836 -57 659 -179 -367 292 739 575 -968 470 -284 690 -309 -290 -7 -498 100 897 697 361 -892 343 82 634 639 -615 28 920 743 103 761 -869 -385 258 753 887 -595 -586 586 536 -415 434 651 784 822 -233 536 814 -972 -780 -918 371 991 336 -199 -724 -430 894 -93 761 -755 -395 385 862 522 942 833 522 -268 -851 -705 133 -328 -409 -426 -243 -249 -484 752 388 831 -375 -377 -999 -982 405 992 122 795 -410 
549 -512 -417 -542 163 -948 -439 378 740 573 316 -424 -653 459 -242 -381 -808 570 -53 300 289 11 774 822 -925 578 -381 240 364 868 -149 -284 -275 312 -520 68 -377 572 -620 497 726 -552 857 720 -951 800 455 978 529 413 368 651 603 -393 871 -266 -761 -705 425 -52 23 898 -96 -782 970 -255 -62 -45 559 -237 320 387 807 -21 95 492 -926 -54 382 -299 363 482 -499 487 315 -543 -813 -863 976 -767 87 670 150 712 418 -467 -880 659 -294 601 
206 -695 -612 327 409 339 -500 -465 -613 -70 -960 -605 -756 450 546 90 -575 -183 602 -39 864 -535 926 692 -438 289 909 -344 346 -542 -879 490 -974 594 978 -340 953 447 -361 118 624 -496 -80 329 -544 -323 573 217 -870 412 625 -565 95 626 471 207 246 -972 805 -325 250 -401 474 317 104 433 650 -346 848 162 -179 752 700 -509 -896 879 875 102 939 -735 -292 -850 -181 -884 642 903 -741 916 302 644 990 -581 465 18 528 464 535 314 13 -970 
480 -577 472 -223 -905 728 434 631 -604 890 912 -462 32 482 340 627 -315 -441 301 301 214 -319 -570 976 781 -380 -595 711 -834 -268 470 386 -834 492 830 -688 335 -516 -786 -998 988 816 -883 -439 -283 77 -723 -1 -851 350 29 859 597 758 -455 274 222 -413 702 16 977 61 804 -116 409 -429 12 -509 417 -817 -656 -685 -24 358 564 467 -492 640 -921 224 36 -506 30 294 -538 -588 856 327 420 -545 -813 -438 -518 306 70 675 16 735 42 125 
