-388 -241 -470 103 -608 -545 -139 -120 -954 -131 -609 652 -295 -511 -554 262 227 100 161 438 707 17 -918 -669 -24 736 842 161 -782 800 -178 851 -60 969 -746 96 965 -543 -960 653 411 0 931 -103 -295 -945 212 633 -566 634 984 496 339 258 386 130 -649 -746 661 732 -508 343 208 -560 637 138 -165 256 -878 30 815 393 468 -552 -239 -483 -212 -890 758 -831 -777 -808 -131 519 137 670 -961 383 -270 -705 -61 -139 -510 -939 99 -303 -128 -3 864 -559 
-410 461 -158 -485 -501 101 -116 -613 167 366 521 -682 467 -644 444 405 477 464 23 -152 -480 -141 542 60 13 -799 -269 -203 -616 28 -672 -29 -781 230 460 -245 125 853 784 -773 -610 78 790 195 -915 346 -113 -96 787 204 338 -364 643 -185 323 265 -664 405 397 763 249 -631 320 -324 886 -349 587 392 963 -923 945 532 -684 -961 459 51 500 228 669 -483 890 65 498 582 -645 426 835 437 462 27 -598 -936 545 761 4 -801 527 -992 855 -437 
-700 -921 781 -916 231 184 707 847 -795 -918 -855 483 -312 734 -363 -781 -224 620 567 489 686 -582 -259 221 -407 -842 992 39 765 920 639 -561 949 -472 122 481 -339 -887 -382 -642 -776 68 315 13 -452 905 -293 -31 674 -592 305 730 -80 -120 596 -557 -416 -700 7 363 -732 -957 -671 -993 -437 -532 300 -888 810 580 -574 372 46 771 68 887 -51 893 -105 -115 440 932 -42 -702 344 -217 -942 -141 47 456 911 944 118 -17 -558 400 -276 665 618 601 
78 168 -729 497 400 774 -833 559 -207 607 -465 -365 146 -323 -217 -313 -986 -926 -157 -733 804 942 -887 -48 -744 -142 -190 -701 -757 702 191 607 527 -907 433 -580 957 -242 -336 923 -815 553 -466 525 615 118 554 470 663 918 331 -138 588 814 461 101 235 399 -400 61 -455 672 -829 -768 25 -53 -689 283 -544 73 516 -174 -952 -268 -592 229 -843 -441 -603 -850 -858 195 -316 548 941 -298 -606 -477 438 989 613 441 497 -351 761 98 657 52 -642 -397 
-555 -630 -964 -248 103 950 -27 446 500 789 -631 -61 479 -520 -337 758 243 -971 -793 -687 -877 -23 -261 -844 -413 -535 113 -182 936 299 -643 829 188 -622 -799 -771 307 -889 705 425 -678 -503 -686 -465 -942 834 -288 120 -758 -929 -167 -343 -846 614 -781 772 -437 -519 636 392 928 360 627 926 -4 453 -501 -62 -481 -476 902 -881 -526 -690 -149 -442 633 630 620 -949 -581 902 722 567 384 772 1 611 -663 44 787 788 396 -850 -942 -97 75 842 -538 313 
-604 190 103 849 -749 755 -301 781 128 -955 543 -177 -657 -688 -980 -427 484 870 49 155 -390 113 110 -11 619 -487 296 -849 551 -691 802 203 978 211 -372 100 283 -364 765 461 207 24 -49 -144 -66 -483 -373 -721 340 969 954 839 -830 -25 449 -283 190 -607 927 -372 223 413 -254 327 -310 745 461 848 658 553 -793 460 290 -912 -723 470 733 -606 -475 -122 1 -314 687 -446 -550 661 -491 -561 -604 347 193 472 -637 472 -418 789 448 524 -286 -70 
647 -53 -536 510 -563 -727 -821 760 -467 595 -706 603 -823 -238 436 816 600 -463 -138 215 419 902 -560 -425 237 718 719 -838 687 415 -296 969 167 -398 -95 292 -117 183 -672 134 -630 626 -210 -233 149 99 318 -188 -109 -538 531 -908 -466 458 -418 -600 -62 -613 681 259 -176 61 25 -197 878 29 -339 624 -893 -104 -620 597 -916 587 -487 213 923 -99 453 112 -386 -865 215 566 -873 -924 -455 173 571 116 -912 -64 -497 763 455 606 70 150 -784 337 
131 -305 -501 923 -529 533 -768 178 769 -893 -182 815 491 -530 366 101 -279 -38 357 80 -821 -737 -438 -888 -878 -626 -496 631 337 224 770 147 278 -51 -45 -432 -835 -780 -447 736 -604 -122 -181 -828 -660 -285 577 574 966 -887 247 375 403 -166 750 375 -836 -834 332 866 -714 476 794 555 -427 938 -871 -903 -673 657 402 -808 953 -345 13 -246 157 -811 575 870 -856 281 682 -449 556 780 657 -288 -259 -649 24 283 -44 728 223 -361 774 5 -254 795 
811 862 289 -455 682 473 434 512 -411 -165 -822 -88 934 -531 99 -163 48 -152 89 -468 763 240 -670 160 -324 181 207 -674 -106 -909 170 346 -91 66 788 249 168 865 665 627 -194 -380 -748 -911 301 -307 -128 281 701 -113 -774 -983 601 158 -987 -636 993 -680 658 -563 648 -729 898 99 -33 -246 -889 990 212 -961 372 67 304 -576 -204 175 -551 -780 816 -857 -754 609 -722 -68 138 -951 -865 350 -399 60 -94 514 203 -777 672 13 146 789 -59 -932 
-903 421 -910 423 118 -464 -909 -182 974 -572 -783 -988 130 -107 -787 -236 745 844 -263 334 -765 985 -978 -787 -599 933 411 294 -100 -52 -610 -435 -431 -978 -438 244 489 -539 704 -332 550 118 372 -594 -948 -851 327 -521 100 784 -127 129 989 546 663 81 -456 -28 -380 78 238 -508 311 -554 -739 -170 -226 433 -19 -886 -768 692 405 -413 860 -967 -456 783 -716 -523 404 -974 -344 -271 -704 -229 -64 -191 -757 107 -393 914 -928 920 -227 -194 335 -619 832 629 
43 -102 -378 -711 -318 -635 -378 43 -366 620 -571 -383 467 165 427 171 -799 720 619 903 780 46 863 -828 441 737 149 -823 -773 -813 -179 335 -599 -774 673 -585 -128 -45 -165 230 545 -67 204 -20 702 -511 77 131 634 -522 -74 773 674 110 -884 198 126 -112 -783 971 -725 942 -375 7 -91 -904 572 -777 961 533 640 -726 -578 -353 426 857 -446 -333 -534 -943 -116 134 -45 158 -363 505 -451 -763 448 891 -735 762 -627 323 -113 -27 873 -946 652 188 
-668 -533 609 -467 -139 922 -630 -115 216 351 63 320 43 853 -999 423 -953 962 262 -762 -304 639 894 -444 -363 219 -453 -779 79 -31 654 428 -356 269 -910 -613 -421 -481 -2 266 718 456 907 -883 -453 492 912 -275 795 517 208 -223 -629 -54 937 -639 796 123 451 297 -556 699 92 -801 -311 452 -650 -969 381 213 -163 -846 -917 -534 -9 865 9 422 -821 773 230 -770 733 -317 252 480 517 -302 -333 777 -735 693 880 -468 620 819 812 -792 264 676 
-449 125 258 -464 -353 -957 -178 434 -814 -136 -113 -552 -318 545 167 211 265 -58 -604 -297 -806 879 458 -232 63 -882 908 -114 754 176 755 -184 623 -394 -639 510 -302 379 -463 785 831 -517 178 68 351 749 -677 -313 894 -938 -384 -602 -686 -886 -588 -286 -201 -3 -623 192 497 461 513 560 -535 -509 857 -848 218 -423 493 -17 -541 566 -87 -901 -331 -456 846 -170 -326 128 468 115 925 453 656 -741 536 -913 -381 -624 774 279 128 846 -333 809 -402 -698 
-783 267 101 -266 -561 -83 -368 412 573 -436 -61 488 47 824 91 -903 265 270 1000 -407 -850 -998 -582 326 198 -457 -514 107 852 59 -602 -533 47 354 705 -8 -156 347 -154 19 -65 -908 -875 -592 -641 -189 -300 938 -117 -311 -130 755 118 919 -917 -688 -935 -892 106 -685 -965 -959 883 -458 645 81 -34 243 442 428 820 -73 85 -94 -536 557 934 -977 983 -799 -433 -463 -945 -834 298 -716 759 774 271 131 -115 -991 587 -422 -772 130 182 614 -282 -26 
554 -169 -137 -36 -561 567 -207 220 890 698 297 847 -613 317 -708 -224 -378 -143 -808 -357 -4 -224 -524 862 -866 -504 -364 -229 -748 771 795 -581 -727 -732 -388 478 586 940 -160 -502 -370 622 101 184 -865 376 170 422 247 585 -347 950 361 -297 141 -920 272 918 -280 -998 943 -351 532 -710 788 950 886 640 -744 -853 417 402 -248 637 -654 369 -50 -373 230 450 -863 -340 916 -899 -763 -198 834 663 -48 417 273 -487 -591 -501 621 -490 -560 81 441 -248 
-108 -971 -893 -77 740 657 -442 110 -244 -890 -979 235 -338 -762 -987 735 198 577 934 486 -205 945 -924 -933 150 -17 -600 -934 417 -492 826 577 33 927 -334 -123 -432 -400 146 -231 -221 -725 731 -604 -764 972 -288 220 519 524 -26 -88 645 -619 170 -123 359 -81 328 -394 -923 -671 511 -478 -813 -409 -56 -183 -797 -817 74 -814 648 242 -788 221 993 603 -365 -700 156 -348 -120 855 -915 346 477 446 -359 462 423 517 592 -828 763 -339 -829 -24 553 191 
-568 -848 -790 -38 -40 19 -439 176 40 -160 -804 806 -481 -128 708 517 391 -532 355 -636 384 -824 617 -971 -622 -461 9 -895 -66 -692 -579 799 -419 -407 404 384 29 373 -233 219 582 -468 660 -716 842 -152 965 626 433 -458 542 -649 -367 650 -155 807 387 414 700 -777 -923 -199 378 -122 -334 -717 662 -138 -336 212 611 -822 -625 327 -580 -686 186 531 289 259 576 326 -429 45 449 -828 -724 673 -141 278 106 -603 309 950 658 56 -547 554 465 647 
754 -766 293 -14 -955 -589 345 -365 -646 306 -81 -41 352 649 401 -119 461 142 -871 911 -912 -708 -877 700 -534 53 663 -892 965 291 -693 -479 176 -94 410 -22 -403 -259 -685 -584 -79 -803 -973 82 248 415 -637 -21 64 -550 -214 470 -879 771 427 407 -305 -732 394 -439 483 -62 692 372 -854 -261 393 -755 -707 -413 -560 -867 -306 -370 203 505 16 -398 -346 -163 187 -462 671 -547 -924 -455 -444 -32 -91 -702 -156 54 -909 287 958 13 -885 -561 345 934 
362 552 28 791 -302 -816 670 899 -886 -531 49 463 494 -352 380 282 303 -960 -424 -342 -262 -329 696 -899 -252 -201 182 -687 -608 513 946 482 180 -843 632 -275 -408 417 240 319 -607 155 325 -436 -426 -295 -693 814 841 319 65 -284 -499 238 -465 -521 552 928 -271 215 329 573 391 -741 -579 921 292 218 -229 143 -767 -9 -100 -95 -967 -778 -415 -533 197 -283 478 -208 248 766 764 -920 637 -711 -809 361 -486 -549 962 646 823 -715 -510 -120 102 480 
-534 982 -734 -299 -925 132 -50 -506 900 -170 -334 -597 478 -265 344 112 -232 -663 336 512 235 -122 -107 398 -992 -765 254 -217 59 -349 -811 364 -343 -257 626 -507 -281 807 -374 264 -447 -670 548 -6 260 818 -43 718 577 781 -647 232 -805 -719 -459 -604 410 182 -806 451 -248 307 330 -930 -199 972 62 -884 -833 174 605 680 -274 -763 856 910 114 186 -857 337 -747 -71 955 -961 -572 782 -975 542 -894 294 -325 668 -537 646 -256 210 -700 39 -658 868 
-782 -495 -766 507 -280 89 -703 -601 -915 753 -582 410 -282 -861 513 -391 359 -737 -86 -436 -816 610 707 -853 -710 47 939 320 -489 -425 -250 411 393 716 407 429 652 -167 -302 -266 506 -381 515 935 -468 543 576 -967 852 -584 864 -30 734 -383 -587 -593 41 -597 978 -70 840 989 -403 -474 823 -728 -1 -441 -919 135 -618 370 -697 -219 160 -441 -711 567 642 -193 270 515 576 892 -866 892 91 -802 994 -973 -167 -431 -93 911 -49 -207 496 249 257 -719 
-725 -296 -708 -501 -365 231 -762 826 -477 350 -686 210 -740 344 -31 969 175 -879 -179 -491 94 942 -69 730 671 530 -819 672 871 806 771 -302 361 -201 -706 -415 479 59 668 634 -64 891 -228 -823 -226 -109 -691 -41 721 -896 132 -863 507 775 602 -194 -526 724 -870 -702 -416 919 -722 -68 -502 -786 273 -241 -12 388 230 -660 -614 -378 116 -149 237 -835 -159 588 -655 796 -770 227 -778 -357 858 -934 -796 -208 4 -248 418 401 39 889 -485 -495 191 -289 
147 908 -999 248 -513 -771 -254 592 311 -58 -501 -886 -777 -557 -238 -432 934 -782 -116 -891 958 235 95 885 268 537 -391 -310 468 451 709 873 -946 258 589 4 -800 -505 -13 -514 -623 -224 47 359 -46 857 -930 -892 564 464 -994 -292 225 -917 -659 -698 171 112 139 -480 -43 -160 567 128 359 -540 -750 135 -108 579 -812 -542 -904 89 -848 279 -332 -636 -790 776 -202 -315 299 -510 821 182 18 404 -174 613 -349 886 -545 900 -115 651 -492 220 79 390 
0 -652 -123 -814 574 -896 -99 -859 134 130 -141 -563 -634 -970 359 -739 -56 830 717 -985 720 237 620 -189 444 180 819 -17 506 -96 949 -126 570 -583 914 0 -173 -134 -505 -636 745 -491 423 907 66 44 643 -651 951 221 -626 -372 634 311 382 -865 371 -858 -925 -179 301 622 -772 -681 505 92 343 -239 107 -164 -664 -726 296 323 781 -208 -513 641 -4 -691 -445 -237 202 785 -351 660 -274 339 742 -846 273 762 -587 436 -110 988 393 843 -786 -245 
-166 7 407 248 -310 -145 724 -808 151 -337 316 -490 415 340 729 781 716 -679 199 -395 552 314 583 -64 762 -669 -612 -944 302 434 -303 567 811 861 -278 -612 -186 -285 901 -631 -885 756 848 -865 -556 -53 751 302 -663 848 525 -176 834 570 -892 -458 794 573 -147 478 175 164 345 -411 -386 -900 907 -830 -75 402 -456 546 34 519 -147 144 66 -85 935 111 620 769 511 56 948 -914 -309 622 962 649 -123 -412 855 783 -886 -80 -130 -562 212 -273 
-607 38 -792 -704 716 -866 -646 720 394 -422 363 960 892 -435 -725 -603 417 548 873 -51 -122 -877 -425 -22 -522 563 -922 871 -771 94 -364 152 19 -260 -930 -117 311 209 280 494 -469 -106 240 952 -705 -667 -675 554 -225 -859 -844 -468 -457 84 103 -682 539 477 791 -938 -107 591 -25 434 221 432 861 -331 13 -672 618 173 619 843 -288 -213 814 199 642 -238 398 -722 736 671 -367 -700 259 -335 254 362 127 365 -550 -998 142 -627 803 14 -366 -252 
796 538 -628 -134 611 -241 642 -974 254 30 -586 -691 -767 -31 -169 379 -627 618 -226 643 336 -784 -800 755 -647 -112 739 800 475 -35 -474 -622 276 276 33 -107 -993 -951 -411 206 223 -934 329 -911 -18 409 -144 -810 -846 -192 -319 313 -233 -782 -904 613 -642 -778 -248 -569 -300 845 611 -814 658 374 -402 -772 728 62 319 -353 886 -672 -799 -988 747 588 -677 -456 250 -23 -296 238 584 193 -52 -582 1 601 548 -687 -800 -889 876 -716 -631 356 918 759 
-739 -917 -382 299 95 -612 -567 -517 455 550 -412 243 -170 718 813 -81 -668 -536 -484 -955 467 212 -426 328 344 346 -921 -980 680 -946 -31 219 -911 442 -687 693 -21 142 -596 26 -576 -546 327 -945 568 -996 455 86 776 -755 584 480 -563 18 689 289 -596 -954 -901 246 -698 219 523 -140 -308 -598 -17 874 203 -72 -122 -997 -114 -58 -672 -392 -331 228 -637 -502 640 242 766 77 -580 637 706 886 754 -101 189 792 114 -493 -256 -20 -459 -467 920 334 
292 57 -131 -849 -414 388 580 156 -90 469 425 -987 -223 740 521 256 -453 -639 186 -753 -818 583 -572 38 372 853 -88 -802 -54 977 668 616 194 -470 -829 -205 592 90 155 582 -606 -772 -842 -659 737 327 253 -182 -205 938 0 -627 764 477 41 -646 -582 -767 -851 -767 660 -536 -847 -281 905 -368 -987 951 -455 109 590 -319 431 611 -998 807 -242 -37 -851 363 -112 -78 408 823 419 -669 -221 -257 848 -875 -555 457 -440 -496 773 -732 526 743 -901 -822 
-439 572 154 262 -509 -602 -321 265 529 -450 853 -476 218 -821 -616 -685 -106 878 -728 50 267 449 990 612 738 -720 -910 -281 660 158 -865 -80 -952 -798 533 -876 -990 509 -170 736 -853 857 -979 256 102 -853 32 301 454 -68 489 843 329 -282 897 -35 -317 -760 921 -411 256 -442 879 79 188 -462 436 -213 209 873 -923 772 -636 321 242 667 431 -761 -107 961 -882 -339 -386 512 -553 -859 575 -722 225 413 265 21 -528 -115 357 -207 -661 -165 835 707 
290 -3 844 -172 678 601 -261 598 850 419 -985 -698 -4 -714 -516 -924 -588 -387 -788 568 -111 -559 -529 -286 288 -897 -3 667 418 -743 -682 -356 -712 -880 413 -735 -195 -287 473 176 421 185 -921 -497 -728 54 544 52 -966 341 339 -874 408 687 192 -226 560 -868 -844 -273 616 428 -989 702 477 960 -411 -433 -111 -970 614 -868 32 514 593 -546 -760 -91 668 -319 864 184 -176 -233 -267 -213 -149 551 -574 -214 -38 782 -650 -350 883 -759 120 316 381 -829 
-904 636 -779 378 504 -610 -969 61 130 -87 4 -968 -474 700 533 989 387 -735 715 -388 747 286 307 770 -266 686 28 -250 -747 -178 -276 -680 466 974 -146 671 531 496 149 453 590 -101 -43 -986 980 -311 -968 -693 473 -850 371 -756 -25 467 -610 441 169 -356 220 -484 678 -331 494 188 -968 688 -28 379 123 639 724 100 355 642 837 -95 72 837 -377 262 -839 784 843 -741 760 901 741 799 -560 304 51 -645 891 55 821 406 -467 344 -816 -445 
-810 674 -183 21 -959 430 -521 -318 -221 -848 -832 -689 841 -765 -137 -864 -574 902 581 -225 570 -383 -428 -166 668 209 110 -918 856 -139 -714 288 521 -469 119 498 -298 619 -448 939 965 376 -244 -153 -102 -564 101 67 192 -584 90 -851 317 -902 508 775 610 182 499 585 -42 284 -871 -911 -949 -394 819 -829 -119 638 574 174 728 891 635 72 420 326 -150 69 500 -430 -114 -8 562 632 926 -493 912 -788 954 -115 422 -841 55 -465 -147 84 950 794 
919 -362 -627 -582 -27 965 486 395 760 987 -466 -351 -743 -771 -741 440 221 -26 65 759 413 500 -283 918 502 982 756 -316 -737 -776 -587 -735 -546 248 310 56 -218 175 4 253 77 -962 221 -165 591 -605 -432 -92 228 501 -5 22 -898 640 -1000 506 773 -428 -952 -29 991 649 -437 -31 -487 -662 980 -813 775 -22 -181 290 -728 233 -699 818 257 -199 -258 89 350 132 524 -223 -258 810 -444 -346 656 312 36 -958 -170 661 328 -631 894 854 108 -390 
623 -325 477 953 -304 354 268 -691 -60 -40 -961 -396 -495 11 -998 988 635 493 600 -543 -529 935 104 256 -371 -931 147 -223 -140 119 -265 946 -403 -736 685 -146 949 -976 -806 -933 234 576 531 -64 -826 -211 553 771 -220 184 667 -84 709 -478 935 548 -354 785 584 -840 -359 -530 -585 -374 -141 -337 -841 934 -126 -626 -944 311 -257 538 501 -580 -485 -843 -38 -210 -575 250 553 -45 -457 -212 797 584 925 259 662 -278 152 -192 -190 275 648 -611 255 928 
319 -190 476 430 -494 823 551 38 328 -66 -548 -602 484 -795 -125 -877 -291 701 -321 -84 -282 237 -616 -562 -13 -452 -908 -956 589 -235 962 213 -146 373 891 -693 -812 -809 31 -59 -247 959 -786 317 -646 506 578 114 796 -195 944 -690 -817 -457 -868 793 -756 214 -47 269 -373 -327 601 112 477 -467 -546 -833 224 -284 694 -609 -790 -701 786 92 724 -28 743 -486 646 109 -74 -311 -396 356 -33 -313 -766 587 -725 273 467 282 -41 580 -910 -18 -280 -775 
-728 -420 195 -803 333 175 -618 930 -471 801 0 -824 248 552 -604 -771 -877 -587 -933 851 -902 -886 946 935 -785 -128 424 288 -433 654 -580 -108 598 898 638 -189 -570 367 -424 432 -466 766 -597 975 972 -478 -928 212 -745 165 18 -132 932 794 -173 -349 739 -927 209 504 496 958 -266 -336 309 84 318 264 457 -489 321 -174 -402 901 696 706 574 875 -22 972 97 -9 -656 -734 393 -423 195 276 841 -809 966 746 -658 212 -602 -75 -977 710 -425 386 
844 -71 801 231 -158 889 -313 137 -402 -992 -929 -306 -238 832 -426 -837 -187 454 -670 -304 -684 391 379 -788 -114 861 -23 -106 -672 -148 473 396 -831 -842 -401 92 691 174 -109 256 473 -844 719 536 -20 -67 720 -787 826 843 54 205 -53 541 225 284 -195 -30 -951 557 902 307 -35 -825 -742 -972 4 321 -173 -609 949 -826 -637 -231 755 -95 287 932 -409 623 908 264 916 302 -30 369 621 -154 -46 573 -198 456 -996 -770 -346 928 -178 -102 572 -884 
828 689 149 -58 974 977 -695 -493 -351 98 -412 -817 568 776 949 884 -558 -840 941 -93 -744 242 891 -88 266 -312 962 -277 -802 -913 964 450 -596 -566 547 860 -988 -119 274 -633 -687 -135 961 388 596 -564 -734 -268 -852 717 -754 86 -853 -653 -982 -211 904 -642 668 927 -180 451 -758 121 -104 600 61 -976 787 668 -25 681 693 -121 -149 643 686 -651 -180 -698 195 772 450 87 321 -629 -708 456 -666 -71 810 -771 260 -860 606 19 -725 -861 547 -499 
-248 -759 -630 -311 438 -268 -293 324 -814 173 351 139 266 835 552 -519 528 -178 14 805 827 190 981 192 610 -21 -790 106 -494 -699 580 -538 980 569 -976 243 -542 -185 342 -754 -267 366 -861 -505 -42 943 -390 125 -853 -929 -548 909 578 109 -169 -728 205 105 -309 -671 -849 -225 699 676 -290 -770 -548 962 -664 192 -733 -270 632 -732 -609 397 -885 737 -76 -743 283 407 -641 -104 -552 -359 -741 -496 -460 752 484 559 933 144 -328 479 763 937 25 -871 
-809 -751 119 -106 833 645 435 -391 704 -120 536 749 780 -386 245 263 457 -462 -927 205 -993 73 909 306 113 -456 -562 -800 -984 -259 -928 -753 785 -796 -944 293 -66 -84 -841 -773 -710 -398 913 387 43 -326 623 132 -10 -98 -174 -478 -685 -271 -847 12 -770 -154 -234 175 577 -109 393 701 -863 14 99 608 -773 -264 68 -277 403 -769 478 71 553 -246 -355 -597 145 -267 -771 466 154 -58 -665 906 -880 733 782 -292 -809 -493 -556 433 -274 -989 -965 347 
265 146 -470 351 960 -403 191 -458 -283 720 791 -823 373 452 854 -403 350 -157 -680 4 -763 474 983 -256 559 -822 -254 61 479 354 929 431 228 -981 1000 542 -914 841 -265 296 -651 715 59 -753 -883 910 550 -239 114 875 -643 -97 -514 -634 821 -937 886 397 937 808 56 -397 -954 -894 -119 -980 876 -27 -524 530 -482 -315 704 -362 -31 809 -528 508 687 941 116 -851 126 -408 119 888 543 638 572 340 -975 -606 -66 -813 319 449 -925 813 944 13 
-247 157 880 -782 280 683 288 -721 996 714 996 -542 43 183 896 640 101 486 -177 512 434 -23 372 -77 -221 -407 646 -4 471 -632 616 898 318 -730 -422 888 -101 81 413 -715 -342 919 871 36 -602 441 55 76 -530 116 -3 748 -999 -80 -927 -504 16 -66 788 -587 616 -688 -534 26 767 610 941 -461 804 -658 313 834 969 872 -239 -545 -228 -701 -787 274 835 -539 767 847 -65 978 -340 -580 -953 -981 219 635 516 169 -414 935 -462 567 462 44 
99 -170 425 853 41 -559 996 -506 185 7 -734 988 -291 -868 576 -984 -461 896 590 34 -119 734 -739 489 -594 226 391 624 216 246 -800 -742 -492 371 252 697 11 317 771 473 570 532 692 -103 -660 62 421 -587 479 -125 801 -777 -886 -956 284 127 -618 873 321 -858 284 85 791 -205 -917 -121 -827 570 717 250 129 697 -661 745 594 -979 -969 -386 165 -666 -900 -407 31 -314 781 -321 840 -849 882 534 145 -148 -797 378 806 677 199 -25 -912 -173 
953 554 -850 565 944 869 -908 677 -213 582 903 -27 572 480 898 995 187 256 -463 417 -145 -391 -96 528 287 -98 890 -922 -970 -904 -163 571 389 -697 -19 881 200 549 -725 543 986 -150 -293 236 291 -656 -601 -191 -200 -835 70 681 794 -353 763 -803 -563 -876 -53 -20 -771 -572 -463 498 187 -313 -823 -312 -38 -296 545 145 464 330 -53 -384 -523 985 444 -162 -806 267 -838 385 -5 -774 -782 -538 621 -545 429 344 -310 -283 260 394 796 78 -573 436 
-958 -127 948 669 -339 951 301 185 710 -874 274 503 -564 208 756 601 769 -220 45 -252 -868 -45 986 528 983 479 -452 -310 -720 -52 927 -33 -588 -249 -823 203 -619 654 -789 -686 389 -571 291 482 689 209 -66 -838 -974 653 -583 827 -751 -21 177 383 -80 -845 101 -13 950 -652 825 370 682 266 857 674 368 -416 238 305 -838 -433 92 489 -453 672 48 727 -241 -48 602 204 -23 -750 -592 -884 507 497 -839 939 893 641 -222 -348 -150 81 -927 -227 
-450 -829 585 -454 -877 -585 -730 67 965 908 -626 816 -130 -678 -994 373 82 843 199 -237 365 -117 -186 -926 -443 -577 156 -512 -608 612 250 922 -646 -806 -302 870 -168 565 249 -400 -519 110 118 -281 535 -735 527 -604 -463 -871 -836 512 784 189 -699 -636 -132 -64 -219 27 482 -218 246 312 -667 212 -680 109 -919 -599 801 966 -587 352 977 -692 -783 -41 223 -252 68 495 123 -713 519 -586 784 912 572 263 175 709 223 571 -968 -899 62 869 361 203 
36 -876 -981 -190 290 583 684 589 467 -736 995 -254 637 767 71 -665 630 327 -711 529 -628 749 327 -655 146 921 86 494 852 431 562 507 76 764 -902 -967 95 -513 -817 -399 718 336 -199 689 66 -118 169 810 770 -699 -683 567 -678 -29 620 225 748 690 -363 762 -28 522 -176 -902 -686 311 265 -685 317 308 -521 901 -156 -943 458 103 -470 149 488 -683 834 -246 617 -174 845 336 -215 -388 -842 106 186 770 355 558 398 528 -307 -635 521 525 
824 215 -428 -969 -343 691 -288 -729 88 -335 -644 356 -291 -435 728 -567 -210 -987 -465 -454 -544 736 -543 867 536 112 852 -414 988 -902 545 -555 -270 -281 -715 2 124 813 -518 193 507 -70 328 837 921 260 241 56 332 794 -255 -615 820 -531 -791 -69 497 227 -666 -784 -255 324 894 -964 854 236 -267 -596 -863 -628 377 -901 -597 83 -545 864 683 236 -85 162 160 613 679 458 599 429 -891 -402 124 689 -442 -369 -211 -712 -640 -834 893 441 158 -372 
50 871 -159 -186 -326 -918 144 68 56 993 278 363 461 -211 -338 859 623 626 -216 -113 -729 747 178 -573 -664 -221 783 907 -833 -593 -174 -138 401 819 -664 349 668 680 -121 -348 843 -943 881 -376 230 -225 -476 252 18 -28 -987 -568 -997 -118 141 -952 701 948 -520 -525 -854 573 562 558 -822 -85 10 96 898 -796 373 -979 478 835 851 392 815 175 768 -38 -326 -905 397 431 234 -207 975 -410 439 -840 -628 483 -43 -348 612 -855 -828 -727 330 -297 
-521 173 -557 -680 -253 547 433 -333 -68 -480 -365 1 -600 -450 28 171 714 -749 278 -164 -208 549 966 -575 -277 75 -2 -962 -259 84 300 799 682 330 41 21 891 -369 -930 -526 -592 -164 -121 736 -898 772 -993 358 -25 -787 986 0 613 -138 -173 909 -616 -182 -303 459 805 947 -638 -647 818 966 -425 -87 809 932 535 -461 -259 54 -675 -336 151 -621 118 -368 -524 512 799 -285 -988 -924 102 161 -144 798 -196 851 -714 -702 -989 152 -51 514 231 19 
208 57 -158 -454 -259 -406 -542 -541 215 -463 -993 969 951 16 -913 -611 327 -473 -486 -140 850 -226 -92 -489 106 168 157 -238 -73 -479 734 625 -554 -940 -479 -178 212 -205 129 -263 893 -287 -8 850 -718 876 930 325 285 -338 884 175 -315 -112 689 684 -78 -219 322 -637 376 -38 -8 -653 685 660 849 34 -230 80 383 -304 -662 -919 -127 856 368 546 -333 -899 -957 882 -271 -826 -665 802 165 -229 -228 334 891 -278 169 348 859 -128 -911 -786 219 472 
-702 -431 -964 651 -498 202 920 -749 219 401 -901 278 594 61 -868 -211 53 25 444 -733 468 -530 499 868 37 848 863 759 821 510 612 318 -249 827 -502 -653 -741 953 814 117 767 157 370 657 271 -637 -227 532 304 566 619 -9 498 -176 131 -651 -245 429 756 -201 587 641 128 -751 694 869 339 775 -822 177 -883 38 -343 -277 -880 650 500 -208 6 198 -461 -306 957 -941 -913 -638 31 -909 -24 -636 386 446 -961 -204 -796 39 -296 121 -980 -869 
-344 140 -109 562 424 -758 349 221 306 805 -26 789 -312 937 755 -203 -315 -286 -285 112 -318 -543 -472 -246 -239 -760 -660 162 -592 89 -935 720 194 194 47 -220 -287 326 776 584 -344 209 -228 465 175 344 693 212 -147 97 -101 -305 -587 393 -330 166 615 -831 865 -667 -895 827 804 747 882 -972 -822 584 -838 494 -564 -440 -86 856 275 973 512 568 176 821 296 -634 -274 425 364 -318 290 285 -506 131 -939 -859 -106 452 520 696 -729 752 -473 673 
909 33 690 737 -932 -257 646 333 -765 -926 753 158 735 889 313 55 958 129 -178 335 -419 333 589 244 93 335 595 90 61 -660 725 -932 -787 -873 -682 454 471 476 -385 -954 879 -363 -764 -205 495 -775 524 -723 -155 866 -876 -247 -173 913 611 148 867 -352 679 107 284 -896 -316 -764 -492 -417 8 208 965 -179 741 867 357 -704 865 180 584 78 512 -463 -699 597 -954 -562 554 800 -525 -718 -892 -127 752 367 -697 524 811 -410 -374 -432 -799 -464 
-14 340 -886 -33 -203 -587 -392 -654 763 125 157 -949 -207 -813 -789 -370 811 -128 433 -548 212 809 391 -455 805 -440 581 445 -960 -671 788 -237 461 696 302 200 -15 -616 201 422 -574 -214 484 125 -891 530 -564 -340 701 524 740 767 -224 -839 -721 -150 -620 -872 -240 484 182 45 274 -788 -614 848 157 133 163 848 280 -481 -90 -884 -347 -912 -763 -949 55 -974 148 -670 -561 928 -670 -940 76 -937 582 459 -823 -348 361 996 525 -155 -3 -946 610 876 
-134 442 -888 408 -397 -254 -336 -161 800 -614 -932 -690 -515 30 440 -390 149 762 -232 -92 -443 671 -635 -890 512 -145 -136 -537 955 -78 150 -651 -853 432 987 425 544 -478 433 335 711 335 564 133 -53 -409 -133 58 -561 727 750 546 511 -955 203 -939 -766 253 -933 -250 -154 -297 88 349 690 419 -659 788 750 -453 309 -806 176 604 -5 -141 255 -952 -107 857 -100 -725 -642 -627 -428 614 -422 942 -94 679 -180 -392 -548 -358 -792 -96 598 -254 643 370 
707 353 -832 -507 541 -405 792 -263 -172 -613 -807 -222 940 -897 483 266 -814 90 -274 3 604 -210 198 -379 -197 95 -928 964 -682 -852 -132 -857 -451 288 746 616 -68 -534 608 840 358 890 423 158 -818 -344 -103 146 22 -23 36 947 -860 -979 847 85 -597 38 -450 148 286 -907 731 3 -504 -480 -560 705 679 -897 -444 306 521 -568 317 595 -461 -606 514 296 573 521 -577 808 -708 -223 -480 -961 739 727 -838 740 915 677 -848 275 -953 170 -573 -87 
632 321 969 -697 528 -631 703 191 -320 -588 587 721 246 453 -193 614 994 174 -22 -472 207 821 790 -129 138 -338 -427 846 -119 887 -499 -515 -821 452 -893 -200 527 -606 -160 -963 215 776 -666 -941 -657 620 -544 886 947 -414 95 -809 -532 -806 67 424 -456 297 714 -454 405 -633 -287 -320 -216 303 694 -85 -943 -665 591 -11 -466 -188 -956 -314 -321 -25 800 -911 -426 837 -776 57 169 -408 755 508 466 -152 122 838 -951 466 517 -687 373 -659 51 723 
757 206 22 -455 -850 -914 -104 268 -808 191 689 -196 -903 -653 207 -158 102 695 341 -319 21 -745 374 -383 514 -130 -107 -161 490 474 -267 -992 276 -595 318 -473 840 225 -561 458 -702 185 938 -628 -648 908 -636 -906 -80 -259 -650 430 21 -789 983 737 -292 529 -792 -40 463 -497 -960 428 -310 649 -252 -427 353 -582 -185 -972 -959 252 134 -248 -21 881 314 -58 795 292 -175 277 -689 -962 -891 688 609 249 812 926 126 384 -838 -869 765 521 -738 277 
-327 617 -109 -41 -14 455 -621 -130 536 370 248 -443 -579 886 -32 -499 354 -329 -459 850 605 488 57 -424 -606 -958 933 -423 -885 120 -855 585 461 208 -262 756 529 315 364 735 776 926 -539 321 789 903 251 390 -320 568 -554 -216 -846 80 -161 -156 504 421 -257 626 -106 270 -781 -919 -306 -596 -178 893 -130 820 386 619 -933 971 -972 889 -881 78 -318 -368 -967 -471 -9 -260 -406 -991 102 597 -753 -853 523 -596 896 -627 -639 305 -361 256 -753 990 
978 549 -447 554 -128 -408 -250 -134 744 252 196 192 373 768 -25 405 990 890 -907 485 723 207 992 -335 -536 -431 274 -103 397 485 -221 100 746 -589 462 188 558 -506 -9 109 -339 180 494 737 234 616 -271 -27 270 -336 195 117 -380 -519 -746 370 285 784 -135 -118 -296 -30 917 -156 620 996 800 -912 847 602 654 942 -848 987 -5 -844 -945 -284 -664 -638 333 -701 685 -901 311 -955 -968 -691 -280 -927 752 -521 -911 -265 919 -358 466 901 -398 -845 
671 -72 612 -905 -891 717 -633 -15 -559 -80 -27 60 -932 665 -522 138 874 -959 -700 505 845 326 -676 415 1000 -534 750 405 -952 949 249 -745 200 265 495 -405 629 355 -326 -329 193 -458 313 921 502 -883 -418 970 287 -190 690 552 535 190 979 -978 521 706 920 399 238 -947 -913 -766 -136 -456 753 -616 -667 433 -180 -795 477 -60 220 426 -942 -418 -802 -935 -780 -124 556 722 -159 -551 686 -542 -103 -529 -960 557 -116 -822 -673 795 811 44 -590 -264 
651 293 21 293 27 73 770 839 -265 706 79 -647 14 -256 -504 -279 -328 -160 10 -403 -100 538 -891 710 -916 624 217 530 382 723 101 -20 -257 203 715 -552 -850 -738 -885 -859 -691 -676 510 -828 73 -693 279 980 -380 91 -67 -211 -398 374 219 955 -715 917 772 607 -831 717 750 816 -730 -461 -920 -672 441 50 407 -945 -91 -369 128 -704 -621 -118 -35 272 -504 -699 -885 550 567 482 -766 -463 -535 870 100 814 831 53 -982 50 -997 -368 -433 853 
-187 113 91 264 -187 -807 886 395 -412 -666 704 564 -822 -224 -137 -963 643 -192 708 -446 -389 -36 -736 291 352 820 -929 985 -473 191 275 449 -931 703 -599 409 -452 -56 118 -587 8 -1 86 -493 -262 -326 -981 809 705 -433 299 -773 -420 -892 -308 -645 -224 119 104 -89 511 -946 387 -319 -866 42 57 -522 591 -635 416 -67 356 700 -153 91 -702 266 -26 -69 230 400 -315 -771 -403 -438 590 -493 -573 -796 -757 676 879 -169 297 -703 -381 -76 718 992 
-173 825 -172 100 694 -362 973 916 -391 -789 790 707 -281 -653 818 -171 732 -593 -677 -515 545 526 566 898 -412 409 -864 -704 746 156 -871 621 -720 738 -82 794 732 972 -375 367 241 220 72 859 -706 -319 -540 585 748 -185 -622 -267 812 146 -948 -272 586 846 366 212 432 -578 610 -167 689 866 -750 282 334 884 523 -288 311 -877 259 -455 253 157 893 -147 695 503 442 709 -844 453 -104 -169 387 180 -95 102 -619 -48 823 -789 379 977 843 -261 
-905 -862 -398 999 -526 207 68 -557 784 -361 269 -491 -944 600 -665 582 -77 -669 975 61 900 862 -20 -341 328 -831 -876 910 128 199 522 859 636 321 740 82 -599 -73 421 -890 953 916 -817 446 -937 324 -467 711 -149 -717 -992 -231 715 108 604 693 -208 214 -520 -510 -734 -238 490 -859 -365 -454 859 -591 31 208 -34 -498 -767 538 -438 -886 572 -252 465 366 251 780 925 -335 83 707 -370 451 223 -651 -555 126 -381 748 -880 332 831 268 203 687 
-696 -570 -841 584 744 -516 -521 815 -676 -571 -140 502 736 11 -86 299 -475 878 -868 -405 974 227 -955 -759 -870 689 814 -900 48 -460 -338 461 -184 636 463 823 -843 984 -679 504 777 159 -253 -604 376 -240 561 617 -559 -916 686 -699 472 -828 -643 -470 -919 778 -622 -251 -238 -771 -871 -51 -235 -116 964 -699 -270 384 266 -823 -358 -154 661 -160 -791 241 714 -124 -779 173 -936 -568 105 -210 879 -718 -837 385 233 -759 -619 139 664 -1000 591 -471 450 593 
667 458 491 -84 942 827 362 818 597 -183 743 -377 -583 278 809 778 799 332 686 -301 616 -464 619 70 -711 394 708 276 812 339 -585 402 -486 -705 -90 918 584 -385 510 648 44 -50 -985 461 -580 -778 -80 382 -394 -823 251 125 650 -938 -645 -919 -954 13 209 229 641 -511 917 -998 37 573 305 818 332 -759 -490 370 4 663 -813 676 -516 -837 956 -295 16 -87 -617 508 -958 -25 309 765 683 -355 -597 503 63 225 -799 -536 71 589 -171 -92 
202 683 959 -40 -753 -451 692 70 259 471 546 -63 572 -230 905 -100 603 824 173 331 -473 338 -219 -345 916 -531 322 112 -740 -807 -114 -578 -560 405 255 768 669 421 679 -566 815 947 316 732 267 454 -225 -53 119 -210 -981 -493 964 -279 95 -188 99 256 -260 841 -345 971 392 -423 832 43 -178 373 -806 -699 -650 -705 -115 446 -98 697 175 443 -343 -895 -32 599 -216 940 -852 69 -582 -392 -42 960 -288 -821 -300 -170 169 -551 847 789 -154 -195 
-688 -952 295 430 -953 534 -932 -824 443 951 -948 -792 -749 645 534 980 -678 252 -288 952 453 -301 29 -339 57 -532 937 211 -726 761 -152 -831 -789 -507 -234 922 565 -415 -796 161 -893 -963 985 -210 -234 -390 -753 -762 142 -116 450 -390 -805 -558 720 978 609 377 522 -245 -654 -225 296 -984 772 988 27 774 549 -835 34 224 841 405 -78 -534 -859 -557 764 487 -377 862 696 532 -397 -415 -292 346 -68 411 -547 -675 -66 289 460 -331 -285 573 868 490 
-903 45 203 -108 575 479 567 -582 485 515 -149 -863 -868 -635 -740 492 -391 336 -937 875 -3 -545 -215 536 18 343 877 174 -556 -443 643 -481 -246 -373 -825 746 -898 136 -813 -412 324 779 683 -560 -473 -972 938 467 -603 708 -214 -291 628 864 -78 -99 24 658 -39 852 -626 -65 -391 331 322 710 487 683 74 -943 -939 727 479 -491 -730 583 -776 639 951 -74 -427 -92 836 312 -351 -578 759 572 644 301 286 -881 -924 -279 -6 172 783 -765 -14 -168 
465 979 451 -361 -273 -721 859 953 974 -947 580 -977 -457 -808 -354 -49 -59 974 -928 541 69 -753 -211 158 859 -263 946 -690 -486 -880 -100 893 816 -720 -235 148 -328 -100 793 -488 363 -156 39 -102 46 -644 -143 611 551 -245 -771 -394 -249 687 737 128 -513 854 -589 -560 -184 -836 -658 -511 -27 -83 619 987 132 -941 -305 971 329 50 527 411 180 -762 183 826 286 949 -144 -661 553 899 -652 937 555 -26 325 573 508 -381 884 30 908 -645 745 830 
-772 -856 -673 378 287 -809 407 401 -152 976 -72 -200 -798 693 311 -184 694 906 588 976 -919 324 -471 -85 -236 -798 78 60 630 165 -549 -967 -873 185 697 864 -211 52 233 -659 877 -553 -966 433 522 -927 -891 515 -51 144 754 651 -956 -324 560 -392 373 906 -722 609 59 203 -930 650 182 645 -26 66 -957 -470 -795 912 -219 262 -173 192 -920 -387 634 -612 851 605 -198 924 204 448 -566 789 -645 -813 -458 -823 -662 652 498 -252 -290 579 -559 638 
859 -28 898 706 991 -639 499 -172 574 989 -323 -364 -489 214 -806 712 -251 558 -756 300 251 -109 -675 988 -327 -173 -295 799 -344 -497 -91 -35 481 -888 -782 912 895 630 126 -571 -928 31 982 37 -986 -535 35 -250 791 592 -99 -466 -561 786 1000 -931 780 397 -997 447 480 -720 9 103 -744 -600 -842 -270 -487 -556 747 125 444 306 -828 -693 430 429 -984 30 -887 750 219 149 560 -956 438 -698 -316 -872 -762 -144 280 509 66 -709 573 -139 697 47 
155 763 640 552 175 -89 459 -556 186 910 937 -931 -167 31 401 97 42 -815 -570 628 -618 -151 -416 629 -998 434 -63 499 -134 527 907 -312 -326 -97 393 -669 -967 464 757 190 -875 -127 422 8 790 -883 981 -480 916 -776 116 -826 453 -681 911 -889 121 959 589 -797 214 737 -176 874 -972 -808 528 -853 -48 -548 398 -819 -981 72 525 -607 -894 350 447 135 988 988 378 974 313 -558 -46 49 -916 -21 -429 784 -131 -20 689 -651 -194 960 -800 -470 
804 991 -465 886 -357 490 -236 -687 -489 -513 467 448 -569 250 -402 -203 462 -124 -210 -321 950 501 790 -85 -479 -74 204 804 545 368 -301 -900 -419 -728 602 254 -119 135 545 -131 -623 469 6 386 340 352 40 533 751 625 -480 -876 65 -125 363 -217 466 -382 -941 290 -783 591 551 259 -409 982 415 -67 651 291 -273 797 583 -488 223 -337 131 350 586 -367 645 -787 61 -312 -21 892 580 -15 -631 -802 110 766 124 66 292 -772 -287 -423 -931 294 
837 -127 625 -305 -447 982 -814 457 -410 899 -720 570 -530 148 -212 519 -221 314 -63 690 -781 88 -942 -880 -777 269 -117 908 -511 -489 -839 -157 -789 -680 -663 -675 842 75 -495 395 -60 -425 -874 -6 -377 414 -694 -519 454 970 -879 329 -535 883 -960 117 620 479 965 -65 -569 -642 -252 -892 -792 463 814 -976 495 -961 436 -595 -634 -580 -259 805 -208 -66 295 293 -222 116 -866 -739 -885 -742 65 -323 -480 511 233 580 385 -746 -155 -177 -98 -202 -403 -326 
-58 83 -657 -938 -462 375 -35 -240 344 221 -840 -359 -150 -606 27 -749 -253 -444 738 186 51 -320 720 425 -696 46 190 943 132 989 964 896 32 398 -150 -59 713 -262 342 -193 603 819 981 -125 386 874 162 546 -341 474 -616 -952 672 798 -196 -426 683 576 32 952 -602 871 497 14 588 307 708 -856 -733 900 435 -211 -377 587 -264 801 909 -265 855 -626 183 -68 -915 -594 897 -314 596 641 401 -190 -457 729 328 -638 -159 -939 -47 456 -105 -205 
212 -961 692 -430 911 210 -45 341 -405 114 690 227 -357 715 -550 -636 703 -815 78 994 993 -91 -542 337 -329 791 341 758 -165 -348 -289 302 194 -209 914 82 -827 -203 -275 767 -806 973 -812 860 450 -625 797 248 14 -912 618 993 -656 -485 973 -898 -994 157 -868 -689 -999 122 443 481 194 657 190 816 -61 281 -978 -722 -116 -1000 -576 558 -569 -39 -694 547 783 -831 -299 342 -273 -587 -911 799 -697 162 663 960 -455 704 488 959 806 343 503 -582 
-219 -796 -693 54 -109 87 848 147 825 962 712 -487 649 81 -399 -972 108 997 -578 -180 741 -434 -654 963 -464 -247 552 -493 10 -896 -230 833 677 665 291 702 -845 -387 -499 442 601 521 977 329 991 -982 615 351 443 -682 692 -630 728 563 437 -418 -706 813 997 536 573 -309 -13 596 -182 904 -174 297 61 791 -830 145 85 797 220 941 99 -701 314 -741 -52 350 551 -115 898 474 -984 -984 -296 286 928 -219 223 396 409 -551 500 203 770 142 
-54 492 -660 701 293 -16 -34 -192 937 689 -334 167 686 979 46 235 465 -194 -828 -625 287 -952 915 -346 -469 322 517 728 796 -155 698 682 967 913 -424 -215 -227 412 -851 -983 99 212 687 137 479 -870 943 606 -8 -77 486 -914 -767 89 -304 578 747 348 -273 231 -64 -608 74 -278 -349 224 -931 730 -707 -942 -982 146 -229 397 -180 490 33 -829 455 -525 -739 62 -325 769 545 539 382 -859 -336 -242 709 -543 225 312 -259 797 969 -844 887 -642 
444 -870 -48 951 693 -59 -945 508 -309 -729 293 971 -229 856 39 587 -885 313 466 -998 -113 -512 934 -837 -605 -826 482 -716 894 -303 -997 -176 460 665 714 819 -452 -87 14 456 -889 974 -64 -938 846 -636 643 531 -660 -505 -397 517 -717 274 235 -849 -472 -153 -403 607 205 306 964 926 -658 720 818 -433 963 -960 -224 567 -583 755 -470 -906 254 -646 386 -458 519 -604 727 -61 722 893 -428 94 -106 374 29 475 540 243 924 536 -965 -164 804 829 
-209 870 -180 -310 150 -447 -175 795 -938 -329 -687 -649 326 493 170 389 -628 525 55 386 -366 -411 252 -540 -725 811 -907 93 827 -547 690 -264 945 241 -390 -668 568 847 -963 105 -774 -223 -630 983 673 -271 842 879 196 -612 -589 408 -198 306 994 -643 354 959 -469 298 -494 47 658 333 125 -516 115 -816 764 -19 -703 938 -296 -586 71 -113 576 -46 -659 -661 735 854 -234 313 -842 -246 440 -974 -236 816 -242 -909 916 -943 -961 -499 -315 -988 -213 -171 
-697 -65 658 -445 10 606 -364 -628 516 490 -461 -177 168 -163 482 -194 314 983 617 -19 949 911 597 809 226 628 456 974 755 -135 -216 -70 -754 276 -670 -918 -945 368 465 490 602 457 -274 -185 -823 309 468 -611 -15 -495 348 -857 -437 -252 -762 -851 781 -790 -822 547 249 406 968 726 -468 172 715 -21 904 -669 -538 -170 683 -809 771 -907 752 -462 541 -665 -912 -128 494 853 -996 880 -736 897 526 -302 378 -931 292 -839 -95 -798 -528 -407 398 -779 
-446 -173 -939 731 670 33 -73 587 180 -7 -386 988 425 -324 953 -143 382 -105 317 861 272 -50 -238 -115 790 -436 338 600 -571 -750 449 711 770 286 -353 -815 -479 284 478 787 710 -764 -627 -902 -36 -291 -904 -436 -994 -562 -175 370 -500 741 -403 382 14 549 -368 439 966 702 -756 -391 867 105 -374 137 -949 -641 289 -704 547 270 -632 92 -357 351 781 554 987 817 -780 413 -131 -843 -94 -709 -531 -28 746 -752 -26 -374 578 -192 913 -286 606 125 
915 967 112 -218 -785 -39 -885 -373 -259 834 512 659 497 -806 307 706 -815 -957 -219 -582 537 -162 -598 970 484 985 913 759 -516 -282 445 -774 -802 515 -93 75 -813 -169 -198 149 -985 -77 598 -908 -60 -700 831 -666 -800 -349 -255 -388 -175 265 -200 235 -900 878 468 -785 -618 593 766 875 530 974 -171 -495 -554 -960 -997 613 -460 47 280 809 -937 237 -880 -417 -230 -173 -845 -289 313 -179 770 -86 983 -726 529 166 908 -870 692 -854 880 -215 -372 953 
291 192 -100 72 -626 837 349 739 549 -887 -467 -170 -97 -469 -558 -312 -30 -952 197 -750 363 -295 -18 927 -382 761 -61 -469 562 -445 656 -236 -170 -866 -952 -844 -983 -189 -218 429 -788 -306 765 443 -423 -713 -359 761 -966 -140 35 -625 834 343 236 -15 -213 -790 -646 -876 655 -884 253 -434 -930 -45 566 424 -622 -815 743 -192 503 2 -962 926 -460 -971 -580 780 -388 60 212 -410 -915 162 -998 330 -43 -655 -464 948 -401 -127 971 568 162 -420 532 -322 
-756 -45 -223 -628 822 557 -437 -437 -466 -846 538 780 -359 838 -676 255 -39 -603 -313 -658 -792 310 -768 106 -413 343 958 -725 -499 -513 -506 -229 -221 -491 -689 9 778 549 -765 21 148 506 790 890 361 -774 -361 149 117 749 236 942 534 -902 -615 -887 178 341 -254 -841 865 369 524 492 372 -419 -324 978 39 982 -214 -94 -545 -685 219 768 -616 -314 98 918 925 990 910 -667 -327 -610 -139 820 -999 596 466 -25 -344 22 -710 86 942 -313 408 282 
828 -803 401 -36 -193 -827 720 -215 -472 -406 -288 -594 -598 -816 238 568 -971 -855 401 -193 -594 965 -680 -441 595 -846 754 -260 -710 -469 202 -403 -306 19 -514 -21 -725 -134 291 836 568 -490 -357 -153 649 -197 206 -430 18 477 -961 -564 -200 -720 436 789 -495 -57 823 -808 -188 -707 -36 338 350 657 721 -245 572 25 480 853 446 -934 -262 661 -79 -799 627 -151 189 860 -141 501 520 -77 -3 -825 -55 -673 315 -375 -516 -392 -473 -566 310 300 -489 -152 
-930 -638 -768 937 126 889 -395 27 -418 627 666 -153 844 121 368 -818 229 -947 -563 227 380 406 627 -577 -537 -912 -458 -865 -525 467 619 27 968 701 312 -347 511 390 -761 -676 -723 203 -563 298 -486 337 147 291 -579 -749 181 168 467 -372 -254 -27 384 -32 129 -188 308 647 883 -964 548 -2 -99 77 -44 265 76 994 392 52 808 -523 -16 -35 -391 -771 746 907 -807 -540 750 -627 651 357 505 -15 468 60 576 -798 -934 581 999 -816 896 659 
868 132 245 781 709 -525 812 -926 324 -678 -555 604 -446 301 700 959 981 -975 882 913 692 -828 -996 -572 359 -488 429 662 -844 731 -124 183 762 64 523 76 890 -645 -513 12 -624 -96 -987 -555 -910 114 -35 -28 99 311 425 715 -936 772 211 -31 797 894 -333 204 875 -254 148 628 -596 239 -21 -695 -455 -712 54 -388 347 -835 346 816 598 901 87 947 -506 348 612 472 689 612 227 334 704 -989 37 -461 -431 -532 -924 -748 -122 259 325 374 
103 778 -211 -123 -722 -570 -386 -980 -735 -764 828 950 773 -842 285 -161 -231 -113 770 619 544 -997 117 -78 727 -499 58 783 -850 623 286 -368 -733 337 215 -721 873 451 -872 -144 -87 661 711 31 -110 -780 -674 955 554 -787 20 881 -753 46 -696 536 -441 28 862 -711 -90 324 -408 -566 766 127 -765 481 -731 -564 -61 25 -459 -618 -848 288 684 -403 746 122 86 897 -741 -290 688 -798 505 -269 577 652 572 217 620 405 345 -796 -750 273 -502 -60 
89 -817 -223 226 -592 746 -618 -499 762 212 728 886 831 -687 -156 383 403 417 -661 -30 -688 976 975 44 951 646 487 680 -926 -91 492 -609 561 -765 125 738 909 744 680 -402 -588 -799 -296 -910 943 375 -281 565 -477 453 152 723 -150 528 -293 160 -7 -167 180 -506 -829 224 695 665 -902 769 825 -530 301 -232 -108 402 187 326 284 382 8 -26 -384 -113 164 554 39 670 -721 -744 289 966 -372 668 371 -291 392 -225 -728 -63 747 612 -497 -422 
-838 549 -50 450 -843 -855 -386 -321 -25 -684 417 278 721 -398 295 637 -839 -219 344 -115 662 -399 959 875 121 546 -796 954 867 -667 -535 329 235 -800 372 276 790 71 -856 -289 -941 -758 -839 139 -437 441 134 -11 -126 -516 -885 983 933 -743 -874 -41 789 566 947 -803 204 -185 505 267 361 419 992 -814 130 -31 896 -206 409 689 -543 -967 -807 -642 222 -189 -575 330 843 -139 136 -253 0 -443 967 -338 525 698 -966 383 -688 -111 863 105 865 679 
-858 766 -981 575 -605 -317 -714 391 867 -51 -144 845 -371 -945 -652 -846 -825 -839 -274 701 975 -302 -154 -720 962 -108 459 -698 640 830 571 336 -219 -601 80 -18 -242 253 100 -770 -403 -651 -773 201 699 -221 85 142 299 -453 -74 -480 -536 500 305 138 719 460 -263 744 750 905 76 -730 859 -724 -529 -541 -476 -975 -334 617 865 -516 -360 225 384 316 -480 -349 -968 -816 -566 -361 391 448 -719 446 -741 283 508 289 6 -398 771 -807 -757 -770 -590 -640 
-672 -316 -115 -521 -454 -75 -19 940 -910 193 -358 116 507 -508 760 213 867 -634 405 907 934 587 101 307 -88 16 -526 2 -581 -498 -668 -61 -393 -53 -779 649 944 631 -981 933 -573 -348 -266 -316 -761 -571 373 -653 396 931 722 -877 -32 -277 1000 -386 571 -862 174 -884 348 265 -929 -212 -680 765 -849 -883 -544 143 835 615 338 965 -765 -730 230 -238 -637 -378 -877 157 -964 -209 650 -487 155 3 -189 -723 -964 164 -493 -568 -845 992 681 -331 -327 969 
-433 -796 -729 -936 751 633 501 -983 -700 -669 488 -913 162 874 967 -140 178 -491 -329 -148 -384 -349 -154 334 -596 -528 104 -478 52 -308 -808 -995 421 -43 69 -484 -694 -345 -987 272 322 -178 -10 194 -25 -2 -975 -303 -467 377 -641 223 -71 939 836 -371 -543 646 -816 608 393 -906 958 594 -162 443 933 273 -690 -511 48 866 169 511 603 -334 361 483 851 -267 -357 -181 44 -361 -910 -652 668 30 230 438 -294 745 -253 -566 970 -1000 -923 -73 150 -163 
445 -507 700 785 -414 380 -267 -645 878 730 -407 883 -113 -407 695 413 202 951 -33 -494 389 -5 -903 581 -614 -739 -28 -755 -244 -782 -70 18 703 -207 -884 82 907 -275 212 488 266 946 185 -441 -996 558 -175 117 339 273 -995 357 -697 -374 -885 -518 723 325 -693 -738 436 -57 103 311 -718 488 966 -703 984 177 185 850 -675 -471 -414 833 219 -723 -963 -376 -398 648 395 -103 -278 128 -773 621 -275 289 885 145 -382 414 261 152 69 -910 -629 -555 
208 828 498 518 -790 302 922 25 -788 605 -639 -114 211 -682 -77 136 -504 -110 733 992 9 975 -250 392 494 836 152 -796 201 -534 -395 745 -633 -528 788 -532 -737 454 -389 -467 214 -734 212 752 61 -241 831 -690 335 773 -150 -132 -580 -865 -166 -36 -757 405 -134 588 470 284 -967 -561 197 -66 678 444 653 -446 632 550 229 -609 -195 294 988 -86 170 956 561 -441 -16 861 456 -959 226 -675 -213 -567 833 892 866 -826 -277 -431 542 -114 -344 716 
