-742 -915 -78 -785 -168 -693 206 946 -634 -342 -164 775 -732 60 313 -506 614 813 -724 827 -299 -314 229 -568 103 412 385 79 -910 -283 -295 -159 -917 -934 -699 -293 -323 515 -674 623 522 348 -307 -983 -476 88 -629 227 808 706 -585 -283 -308 804 -235 669 -898 710 742 -545 321 -408 709 -110 -979 811 602 767 -229 469 -70 957 -522 213 -400 -945 -917 -550 162 969 -212 -511 824 -157 -655 703 -304 -457 678 -457 -431 -927 220 869 -92 -861 -102 490 -596 -493 
-816 -802 503 683 776 514 625 412 623 466 -91 669 764 810 473 -880 621 -309 -505 59 -270 567 493 -12 643 -260 -290 -204 -753 -784 759 809 12 837 -184 318 769 -500 765 42 907 -459 873 243 -292 17 168 -469 -448 330 680 -603 567 956 868 -137 -12 494 -252 726 166 382 -510 -299 621 630 -325 -672 -71 205 -824 -882 331 396 -17 -174 -762 699 -491 -883 106 933 -642 -83 235 -209 659 550 -476 -703 269 687 936 -71 -577 287 986 -180 -406 -154 
-326 477 850 -624 -589 -586 379 137 -753 831 712 -646 45 837 399 -743 -666 762 531 329 -410 554 -527 -839 861 223 328 -370 -197 -911 -96 -328 -392 379 786 988 -267 349 -20 -745 -952 -132 -581 -41 788 57 -92 435 321 925 71 -500 45 -77 998 -910 583 351 -708 -877 -105 -436 -839 -495 -599 -320 209 -40 825 998 104 -730 692 -453 -91 -113 885 -697 731 -809 245 483 -416 -752 -398 469 -648 -936 -817 676 1 680 594 879 -244 -149 168 -985 192 -693 
-523 862 458 927 -334 219 -15 954 -745 -645 -203 280 772 -913 -704 578 999 -476 -948 825 566 -530 -275 734 -218 -525 -801 -582 505 -671 234 790 -112 807 -31 188 762 -499 538 698 218 -847 -911 -699 532 426 -19 -968 -162 460 -201 832 -743 354 -351 -691 -955 998 -71 -170 -818 265 355 -121 -717 62 -174 -45 -97 -34 -630 -306 -999 -679 831 -401 -541 833 91 -969 -128 603 -699 -471 -239 -288 91 98 -545 371 529 -494 16 5 32 31 -112 21 -268 -994 
751 -793 -176 -248 -56 -238 -820 556 145 382 730 -300 -416 -277 709 205 -462 -519 -147 693 437 -497 -27 109 921 244 983 32 -720 449 -392 79 688 -543 672 -586 807 -722 -849 -708 -329 -129 484 -902 122 -42 -564 -271 -490 -760 149 655 573 975 -180 50 261 -883 686 627 709 217 584 302 612 468 452 -754 735 136 784 991 911 817 95 -152 -761 -445 -571 -859 767 -673 -5 529 442 381 -406 441 -444 544 -25 -783 533 87 -606 -171 489 -990 -31 759 
619 263 -507 -925 922 541 277 -637 278 -857 518 -74 -98 838 -719 87 -648 -833 -524 -242 -588 702 -918 -794 -378 -118 -137 -846 -441 -95 -819 -999 -338 -332 -92 609 -100 675 453 766 -246 591 -319 -170 263 -500 243 464 -818 -793 152 -856 -712 266 -568 331 852 -23 578 -474 554 -404 -969 -988 908 116 -333 193 720 -731 167 -928 740 -692 -286 -340 -760 -384 4 470 334 -87 274 -691 284 579 109 -483 -72 -597 422 -124 778 -480 -419 -605 -82 -263 316 709 
-882 -824 526 514 -462 -764 217 943 780 739 663 206 263 843 878 -439 568 -455 343 723 -464 606 -379 -454 381 811 995 -898 -721 406 -688 -75 -88 564 1000 345 999 905 739 779 846 -30 81 9 -388 54 425 -319 -649 -813 -207 675 18 748 -384 831 499 598 -312 864 803 -506 -513 -842 918 355 561 -686 -143 513 820 -135 -863 -542 -901 640 -911 -156 -86 947 -424 590 316 484 -194 587 24 713 -85 -358 -994 531 -77 12 861 841 -811 -957 -691 483 
7 323 -253 0 59 -4 896 690 -233 -373 -108 802 -620 493 -836 92 237 -753 -833 -682 -419 824 129 151 527 617 57 -710 302 733 -734 393 -739 157 378 26 -301 -435 196 881 486 -570 233 -619 -498 4 739 222 965 624 14 913 -924 272 161 -641 -381 92 943 -597 -712 -280 494 468 -614 -859 762 995 269 649 133 483 -905 55 -72 935 -390 -962 -629 -527 -873 816 223 145 124 146 976 -56 -754 880 -123 409 -15 556 -377 737 103 -995 -997 220 
734 -445 -418 81 405 788 -902 -698 -86 976 242 333 -156 785 845 -988 -357 -207 599 -301 -758 -164 847 -834 417 329 -194 555 -170 -834 726 687 487 -706 -195 13 505 -409 88 -814 431 542 631 -529 329 93 730 -711 -424 -661 827 -854 831 -919 -382 156 252 60 -484 706 -499 -734 -499 -844 744 433 -123 -18 198 12 427 -180 -320 150 578 -639 45 -560 -578 375 -891 0 -905 -401 394 960 936 -900 699 -480 -952 -643 740 476 -821 -732 298 352 426 140 
-575 -818 -457 -288 -207 479 578 -134 383 -973 780 379 437 548 -323 844 900 -769 -605 16 -252 -531 -403 -203 -853 578 603 -674 210 665 -171 -121 -492 -494 -267 75 -947 -751 -348 82 -166 97 -395 -730 -497 422 261 -196 -901 -483 -431 -373 -780 797 -90 -615 -10 31 382 -338 889 800 -799 -317 -283 577 -994 -541 171 889 592 -687 -475 724 -185 634 404 -448 -620 4 -179 408 436 327 -720 27 -723 638 462 -913 -268 -234 -639 -562 -61 805 15 -990 -606 944 
-179 -973 -864 -326 -34 -616 -171 469 -729 -110 2 635 475 320 376 17 234 -781 -901 -577 780 -82 188 168 241 -935 -844 -248 -84 582 210 -603 -769 826 -916 -335 -569 -229 767 123 -780 11 -962 -929 891 178 202 734 -560 -300 350 -122 -518 -831 327 437 -122 714 -681 -570 167 -939 -412 979 -429 721 -231 16 668 -781 -760 379 595 -692 569 841 -704 234 17 -805 -973 -441 76 -924 -140 662 -253 500 -956 38 -821 1000 434 -205 231 975 -582 -940 952 931 
-783 679 117 -407 -671 -67 564 5 -753 -505 46 -295 -524 -214 789 813 411 943 390 476 -596 968 480 -116 -636 749 757 -148 954 -581 -916 -430 -670 -957 866 -605 -358 -891 532 -621 919 -509 298 440 -713 374 -660 -658 -558 -615 204 -170 -637 -181 -991 511 -582 144 907 653 -566 -32 -841 -428 -501 678 -530 262 -861 -405 -204 864 221 -656 -811 -493 -971 -870 -809 -214 -211 -27 -951 432 522 -277 -897 -3 414 247 -524 -469 993 30 162 728 -199 -71 -533 -60 
-956 -388 705 -162 -996 612 332 661 -677 998 -890 234 823 -593 968 -1 158 -972 323 -750 198 709 -324 -893 -50 -758 -832 972 -181 497 245 424 974 892 -549 -538 365 -772 431 -397 -466 339 253 -586 -417 980 -897 613 224 27 580 -279 377 860 266 -507 500 618 -274 -892 712 -398 413 -915 782 -49 -310 -381 -760 -61 627 95 465 -616 444 -439 312 -800 876 -54 650 -707 56 -998 606 632 -391 -24 -363 -417 -804 678 -873 338 -822 884 -798 989 383 0 
-675 812 63 693 708 -864 115 578 -867 755 -367 217 185 542 -847 -118 -143 -704 -17 -801 -161 885 -148 -100 -562 -900 921 982 -535 634 37 -166 621 -444 895 -94 -828 142 -397 129 -163 -339 -96 128 -946 -755 42 820 -577 -682 688 -438 59 472 -168 -404 -649 835 -814 -933 -509 -122 -479 113 667 686 -153 727 -731 -331 573 361 -899 332 -364 -901 108 -713 23 -154 975 -856 -505 238 274 -615 -292 -159 -568 779 196 -710 -95 911 812 -237 420 556 -508 676 
-384 806 -10 -476 -828 709 109 578 593 -906 -779 -676 887 166 197 -520 221 -568 886 -237 -788 455 977 -233 -27 -284 685 819 705 -719 -87 645 -591 156 632 -960 -33 318 520 294 751 -352 -61 617 1 265 -98 891 63 267 -35 797 -540 328 367 -592 -1000 -144 -723 349 703 -655 -70 -313 719 -320 597 -212 889 372 -746 708 19 19 43 -218 -412 304 431 -950 876 650 332 -6 -551 -990 -805 -192 995 -819 197 -773 -21 -205 551 -782 -348 321 500 -183 
276 -254 171 -249 -623 -874 29 -878 -997 -601 -588 616 739 -505 -314 278 728 -752 531 -410 -777 -79 204 520 771 -21 -635 -246 -12 -528 -713 241 725 327 -252 -843 -306 -841 551 217 -429 512 417 -358 -365 774 880 997 -548 368 55 -666 -282 230 -803 -858 573 -908 35 564 -556 575 989 -175 -761 369 118 581 -33 -823 -454 949 -913 762 85 545 -177 307 949 -101 391 363 515 961 -636 -757 -930 -493 -308 -909 87 -953 881 -52 -780 -295 8 40 287 398 
367 259 -362 825 -641 -696 422 -978 -536 761 -192 522 336 229 629 277 -881 -269 -663 -383 941 29 397 620 -127 311 883 67 160 698 -563 -450 571 206 180 -548 687 975 246 256 918 -971 747 -597 280 -877 310 565 -987 514 -793 -385 -818 848 -16 -344 -56 476 -590 771 648 74 88 981 -204 427 -991 391 26 107 -788 -748 -940 -295 521 -911 663 540 -859 -581 -734 -385 -178 850 263 -221 73 543 -723 -599 -941 352 604 -128 -773 214 183 752 216 550 
-43 954 -320 79 -137 205 -296 108 158 258 57 -89 125 -401 406 518 -14 -786 247 232 263 655 587 -160 -437 734 -681 722 -725 363 836 758 -438 -809 -455 402 -479 -512 -863 -613 -289 260 53 888 922 -793 -612 -447 -949 -97 -820 64 879 -481 824 -245 929 -986 -302 -731 -188 997 417 -137 -837 -54 -560 -491 608 -29 -239 628 -140 764 197 -578 -22 -209 616 76 -263 -383 683 904 94 -208 -259 90 -60 972 823 80 309 146 -798 -699 721 -220 -921 759 
-357 415 604 -389 879 485 154 555 -845 860 -460 266 -728 -386 -351 667 508 76 11 -601 358 -712 236 929 -366 582 -189 332 975 -192 964 115 14 -976 -111 -875 223 965 -919 -557 572 535 -619 917 -369 464 872 603 -455 -920 167 -598 -997 628 108 -801 566 -73 -582 28 924 867 -200 156 459 -119 -522 -253 911 -791 89 412 966 176 942 -837 131 244 526 -459 172 -274 -261 515 414 -906 -640 778 -800 488 -288 -930 404 -15 -150 -537 -988 48 45 -968 
-595 -57 74 -933 -909 833 -660 266 958 856 316 -672 797 694 94 368 677 -399 -499 922 -60 -566 570 513 -138 -762 502 -701 -186 857 699 604 -30 -481 217 -333 -566 -164 -626 695 -413 178 -65 44 -463 350 -414 -567 390 573 -488 601 295 -419 -129 335 -104 546 -111 992 609 311 867 48 121 241 88 -937 950 16 -2 -696 -509 954 213 577 -753 109 960 713 820 327 705 -304 -230 -567 99 -854 -479 756 331 210 59 -19 943 605 230 -383 -167 178 
494 380 -904 -765 70 695 42 -738 640 -88 -40 -57 -931 322 -79 75 966 -25 -735 733 -254 -813 -987 777 -523 -428 419 -520 316 3 805 311 -122 -618 505 -321 537 -962 213 -242 -44 770 -608 580 934 978 540 -178 -506 979 -77 871 -840 171 -832 -654 923 792 79 836 440 665 358 716 -419 -201 454 540 312 -42 -677 917 -420 -686 -599 893 313 506 399 -577 287 -14 895 672 -842 599 -179 -464 -651 93 295 -362 -847 -159 1000 466 -331 696 -919 -469 
-836 966 797 359 -400 511 537 -836 -825 -945 432 -344 -39 605 568 -520 -2 -40 -261 575 -902 -891 512 -713 473 -939 445 -596 668 229 -302 -521 -69 363 -353 457 -23 451 717 -379 164 -358 -773 518 -624 -162 -698 687 918 496 263 -110 9 -976 -424 438 194 -502 853 -483 -405 521 10 302 804 -127 -165 -198 -459 -197 -713 -428 131 -638 608 197 964 -396 -365 -550 408 843 526 669 480 648 130 -390 179 589 -73 -79 137 863 503 -986 44 -679 -97 173 
-166 -92 -420 820 -785 168 281 -433 -413 -463 -62 -453 -424 -995 162 694 9 -203 -811 930 420 -289 73 330 787 -6 -12 -467 325 192 612 134 -39 134 653 739 831 153 262 -381 -904 647 -403 -313 -608 -998 -547 -800 -181 -167 -200 -9 368 -287 110 -564 -260 -748 -541 -534 530 -362 59 253 33 565 162 -117 809 -781 625 881 698 -831 720 293 561 -345 -92 390 153 11 -322 303 5 89 -9 -865 -862 -230 -749 209 380 447 -698 -848 459 -456 901 68 
-631 -542 895 668 -130 499 987 -252 205 649 432 -862 981 -274 -184 -221 -694 744 -121 556 446 -164 695 426 -108 -748 113 390 830 -792 -542 -173 724 193 565 96 39 597 -728 -950 -442 -681 157 90 933 137 591 666 134 -386 47 -498 28 582 577 -720 -542 -490 605 519 -972 -540 -910 408 769 607 226 287 -428 788 719 -461 105 875 898 -371 -554 -642 869 206 -156 -310 -37 -52 335 -497 -532 -162 737 74 613 876 776 -729 389 -361 58 -895 244 392 
793 -443 -203 82 181 -851 555 -746 457 -442 -362 -309 196 -932 506 397 615 51 9 -765 594 -788 110 -60 359 -152 -600 783 611 -80 908 -931 -862 -638 222 649 152 -650 -16 -327 -4 -965 502 885 -544 162 -397 623 426 825 -800 605 878 213 451 815 408 -505 -765 939 -700 -110 -735 579 -112 -125 593 553 -678 598 -446 740 -753 706 -661 -487 -972 634 -136 -744 -71 -559 -216 -705 -628 181 292 -85 589 45 -982 864 616 -509 52 846 -345 -792 -336 -959 
-458 730 -604 558 966 -732 148 -681 -557 871 -714 45 645 -301 620 131 -830 851 55 -234 -170 616 -254 -161 544 259 -117 -292 -429 -886 -487 -878 -602 -724 77 310 194 -431 -327 -971 -452 926 350 -878 407 -135 413 886 988 -29 -936 338 921 -34 -890 -482 725 -942 457 -376 64 584 -63 112 903 -774 -469 981 -83 311 -680 -978 735 485 -864 663 -224 -105 -487 941 609 -311 -707 -663 450 -427 407 977 -35 276 -397 98 536 39 243 431 437 171 251 -867 
552 637 -307 466 -327 -70 308 -51 358 508 -419 -160 926 -385 300 -668 378 -927 847 -639 -185 787 388 250 -313 -433 510 -998 -27 889 737 -423 606 596 -262 -71 -516 -978 932 -528 -502 -891 -996 584 798 870 -131 154 950 -826 -315 -755 923 304 -955 -253 920 913 16 927 -658 610 -663 -875 -334 -819 843 -253 582 -932 898 100 393 -943 -565 986 -614 555 -432 292 672 -887 -26 -956 297 664 993 655 -308 759 209 -42 -153 -222 -597 -356 -31 702 -78 27 
206 -134 159 759 -924 -411 54 -807 231 352 -814 546 -545 95 831 718 -955 -538 878 -94 143 -440 661 -432 -64 -384 -881 -621 -122 761 273 -160 -885 -272 751 -664 -370 347 -563 -14 786 138 459 396 -952 -973 288 846 -451 -199 -384 -435 797 718 265 188 -500 435 213 -299 210 524 686 507 282 -421 595 -491 -769 435 696 121 702 -428 303 899 658 950 109 783 255 761 129 575 -211 -133 58 -687 -126 -339 292 -894 -785 -86 -686 311 964 -367 -466 -654 
-805 -502 418 890 449 -369 106 -383 323 -172 852 65 -989 315 132 802 826 284 -747 85 935 -947 551 626 781 47 -819 856 918 -11 316 -173 522 213 -168 -384 563 -929 -10 424 -378 -993 -18 -595 -394 -597 -978 913 339 365 -6 -908 -566 257 -126 281 -582 -904 -419 -92 329 908 -165 -535 702 152 -235 289 260 534 915 928 -262 879 46 -755 9 -404 -688 -914 -155 -38 361 33 -438 712 -568 286 -292 -18 400 541 980 -214 311 -543 173 -909 -923 -853 
-187 811 783 493 -529 11 -781 -737 872 480 101 -100 -120 -465 344 -586 17 -277 -520 21 815 828 438 19 -851 717 412 214 204 708 736 -157 241 -458 737 136 -815 -106 -129 998 174 763 -485 -323 -434 155 -577 530 498 -844 -588 522 -311 -387 344 957 -484 -299 -958 950 246 -762 -1000 -723 244 -883 443 634 618 387 -126 900 -213 47 332 211 47 745 349 827 -102 306 -147 -446 804 278 -30 -536 692 396 225 209 139 -707 -365 -254 291 -795 930 -994 
276 -421 538 -756 -206 -428 6 980 299 -152 -963 479 504 343 826 897 855 943 -618 -36 181 -293 -913 940 -427 -221 100 -90 289 -791 847 711 703 540 -273 -92 725 371 -694 514 -617 403 -553 320 -365 -4 -346 -922 53 786 -27 -971 107 281 -728 -310 -413 -946 598 -16 880 -22 -233 -119 364 256 778 -338 -793 585 32 -82 -565 331 -537 823 -561 234 342 707 -796 -120 -742 712 740 -50 561 588 -396 -448 297 142 348 -358 -121 -821 -702 -868 403 265 
-239 -685 -647 -250 166 201 842 698 713 972 -449 -268 620 -341 -997 874 197 -754 138 -880 133 -601 15 704 -520 -113 -694 524 358 -153 909 912 569 -9 585 -364 -352 317 -152 -763 439 -888 -946 -398 -195 901 -884 -434 555 251 939 -273 80 515 -120 895 -976 604 845 300 -899 -500 -113 -818 -419 593 843 246 545 -417 482 -240 -847 -772 86 -684 180 943 589 -195 400 525 449 786 205 -690 878 -727 943 407 767 -439 -186 70 815 32 165 -666 -873 447 
882 7 -113 -831 -652 80 -786 280 203 -513 -666 -257 -127 990 226 30 -263 771 -84 731 -751 -251 931 -535 -92 48 458 -577 -302 357 -544 884 -209 347 -566 -783 396 439 170 -483 -345 -570 281 677 997 601 472 623 143 -987 47 603 479 70 -880 976 -881 312 -409 719 809 -878 676 -768 -762 -811 653 -660 -919 -934 529 658 423 648 -723 -538 672 666 914 -215 126 472 443 -90 463 504 -506 -215 -245 450 -805 -925 -148 297 535 -542 952 -820 -179 -737 
268 419 683 654 -941 -310 391 -292 -771 301 703 -939 986 100 391 625 930 -369 -948 -585 930 -25 -762 -310 -878 -389 658 -383 -890 -362 385 -312 -845 -632 -259 -342 359 -942 -624 -481 468 -141 -658 -416 -981 -799 -668 -465 475 -121 921 391 566 583 -316 -370 -370 -294 575 -220 -591 -207 -259 328 -224 -470 186 -353 987 361 -47 -930 -995 430 -242 -947 -65 -409 -256 962 740 -909 236 -442 186 -599 791 982 -443 675 114 -761 -234 -844 74 -237 -370 -603 -776 -812 
774 -750 -562 457 645 -997 -972 -835 152 226 -414 196 545 259 -723 -747 -906 17 679 584 752 -465 -502 -469 200 -72 -606 -431 -367 -363 -793 439 -350 -459 -926 880 -129 405 865 -979 234 293 -457 -375 -949 651 498 171 595 179 -52 -436 861 961 -370 709 -626 -147 214 -481 462 776 -238 -870 -732 -478 -123 549 509 389 -973 652 315 -966 -681 -69 825 665 -281 -228 91 337 981 -327 -31 897 -930 753 230 313 525 -535 -368 992 -664 -39 179 -437 -302 428 
384 517 -708 730 564 -522 -395 -785 -57 630 -243 973 397 617 -656 54 672 986 -732 227 166 -947 248 369 -48 -744 169 -323 -74 971 72 -424 -665 -285 -263 984 917 -48 318 669 -9 682 -281 -5 44 279 826 -760 986 975 628 305 -471 879 -728 336 440 424 -908 -699 -325 230 -410 -139 -145 391 836 118 -475 -489 932 824 -863 511 402 997 278 653 100 767 -65 132 -210 544 672 924 154 860 -715 688 413 337 -368 613 -971 -599 -440 -901 -108 109 
-741 773 -245 988 795 -107 -965 -790 851 261 989 -242 753 -456 634 -527 563 -201 295 989 980 -260 -108 -238 -708 182 501 -907 -248 884 -866 -216 863 252 744 282 -174 -222 -116 373 569 354 -680 -507 -729 -303 -366 -592 -984 285 59 -182 93 -250 -423 -325 301 -718 -970 300 -900 -293 -419 -708 -260 -293 912 -137 -349 604 -396 586 -675 -925 94 578 -319 -198 -931 -277 980 -403 61 -64 458 979 702 -723 -227 219 -11 548 -734 -314 -104 -605 -85 -412 97 -985 
151 -64 382 311 -963 176 107 -151 887 -320 -187 219 893 -633 -50 -786 -114 542 189 879 -222 -710 -306 202 -50 637 -550 -947 367 996 785 219 -550 -415 -44 682 -762 -358 109 -909 -633 462 -32 514 -23 -497 687 -364 -434 -929 -487 -912 -315 -216 -188 68 -986 -191 419 531 -228 -675 -689 -279 -407 986 742 664 48 973 966 472 -92 397 450 -229 -650 -388 148 489 -268 -292 -986 -879 208 321 -709 -178 -379 336 -914 370 229 203 -785 -117 488 -473 94 158 
98 134 -412 -764 -261 39 887 434 -735 -464 1 348 -770 -821 41 994 -785 -476 653 -17 453 -377 -375 678 -502 -792 150 79 564 -830 -359 602 330 565 115 -861 -726 -472 925 -185 -999 -320 -132 400 -813 853 -679 981 -824 892 -430 -845 510 803 -10 144 323 -886 -510 413 -173 22 47 -637 -733 945 290 -8 -683 7 -495 528 454 -916 575 15 524 381 37 964 710 644 801 953 311 726 -801 -774 -468 -873 375 120 -273 -44 146 984 339 622 -924 606 
-660 973 588 476 383 744 -54 155 -43 -262 -14 846 668 30 -723 204 299 -811 -665 401 990 -806 177 -771 -874 305 -106 575 -258 5 -826 -772 -514 963 505 -483 353 926 547 694 -409 -684 -292 -742 -333 -18 839 149 103 710 -434 96 -664 522 -932 -675 -624 -984 -875 -94 -585 -475 -417 563 15 -754 -689 619 -420 727 -415 126 417 -43 741 990 621 -109 -4 527 -843 912 -555 49 -796 917 297 -85 220 -989 -897 813 -374 48 662 -337 934 -261 0 308 
-381 -318 657 -267 -37 631 -999 189 922 -903 -231 579 -781 709 659 224 -714 -158 -985 931 561 899 -597 -604 -107 -779 735 -734 77 321 70 -300 664 941 122 234 594 117 -740 -873 262 445 148 -615 703 224 -614 -201 -248 422 98 -786 -820 532 20 366 -191 -11 232 -911 301 -720 486 459 794 525 275 633 -818 872 306 826 955 -809 -999 52 501 -273 -985 -280 -217 -887 -896 -371 -616 982 -378 295 507 -874 -998 -839 -534 926 -556 977 -453 578 -781 149 
-781 -386 -545 -69 -795 -700 295 -995 495 -655 -794 -905 473 357 730 -13 520 819 -532 -735 629 256 939 -189 -146 -395 512 -244 26 -743 -750 -131 151 -831 -650 -116 286 202 -147 616 -601 813 -460 -8 -235 -274 -88 -685 637 26 -985 -270 454 -84 -929 128 -334 -504 -716 -315 309 -705 -833 865 129 818 79 -846 -40 497 -995 559 -101 306 -560 -52 -725 949 496 421 834 851 -404 -41 4 -820 946 380 -513 -889 -439 -415 -266 -140 -515 500 635 870 -240 -472 
489 -410 537 -191 950 -842 121 -11 795 527 -588 -235 282 -667 367 646 397 802 -552 1000 -724 742 -129 -1 -793 662 59 844 -338 -862 563 962 -465 -167 343 105 256 806 556 -232 -650 286 909 -44 -828 -424 -186 -49 -856 958 800 431 -973 661 795 -788 16 19 754 -912 -516 697 401 -581 -469 -453 451 511 -324 -721 -989 396 633 289 -254 835 543 -598 89 -982 -101 -200 711 906 38 -499 -170 -511 -304 309 -861 -572 856 276 -42 763 927 -555 -837 -427 
-542 44 -734 461 -147 286 501 419 -328 -668 87 463 575 192 631 -158 885 391 185 -262 696 -202 712 -786 53 -1000 -220 491 725 368 -370 907 195 -124 874 -438 389 -251 793 -738 71 192 -298 -581 682 -758 -900 -460 -790 -57 548 -295 530 -283 872 -957 784 -401 336 359 632 -616 297 27 -115 -112 690 -647 643 829 -963 -602 481 991 296 197 22 56 -170 406 705 -8 -609 452 -908 309 -980 -21 294 735 -16 -85 -395 -356 16 917 682 844 -676 484 
-415 65 57 -580 21 55 -861 -899 -389 -726 703 -141 290 -811 437 -863 225 847 -102 -374 -248 519 -510 822 -127 -147 452 210 -234 977 904 127 744 770 -673 471 148 105 555 859 782 -400 -410 213 -24 -423 -497 142 -466 -90 594 -973 -332 141 -904 -446 223 -111 -379 259 529 -202 -149 458 496 -911 -362 806 -772 699 -264 587 -772 -248 800 -754 -340 -957 224 -554 -398 907 -39 138 -89 425 -836 -452 837 289 -426 -671 229 338 -373 -218 190 -926 1 -69 
396 206 555 -580 -970 799 -933 -834 -7 -63 939 -229 -698 -813 -466 336 -40 660 205 -944 -177 922 -839 -631 653 -643 75 -336 -108 -753 685 617 701 -509 -372 -836 -859 961 654 -665 -417 637 144 671 -933 46 -287 707 -995 -12 66 264 231 -146 766 -516 -125 -285 740 -902 426 758 -18 288 -502 462 51 -486 -202 -137 813 862 992 422 316 -880 -251 653 562 971 -524 917 263 -14 180 -161 -53 -313 530 550 810 -102 441 152 767 -546 -157 -192 -162 -470 
-366 -525 949 -384 494 339 -112 25 748 738 855 454 -209 417 15 473 -128 -486 -291 115 769 -799 -734 760 973 -230 -938 406 -486 -344 386 -545 944 222 178 -16 -10 61 -720 -412 403 228 728 788 -154 -385 619 -342 -698 -630 -70 -555 464 -120 -238 -81 535 -740 -816 -340 678 -920 -793 -669 438 -447 -154 108 -981 -645 -263 -294 -427 -706 -808 149 34 938 254 470 -818 -880 -256 -727 452 -598 585 -654 -14 112 221 -395 -868 309 -375 627 248 641 -174 -500 
360 -927 517 87 412 -762 881 595 912 -158 -921 -520 768 -985 -508 609 267 625 242 819 -493 -101 764 -137 438 -941 -959 793 -942 279 -153 381 -847 -169 609 -922 -958 -905 947 687 -295 -753 510 642 -915 -277 516 -260 -908 217 347 -243 929 -922 425 120 340 -854 151 218 179 779 -154 -310 -429 -142 349 -282 914 217 950 390 353 557 -437 1 692 169 -898 -376 -578 -153 -355 485 -855 489 -921 886 -249 -673 -669 -445 89 141 -620 -43 744 218 -638 -553 
449 714 15 887 -771 -895 821 -198 740 480 199 -223 689 -192 600 667 682 418 -362 51 487 961 749 637 -127 -427 -259 -108 472 339 -489 584 63 -496 541 624 -448 980 -325 -636 -775 555 -587 -248 599 246 -476 388 -269 -615 -44 352 397 -897 -591 -323 743 618 191 313 -792 883 -697 -450 -939 440 -695 -759 -638 -86 745 -583 -674 -423 -383 133 -991 709 -239 -118 189 201 -795 279 871 883 965 911 -726 -99 -81 -851 -970 -526 -718 368 234 -272 821 -498 
353 488 169 -997 -532 219 513 29 439 868 -607 170 423 408 -410 803 -737 -493 -636 -605 -859 653 -477 -755 -382 765 559 648 442 987 -661 -182 639 439 -905 -292 438 462 -319 -519 597 42 635 916 -755 -509 -281 847 -736 602 274 202 -967 -730 -350 -71 872 637 620 71 -628 -69 -329 -229 727 -980 -109 669 630 939 970 -498 130 -471 -302 -764 -917 -364 117 472 56 -58 892 -57 652 -89 311 -535 -753 -572 -95 803 -644 -253 587 -484 237 707 988 -409 
-379 -372 -683 -523 139 -992 -950 742 -278 -44 330 -235 -634 796 -323 410 -847 170 231 808 -573 -450 965 870 634 -365 258 445 381 -460 -164 949 134 965 -800 -999 -901 34 -740 -290 781 517 569 -916 313 734 576 34 -792 341 -607 844 -231 165 737 221 -975 -811 821 -396 -706 959 -428 -68 -132 644 336 583 -98 -480 -212 373 -982 80 -702 53 -622 -410 374 -457 875 -769 521 905 934 401 456 496 -785 -492 -88 -709 279 -752 -242 -25 -32 548 -618 271 
133 842 -516 -37 799 109 85 492 -95 -768 902 252 -232 675 -125 -758 -534 -899 726 711 125 554 162 -230 903 -801 783 862 -918 925 958 -395 829 83 521 635 189 -88 -427 503 828 -206 -673 -902 -931 765 613 -792 -934 454 -157 -877 -109 -283 -358 -474 747 735 -438 -874 977 518 625 -716 791 -620 609 -226 -504 -657 -113 -25 267 -438 878 -799 -509 485 -483 -230 -332 798 173 -77 -31 601 -35 247 780 591 769 664 351 -968 -534 -41 294 997 776 815 
144 -504 833 -288 489 -641 -277 -52 938 -25 -93 -180 -289 -136 558 47 -17 234 701 -440 264 -735 40 -987 -33 937 -667 -182 925 -909 634 191 271 579 911 -606 -107 -972 -655 -691 597 -258 -139 287 -295 -445 793 90 -631 -560 809 780 962 543 -307 -604 106 -819 -733 180 -704 207 -740 697 -518 49 300 -938 -472 -636 411 278 137 -431 438 627 928 -427 -141 -313 -259 -877 948 736 703 -368 -26 161 -843 -32 -226 -889 674 -628 -382 -634 89 -180 -564 -657 
-180 72 -51 325 821 -112 585 412 623 0 301 293 647 825 -227 -495 -820 -32 461 638 851 -879 418 -527 54 288 -105 50 173 889 885 747 86 -910 965 -882 -266 0 -722 -941 -22 -523 482 -677 -638 -187 762 -830 623 589 -444 -35 -762 336 666 492 8 -138 -961 -734 610 -112 -5 162 674 -185 639 -545 -85 -687 -234 -202 -45 -354 -129 399 613 760 635 -192 512 -845 595 198 -737 -747 465 -692 -280 1 -509 761 -263 743 -535 -221 -891 883 553 -166 
112 572 -426 -466 950 -784 -535 441 245 421 -755 73 -140 689 -714 550 829 -809 -755 908 373 -690 706 -442 684 393 609 -234 -289 -258 -48 322 -360 446 -104 -57 -858 -613 226 -521 -756 368 -105 941 909 -201 806 462 468 401 844 -850 175 -43 636 -309 623 359 856 524 52 230 -549 696 -117 680 -159 585 975 -751 507 -319 194 -119 -169 319 -837 -922 909 -773 -27 -662 428 -749 -100 158 -122 -546 861 -55 -199 -306 -361 274 999 393 462 -902 -152 874 
-284 -867 218 161 488 -550 -657 863 61 -605 726 -612 -226 916 -297 -974 -558 752 626 -222 725 3 192 -530 -932 121 698 -756 -345 -94 -517 -172 834 -569 -501 -913 -896 -561 192 -419 712 -307 561 -169 -655 918 944 -760 -945 -790 59 -900 -869 728 -849 -188 -476 422 -687 -431 746 302 714 -144 -45 37 113 247 40 701 440 -227 -823 -902 731 671 911 730 -235 411 -325 861 -520 353 -170 -320 718 -844 -597 127 -863 131 -990 597 -344 -985 736 -137 -447 917 
-37 -517 302 380 169 869 -351 928 508 554 -894 -962 939 -747 650 -419 -684 804 67 -127 82 30 -483 293 -31 745 -75 -339 -710 945 353 -216 -381 -454 -872 572 699 -551 -220 -899 -545 193 95 -53 -806 242 740 419 -91 755 391 926 -386 99 805 -648 -842 152 807 -694 788 -937 -654 539 447 740 -839 -310 378 553 732 565 689 -310 652 -417 732 -498 400 145 -251 -763 961 -108 744 -383 160 -254 -568 -15 275 -339 65 575 833 -394 -132 -513 -515 -332 
660 -644 831 -768 994 262 273 141 -789 -170 14 195 945 -691 611 146 591 -238 -417 -697 -41 629 -893 107 103 -514 -146 335 903 -982 594 -889 642 911 494 560 131 -494 -895 -75 82 608 -535 -329 348 -626 920 -273 263 -328 -908 490 717 -453 242 123 574 648 815 396 839 -835 682 597 -696 -631 -2 -332 399 596 116 807 261 874 -181 937 -467 187 199 285 -185 -851 -333 -422 -104 -989 -679 -676 383 981 -914 207 -141 451 859 101 -862 -404 113 -377 
184 685 791 -217 -994 -223 -858 -608 -734 296 866 -544 209 -508 280 261 711 800 -421 -108 428 68 -709 458 -101 661 -882 565 365 -996 613 552 312 921 227 126 714 -20 -66 20 830 5 57 -150 745 903 126 612 642 878 -687 -69 111 -788 -542 -607 651 -249 -482 514 371 -626 -499 -987 595 830 -786 -293 298 -742 10 132 -429 992 571 -739 -589 759 76 863 360 -668 -155 -278 -197 478 -767 -738 -886 770 -778 491 607 278 260 -220 -497 -686 -290 -59 
-939 307 449 -731 354 669 -968 267 -378 -252 -619 962 498 -798 -917 307 915 244 981 288 275 -989 -764 -555 -544 885 633 731 630 878 251 -217 477 -972 -139 -573 318 -971 979 288 600 362 -803 476 -837 81 970 616 982 -66 -192 517 -470 -353 -213 670 487 680 275 520 -305 526 132 -353 -737 613 68 300 286 -905 -51 -733 -279 566 -146 845 11 -256 310 -554 280 994 26 964 809 419 139 716 939 -40 -661 751 782 453 968 571 96 915 -580 -338 
303 -801 -630 -994 -583 698 511 -691 773 572 590 -887 -818 616 462 793 450 -559 -487 -781 42 316 440 483 786 761 -760 914 -617 776 900 -965 301 554 428 -531 810 -874 216 -942 95 942 262 -722 -694 716 543 -650 -254 772 -548 -899 503 -49 15 -206 887 449 560 -71 347 -901 16 208 475 310 614 -57 183 -645 400 903 -346 -870 827 373 157 214 487 115 -613 974 -12 -633 -874 -933 -166 172 59 730 -118 552 937 247 -350 634 -304 -243 90 -634 
426 256 132 -732 -292 19 -127 -977 767 24 -839 431 496 660 -346 70 -194 378 432 -968 -747 656 333 236 -929 -291 92 -989 137 928 -7 803 957 586 -88 516 706 -681 678 142 -466 -293 -792 -996 96 365 -966 264 -20 -176 145 418 243 -682 -290 871 628 -918 -180 198 -174 417 -642 515 -505 -309 -486 310 -218 -411 -915 -634 -952 696 908 -216 -27 -801 -119 -38 -151 -425 458 -671 190 -512 -544 573 -957 -395 -37 -181 -596 -191 952 140 596 58 263 967 
-774 10 -371 -682 824 720 -392 -921 -219 -846 427 -352 -850 760 -693 641 726 -96 928 768 -426 -881 500 145 -24 -801 14 117 -711 509 674 -31 -757 -221 -228 443 488 523 500 -474 -494 744 499 607 -244 -547 -316 -742 -299 692 331 -649 358 -924 -859 -153 245 348 195 584 824 -203 235 556 -295 -320 -561 -393 -408 -63 -894 -360 741 -216 786 -210 -962 406 582 -506 740 -921 328 914 15 -485 -562 653 777 671 590 -967 430 785 969 798 -706 -289 -110 971 
-934 995 396 -609 930 35 461 394 -548 271 -138 -45 -681 372 411 369 -595 -879 581 -813 -442 679 -747 713 601 243 -690 270 -891 -940 -184 770 793 178 -785 -291 731 -408 -49 272 241 888 443 -197 959 444 426 -418 -82 623 -785 270 -492 -189 78 10 874 -881 -782 258 -998 945 168 870 669 418 -814 -942 -892 -42 187 -442 -11 251 807 352 84 -811 -90 765 -993 -110 717 757 871 -360 699 626 -181 536 120 -273 560 -158 -684 824 -625 -778 -868 630 
-25 931 -251 491 573 892 625 -400 70 23 363 -501 499 807 395 -880 569 204 439 -721 665 39 -71 451 -101 -504 673 108 -726 968 -775 -871 24 -163 584 -309 79 -373 -833 77 -722 -954 -884 592 -104 176 341 -665 -352 282 253 483 941 -392 164 -355 583 456 652 658 475 503 -660 623 -169 85 506 -26 229 907 -551 -523 -640 -939 215 377 459 -733 34 -794 -850 933 10 40 -573 -317 -721 992 -591 643 -473 188 -305 264 801 111 589 -479 977 -395 
-957 -964 -224 -673 794 234 -469 -221 938 -188 -576 -565 610 -737 -119 -998 -7 554 157 152 811 406 -287 -760 612 418 747 -989 -995 612 907 -720 -333 -38 -204 -799 -244 -254 988 -723 256 -49 467 896 153 668 365 -164 -550 -260 -670 915 -950 544 -439 -69 554 23 -417 -860 403 431 553 706 -292 766 857 -243 -559 504 -791 125 152 -285 26 -860 -18 691 1000 -492 -75 262 -522 -906 -166 -230 398 371 905 585 975 67 86 -15 257 802 942 -336 -39 -886 
-853 579 152 -329 -12 136 -339 -790 -195 165 -236 908 621 973 220 -369 242 -568 970 -548 995 739 -314 956 389 808 65 -662 -347 -575 266 520 49 -286 -978 277 807 -27 -156 -711 -664 -644 -131 486 636 186 -688 -485 -909 554 -259 399 623 -998 -255 -268 -439 -218 708 -358 972 217 -475 149 120 -731 464 -97 -455 -666 -479 934 -754 743 -735 -405 478 -985 -443 -955 651 -193 -327 398 471 -372 192 462 -292 -801 905 769 -200 -46 -893 -293 -297 591 56 -52 
-530 -243 42 -822 -47 -787 384 -390 -474 -12 -923 329 -586 14 -858 -73 -861 166 -490 -577 -310 -439 -421 248 998 -819 -608 289 -724 783 159 0 -932 956 888 -153 484 -16 346 120 978 -896 824 616 -887 -311 288 837 672 519 -547 -35 75 599 166 715 687 90 887 -83 -529 -87 -736 644 -581 -888 588 112 -951 -333 710 -802 -847 320 -344 -268 274 355 -741 70 593 590 971 771 954 -353 -918 -566 162 46 -432 507 538 139 800 926 291 -193 -966 -694 
-121 -656 728 -750 -186 -54 -168 793 792 762 682 96 546 -111 750 764 -237 933 991 -343 -719 718 -155 -954 457 465 334 -725 -578 461 -155 591 265 157 -845 137 -294 265 -49 -994 463 561 -381 -300 734 734 -647 -958 150 669 -86 -697 437 275 -249 -385 -203 -128 -722 -690 811 -68 -552 895 256 -778 35 513 56 -348 -916 -875 -237 -515 393 189 936 -566 758 -530 -783 -50 -824 -108 -998 400 -755 984 727 -859 -848 670 915 240 527 -987 667 -784 159 -789 
-561 -363 -380 836 253 829 417 992 -203 583 282 -474 -827 -503 637 -58 -864 419 635 -745 -310 -969 440 -722 192 554 -153 502 942 617 -686 -200 415 -416 526 659 -338 473 88 -173 127 -506 962 752 -543 832 47 831 306 -30 147 -561 730 -608 -492 965 -92 -185 512 -345 609 -936 -673 756 690 -855 92 724 333 734 958 -66 -601 -306 -444 -749 -144 -678 -421 -28 -941 703 583 -735 927 -457 -508 718 -292 21 375 -576 -435 -569 243 -399 771 -326 -20 582 
149 -308 108 -406 -564 -417 666 357 860 982 -358 -437 -847 532 -575 -281 -349 498 -98 833 439 91 -643 484 683 -652 -86 501 386 827 322 -26 322 800 -701 -55 541 -269 -482 636 956 642 260 651 603 163 62 391 -819 805 -845 628 -41 -799 -424 956 -908 170 109 769 911 53 -428 969 125 -994 -791 598 -626 -741 -573 -639 -339 787 86 -546 950 478 665 -938 -434 -149 -246 -51 637 585 -663 -367 780 193 -895 -216 -590 544 -281 585 176 -221 -752 -642 
-948 -917 370 -57 -984 742 865 -758 -441 -492 -942 784 -510 502 -660 -333 -56 -109 -366 -135 354 121 -11 850 -357 902 964 172 629 -74 18 -835 -786 -771 -291 454 414 670 379 714 -183 372 -313 873 883 763 -130 -886 -540 279 -844 -508 -151 -737 -223 497 581 488 94 -989 -287 927 -45 -373 -724 468 753 529 994 359 132 727 -426 611 43 -638 -128 -536 562 905 569 623 980 403 -127 -574 140 -270 -669 75 -232 67 -770 851 465 664 863 796 -3 759 
-942 -434 935 24 104 69 -576 -984 980 206 -419 772 -831 -884 910 -69 -261 501 927 -891 892 -358 733 534 952 330 -33 -503 296 -269 -518 -723 -672 304 196 -443 -934 -389 -750 301 74 -318 -151 89 408 -473 -300 -50 455 624 126 371 408 493 -184 665 -881 506 -10 186 853 9 208 -842 -929 715 125 -185 -657 -271 -529 597 -607 642 496 567 186 -230 -150 -389 787 564 -231 -650 517 40 -720 33 -512 -139 223 148 693 -149 -97 -375 -691 929 548 326 
776 -366 -449 -700 749 137 -685 291 198 982 -362 -602 212 721 -164 729 -78 790 -110 -75 825 -528 78 -572 -137 985 725 -35 901 128 936 -362 560 839 -964 594 -681 737 -417 -804 -127 428 -572 367 197 -325 -994 777 -125 77 -829 605 -204 -451 -233 656 389 -331 890 543 -24 650 -476 -774 -258 301 903 -475 -689 693 745 -921 -421 192 -878 -792 191 -907 214 435 67 753 -807 -183 -253 797 -43 309 -628 467 677 407 639 651 12 575 566 161 -786 376 
112 497 659 -511 724 816 -942 535 478 -670 -451 661 482 -797 196 -854 648 -594 179 -674 -463 -327 905 -738 -470 -260 -416 733 418 27 336 327 78 969 -282 -382 -669 748 -496 -779 616 706 577 -103 -199 238 -979 479 690 -993 480 312 24 -86 273 365 -956 -262 -123 -482 -897 959 132 12 307 670 -409 -123 33 -390 -634 652 -807 -518 -416 266 383 -261 982 -944 -213 933 892 200 -141 -276 -708 869 354 893 -144 44 -866 678 -184 -360 -150 -79 105 664 
836 -1000 631 -545 -676 -196 933 -910 -466 566 -648 -169 545 -541 990 -889 682 686 349 519 31 -765 -124 443 599 228 671 -306 246 215 -700 22 -274 -595 -404 101 123 -935 310 -163 -892 614 376 -85 446 -565 -971 420 -699 -133 -832 -430 28 343 830 -232 639 688 -185 112 -912 516 -848 455 -789 787 729 248 652 -757 -267 -385 722 -756 551 -975 196 858 985 -570 988 -483 730 487 -839 636 574 -652 -38 -620 165 -983 785 554 -942 307 -247 939 -407 -633 
647 -344 -818 651 -330 993 968 630 772 610 -438 971 -146 -694 813 503 17 851 -604 476 -451 -601 385 -681 -104 811 -397 -712 682 303 420 413 541 -10 876 509 248 423 106 492 515 -274 253 252 625 466 22 -335 298 762 230 -9 -898 -734 -488 -846 17 -419 -716 -810 -438 -786 707 -826 -415 -477 48 -799 -531 -432 430 284 -602 -38 691 -272 139 236 -680 -738 67 322 896 -732 912 -641 482 -972 -503 -508 -455 -719 -568 801 -653 -607 -230 246 787 698 
589 -176 582 171 -159 235 -386 -2 -838 502 420 459 -944 300 836 799 545 -364 -879 -575 502 280 -797 -656 947 -117 -420 242 29 938 756 103 117 -592 918 171 544 -581 799 -384 -773 -369 702 644 -458 -85 798 -784 41 4 248 -176 281 841 246 628 -778 -448 -761 652 67 -771 -285 438 148 -462 290 357 373 -891 -920 248 -448 -554 -889 467 -126 -592 455 -632 773 929 -670 -739 402 -672 377 414 -873 -390 -391 259 285 -867 699 85 -597 509 -617 792 
916 -921 662 722 -490 -497 297 215 -222 -35 -135 -764 287 838 -47 132 -201 390 27 176 -978 343 611 982 -797 -366 173 -416 -202 2 554 -953 -40 -916 -823 714 863 114 568 -46 563 -585 -827 781 755 976 739 -398 825 119 -815 49 -152 727 758 496 123 112 -79 727 -918 -2 -295 -935 128 106 -109 673 255 671 601 -828 592 443 -687 -515 139 3 -456 -132 -17 -88 193 -332 883 -325 -717 528 309 175 -149 858 -270 -929 -831 -691 -501 543 967 624 
-768 -517 -391 -947 -851 -63 442 -349 -591 967 695 -68 31 14 -301 -947 715 -14 908 901 926 -275 967 932 -1 796 946 650 -451 897 566 670 -435 -539 -994 235 -773 941 -515 -69 640 -36 -34 250 -347 -684 381 -458 583 230 88 732 341 -560 -458 23 -655 -129 -768 -533 -233 210 -866 211 -251 859 -493 694 -130 268 743 682 133 -379 -464 -359 607 -329 189 150 -742 68 4 -602 -149 -669 366 -61 790 -843 -138 -200 -328 340 -780 442 -364 -688 291 -446 
767 854 -112 28 -797 850 504 -958 -137 174 235 -653 -435 115 157 -836 224 -990 332 282 13 -263 -864 -610 -279 386 225 197 260 496 343 -724 -118 604 127 -138 730 -627 567 -357 -427 -107 -210 -2 -80 -643 -498 -730 -315 -458 126 859 242 324 -695 635 -723 22 72 111 182 -615 321 991 537 743 399 -139 131 -627 971 692 792 -358 -70 -135 532 388 555 191 356 -958 582 -112 -708 938 252 616 -382 -726 336 -948 488 941 280 174 -30 -221 -814 -881 
715 905 751 66 -235 -913 -770 -621 -66 296 -469 -854 -226 -120 942 703 754 -133 -921 -405 -234 125 110 796 -425 660 -801 100 -989 -956 -583 823 456 822 923 22 -228 87 -112 -831 985 -578 987 -45 -544 193 -495 -883 -634 334 -912 804 -954 -910 450 -677 -867 608 -890 -810 826 420 585 -104 670 223 -563 -355 -271 -173 756 726 625 -249 -189 21 37 -664 -752 -638 -24 688 -134 -763 719 -935 -624 -738 350 -280 699 -837 168 -541 -848 -913 -943 -940 187 -568 
52 886 -433 772 76 74 836 -410 -177 712 -811 679 182 -567 -743 -90 553 -827 -42 759 554 -807 -591 111 -451 396 -864 163 -979 -668 398 -882 -66 -762 46 -519 -954 -94 -836 818 650 864 72 769 166 -691 422 495 -981 142 374 417 -452 811 -292 676 -106 -106 -544 -166 491 -89 337 -103 -157 848 254 -144 -534 -508 -883 -2 0 893 -95 903 556 -577 143 -298 747 -897 -486 774 926 566 350 484 -456 -150 198 -226 -679 -178 195 75 768 -698 156 112 
763 -611 -817 252 -303 216 -331 22 20 93 958 96 -132 -517 908 254 -813 92 584 -762 33 -274 424 -113 -650 -94 139 696 378 -305 229 -936 -852 -405 399 685 -321 -500 -454 30 -658 221 290 299 -334 -922 -816 -893 625 -857 -884 890 130 -788 327 -688 756 630 -353 -546 -587 260 -641 11 -122 -57 -886 -805 -451 -207 151 675 -55 537 238 -811 205 -491 884 -823 561 -890 803 669 -438 -288 -584 -71 409 -332 844 378 -167 145 -416 102 994 -839 -888 -549 
-206 879 -427 987 -584 157 963 -678 873 -513 220 137 490 581 -740 450 -575 -452 276 342 -684 -393 30 581 -153 208 -857 564 -158 963 963 487 -896 -443 -985 -372 574 -294 -665 216 -563 588 166 136 -177 548 444 -514 -56 335 -590 517 -851 -973 784 -686 -121 28 -588 771 305 -348 754 -813 751 201 538 -376 -47 680 -834 -987 199 -952 912 335 192 151 -87 -33 -367 572 -514 573 -25 -852 -644 -32 701 549 698 -995 599 68 -593 831 -208 -219 168 670 
869 381 -872 444 -664 -700 246 -489 -877 -353 215 -639 830 -472 967 678 48 -196 -357 383 -750 -709 992 660 118 67 870 639 168 822 -398 -245 531 -336 -164 879 -278 -288 -429 370 -483 -763 -28 -237 -629 714 -488 70 919 -349 112 305 -520 413 -997 940 -73 -657 -684 -148 -869 -7 389 -294 -49 -285 399 -278 -193 -130 256 -687 13 755 -363 -711 -642 738 -810 -367 711 -282 116 504 -404 -954 -392 751 -799 -181 -629 -181 -375 287 865 941 896 711 -934 875 
421 357 -669 -14 415 904 -225 450 -31 -593 675 -888 11 739 -41 857 845 347 -25 -34 -88 -366 949 454 -974 -763 635 402 354 164 -63 416 -604 325 -394 -1000 -80 -369 62 950 -967 1 178 -301 400 426 879 828 451 873 -219 473 929 496 -453 -241 133 -901 -606 962 159 227 -698 -101 -52 928 -969 -873 -512 424 -282 -610 -183 -757 -404 -37 846 752 526 923 -470 -423 -701 -438 -151 -249 278 792 -677 307 -766 711 235 -19 -739 -249 758 -734 -69 544 
-260 348 318 723 -443 -404 470 548 -819 -605 -791 352 -357 939 340 564 -135 739 127 850 -655 -285 503 -442 -640 24 -924 -330 -562 863 -951 842 257 -585 -369 -804 -365 555 -469 -94 -729 -547 -732 -891 -397 301 729 -619 248 426 -262 -534 -36 -145 -891 877 -913 236 803 -259 84 -470 -62 226 278 -587 893 756 798 -829 -215 531 246 -231 -621 312 682 -465 462 -98 -668 513 -199 113 224 77 707 81 203 386 625 208 -800 -377 -271 -502 -399 365 418 392 
-141 627 123 408 -695 -420 8 795 304 317 -327 856 -83 566 -313 699 695 632 -415 430 -585 -108 -383 880 755 984 755 179 -186 -754 -775 802 555 -623 515 -314 -516 -659 849 -246 -530 -567 388 38 -509 -41 367 243 -688 -720 762 902 377 -964 -90 23 -585 613 847 -183 650 -144 -633 -967 598 538 852 -645 480 103 762 353 -828 -269 -562 348 -710 -9 -79 272 146 -163 238 -356 181 -976 -32 226 -471 -730 -567 550 -333 -704 416 -934 -125 227 654 293 
906 -804 -818 -817 393 -102 -586 -534 -119 -760 74 -400 -100 -225 100 -892 -938 -557 -397 -274 190 764 815 779 -297 235 970 -627 -416 -958 622 166 -944 398 925 -316 279 -50 -350 -890 -247 -685 811 -719 121 988 -872 80 801 -741 -308 704 -671 -333 805 -624 222 223 -244 438 782 559 13 367 735 -892 -474 682 975 740 274 189 565 154 -960 910 -789 778 382 164 79 -776 -665 336 -389 284 162 84 361 63 315 976 -201 336 951 -487 886 302 -59 64 
-992 -996 219 -226 141 588 -5 -355 900 312 -576 386 562 -296 -539 -211 -428 -200 -221 -744 -917 963 807 484 229 -208 -781 -381 241 978 -183 -439 -201 -873 -419 -166 -414 159 507 851 66 693 473 -244 -156 756 214 -373 717 -679 -984 506 151 377 10 99 608 556 10 -440 899 -111 269 132 -434 -314 -83 484 701 -951 -997 -847 -660 610 484 -416 -824 354 -423 291 -78 -187 -28 -658 -774 480 -769 -502 60 -474 -486 904 966 -288 189 532 128 -914 -74 94 
-301 -799 -646 -888 -842 907 810 -42 -336 -500 -80 947 -714 -786 430 949 -997 17 -849 -484 -823 597 -974 917 357 -274 -890 177 614 826 -259 184 -665 -455 682 -450 -699 141 -469 997 -680 -785 293 -329 -566 -775 -239 -903 212 636 983 225 201 -624 -841 941 620 -363 911 -568 -104 754 -638 -254 475 129 209 -881 -833 -428 -522 97 -503 56 117 146 -606 751 -921 357 208 -93 715 533 -141 -529 771 -885 716 -108 -359 -552 -988 -111 110 -499 -764 -770 -14 -763 
610 -982 692 542 757 385 -930 -439 695 181 23 543 602 -712 -868 663 222 -69 232 -918 -119 -619 -590 -238 -375 378 169 -206 -794 -879 806 754 -974 168 935 409 681 -955 -598 705 358 -97 526 619 -564 -643 406 -251 -614 -486 984 276 477 148 638 154 81 -277 928 721 -637 -613 18 -135 -319 887 -447 108 486 -720 641 984 -579 -99 -327 -407 -556 -719 -262 -41 853 430 545 -426 65 -477 -358 677 219 606 802 344 257 -216 954 -66 688 789 -436 -632 
968 -935 -716 -678 -615 0 -704 775 931 892 928 -299 -731 -727 438 -137 -74 681 -153 -278 -735 -646 -290 -472 554 66 443 582 -410 691 402 464 -251 -246 259 333 44 99 602 -302 -559 954 -916 -539 -345 888 805 905 282 785 -577 442 -990 -300 545 347 -286 -55 987 -766 149 -42 888 -736 244 945 30 146 848 -197 510 923 -542 823 644 588 440 555 -502 81 -86 -654 727 560 -291 345 -417 679 90 300 -141 658 -912 -803 -844 327 190 -781 -478 690 
-778 -491 -682 -479 117 773 -890 510 -25 -489 422 -815 -640 -94 69 223 -42 346 666 -775 917 -314 -48 -910 -739 -474 -277 158 282 -808 -812 -948 -707 102 907 338 92 -821 -146 107 704 667 736 -141 -349 -491 925 70 -492 13 -662 -369 187 -98 639 -999 -644 -76 964 -532 327 837 530 -838 213 617 788 984 47 229 -700 101 -320 716 -219 205 685 -882 821 650 534 -478 -254 642 -264 -796 -591 -772 232 -989 21 -554 380 -983 -389 -114 919 -34 544 -272 
-960 -39 -311 923 345 -173 -429 -17 939 -89 383 -520 -924 -144 826 -566 -915 -390 146 -248 -153 -174 961 -272 -482 653 342 -597 -756 -828 -184 -911 -217 -945 842 -599 721 618 -368 731 969 977 -733 270 -947 269 729 -88 -930 455 -328 971 -662 847 -995 -170 265 394 200 -298 622 129 911 39 904 -216 449 -739 910 -847 223 -181 35 -669 -483 -267 207 485 -72 303 -347 159 -480 710 948 560 96 584 -434 372 935 25 -885 -894 548 -871 -532 318 867 764 
743 -772 75 742 24 759 302 -138 -871 -63 117 -825 -629 -180 561 176 -230 -380 406 -168 -968 580 -586 -483 -867 327 -434 -845 -170 -820 -159 -56 69 -995 -535 -550 -384 -51 -26 -582 576 620 59 -269 -949 891 546 218 83 -101 400 443 -507 -477 -141 -297 228 266 286 683 -652 -171 -359 361 -397 -251 312 118 -910 665 -26 -120 849 908 -787 -10 -442 -836 40 -975 140 321 -928 -364 -111 -39 -308 -505 228 457 217 -40 926 767 86 -326 357 377 463 -356 
-172 -724 356 -980 -930 -70 -706 -228 550 -423 351 875 114 -554 803 724 -657 -327 762 151 -154 -31 -250 -444 -445 854 67 93 382 -251 -595 323 977 -400 -537 -34 -10 -417 -161 610 -310 858 258 -905 866 -88 -263 158 -533 265 703 -698 422 -684 581 859 -624 633 879 407 655 -6 772 558 731 876 -797 198 -701 -876 -59 679 -853 282 201 -552 -672 676 718 -87 630 -357 -971 -274 471 -611 309 -371 -772 719 700 -183 -743 -138 -741 -635 808 -195 906 620 
561 -955 893 -715 -131 1000 948 -198 915 461 482 -253 624 -348 426 -888 -752 727 -686 -583 -393 692 288 151 -735 -500 782 56 -272 42 875 671 -496 -880 -510 119 949 887 377 -452 -334 -82 -691 27 -308 -792 49 572 -213 105 451 -814 263 -506 761 467 517 -941 446 869 -286 331 -293 -44 -1000 628 -462 387 -747 852 927 -957 -386 -819 73 923 584 346 -857 -126 931 -773 259 -932 717 337 400 198 -701 307 574 102 415 79 118 232 -398 990 279 -298 
-730 700 -395 -306 607 -868 -382 579 -739 69 -762 -920 -450 -548 334 -922 -749 -612 -287 662 -758 683 800 500 -509 38 -679 -106 -912 320 640 -36 -403 611 737 -59 911 -907 452 114 342 873 -93 -77 49 -951 -993 -239 297 -296 -148 393 932 520 147 935 824 328 -126 -797 699 -263 -792 -705 772 -721 -813 620 -900 941 -484 76 692 -470 -820 175 986 52 640 -608 253 776 739 -338 -822 268 990 -92 770 844 624 341 370 -239 509 -407 335 106 263 -216 
