196 -991 -128 399 -967 -497 193 983 790 -333 69 -944 -989 -316 805 346 509 683 -656 0 460 106 -254 814 -636 902 -109 -780 -426 91 -179 -316 -113 -46 -646 -101 -481 -910 -541 -278 -191 -578 20 820 -172 234 -404 -141 -69 129 -132 236 -529 257 274 397 -609 707 988 -284 662 667 849 475 -431 752 -227 -260 172 -172 -90 809 683 -472 -363 -688 -110 393 -403 593 -331 -973 -493 34 -97 518 594 903 -194 908 -853 283 459 -61 -206 -357 148 -365 -391 552 
-766 -2 -347 -203 -862 -510 226 -875 951 -932 388 838 509 -523 735 65 505 -830 -119 314 674 -959 121 -612 529 -630 575 -259 -155 -316 -904 751 -25 884 -533 880 -148 600 670 -521 -346 709 -119 943 -131 -251 -515 476 979 -511 989 -824 930 789 697 802 730 -348 -425 798 207 136 56 28 -758 -326 -127 -742 -722 216 -782 -776 -774 -936 -739 542 -368 -556 957 -324 719 83 900 -880 705 -836 -370 278 453 167 804 -765 474 447 779 -127 -822 -751 478 -117 
955 260 -954 -697 -896 -683 731 -209 439 338 -204 663 -309 -920 -743 -972 659 -606 879 -863 493 -801 25 -823 -218 -608 -643 -662 705 859 -534 839 876 -226 -808 527 -671 124 -804 -211 113 131 -912 624 343 -890 716 -671 820 86 -246 -728 -838 165 429 -267 -594 -338 434 825 218 -791 -178 -566 -24 915 103 498 527 533 -385 128 -887 667 -721 122 75 857 714 -878 -885 -161 16 -281 -92 490 383 103 580 334 -126 -386 -239 -193 -69 295 -558 493 644 837 
720 -635 136 258 88 573 72 -827 -129 989 -421 -351 -766 -563 -733 379 414 484 438 -120 622 449 981 -191 -36 989 -304 -523 -993 -9 500 653 316 -246 -979 -142 180 -883 -953 82 529 -369 440 577 -597 120 27 838 569 180 -300 -250 -829 817 -939 779 -628 382 764 -850 910 -674 420 383 -185 -986 -334 -632 -649 328 30 -828 534 742 473 183 -198 104 -368 -271 -961 -985 -279 -327 -201 -772 275 -755 -475 287 -17 -366 -685 -453 -968 -446 819 -464 224 -413 
-79 669 -422 -29 148 -844 -539 446 216 118 -173 858 934 -533 -301 151 140 145 -640 264 -908 618 -473 -473 -447 -356 -560 214 -903 -564 554 -493 752 939 -78 -142 691 734 -510 861 479 832 -447 138 -567 925 93 -975 852 436 564 -675 931 -541 611 824 -367 -379 -132 783 955 -316 -971 -258 -209 -946 397 -606 -493 -594 912 69 44 622 23 -38 228 739 182 -297 -363 197 -212 223 389 253 402 670 -285 235 703 -991 340 76 -80 -256 219 -192 -935 -670 
-185 938 272 -251 -755 23 -453 -78 -544 -70 -907 -890 951 701 14 444 -181 394 468 -319 -143 437 -611 -903 -106 -52 914 22 896 91 -803 967 -316 -2 -809 -325 -657 -90 -620 338 676 -409 -376 144 278 153 -116 882 -393 -919 758 -62 22 834 987 -113 266 288 861 149 461 -423 451 122 897 550 -312 908 -334 -430 513 -104 911 -25 -836 -778 -738 -546 -963 1 221 460 -303 941 -576 789 970 277 -149 -140 -940 -765 811 136 421 869 -521 -849 -646 157 
636 -820 682 966 -908 -434 439 345 -971 803 803 605 -269 981 -487 449 -721 528 969 -302 516 827 428 -874 676 -132 -932 898 -822 -146 -191 94 -332 -892 -107 665 329 422 772 -916 -10 -421 793 103 -962 -654 -757 892 942 390 589 374 415 418 477 -423 -768 -398 -245 161 713 -952 -815 224 794 -354 -615 -190 305 532 814 17 -71 -72 -780 721 -583 -534 693 -996 -892 644 -646 -507 -632 984 -925 680 -564 217 -42 785 826 -957 2 132 612 956 -939 -553 
526 -655 -470 251 -599 53 -17 -635 -439 463 321 -5 -683 501 865 259 205 -316 678 -352 8 506 450 -415 495 209 -467 681 779 -748 506 -941 70 673 180 40 904 438 435 595 556 108 637 206 377 902 -804 -953 664 798 292 386 393 905 -528 924 -998 679 913 183 552 -961 466 44 -264 727 703 710 -222 637 203 441 99 529 797 -776 -369 -406 358 -525 821 564 -839 286 -123 -925 -69 266 -564 -559 -585 -775 -670 325 -77 681 498 -773 -746 104 
-44 -779 -607 660 -972 636 -119 -952 81 139 136 414 -412 -309 476 -770 926 -842 522 991 -445 -972 61 -481 184 632 719 546 329 108 417 907 -8 513 -74 -147 -702 -501 -530 -66 411 671 -667 -200 549 -610 441 -3 -551 958 -722 -970 848 -458 -580 -798 401 -603 -595 65 -96 -144 -941 -29 946 319 -231 -756 -847 -604 772 197 -338 -545 950 -327 -862 757 100 -126 -10 57 -556 241 -164 239 -321 466 326 875 73 392 41 -70 208 369 -538 -599 250 -233 
-309 347 -951 175 706 -809 52 29 172 856 474 758 -44 -744 -591 -275 654 248 -734 -281 672 500 -234 489 -684 -417 -167 516 -912 -156 -503 69 -932 955 -753 -713 806 372 252 256 -831 303 255 383 643 -180 -326 -491 993 -980 371 882 -838 671 467 -221 -780 625 -890 815 -218 709 -962 -823 315 -90 -918 427 354 -407 555 -248 394 938 352 642 692 16 -795 452 -969 996 23 211 521 -129 10 -484 25 198 -842 -879 350 -721 183 -37 544 -852 -557 -793 
-340 -888 134 818 -328 797 328 956 826 -703 616 -333 -908 -340 390 211 -186 520 -888 -375 113 855 801 -876 229 -732 -400 584 -71 -827 -918 -852 -500 867 -736 55 -268 -393 160 658 246 202 -779 -135 854 -316 -498 63 -869 -158 100 -702 930 44 -340 -508 544 -248 -555 -243 656 -713 919 -589 458 548 476 -243 174 994 552 259 -836 -575 651 70 371 -491 -353 -483 508 918 16 -121 -21 113 -674 -698 -428 -997 772 78 -174 825 453 -44 -200 -282 810 880 
-55 -442 -592 -682 -108 -811 -435 -198 -803 727 671 423 -617 -107 327 377 -421 153 -903 -310 -926 978 209 -425 22 38 -429 -606 -580 16 837 -975 847 8 -240 -873 -806 831 -899 -472 -110 -463 776 -725 201 625 851 -97 870 842 913 -658 55 718 -910 372 324 -685 -380 -415 -822 635 -651 -757 -57 191 421 977 -967 965 660 368 570 -585 522 -812 -292 -201 -333 -402 277 -46 -192 198 918 76 -109 147 491 -352 -360 -615 -28 -216 740 -113 562 17 524 -174 
-78 327 -262 -734 -461 -243 546 309 -716 -125 961 967 -731 -242 673 115 945 -379 -623 512 -64 -270 -22 -134 -144 -615 -637 248 218 20 -550 889 547 -697 -79 679 -881 785 752 970 357 746 136 -270 894 799 -424 890 -146 -84 904 -843 -880 -973 -557 239 168 -600 -983 343 662 323 436 -279 -742 -298 131 -563 652 -719 -45 222 -253 108 909 -225 721 993 -271 -501 287 746 -176 -833 170 404 -693 143 -819 316 -861 715 -314 -382 844 290 -401 75 -13 -391 
165 23 -51 651 -977 421 -426 -999 799 910 -375 776 722 -257 482 110 -47 -22 764 -306 -303 -236 -225 -446 99 890 -425 208 -426 410 -830 461 -556 962 26 -587 -655 -629 207 206 357 -193 815 -885 -724 769 -631 -932 -40 -115 621 -461 -27 613 623 976 592 337 837 -172 -872 781 976 -684 -339 -714 -379 243 -874 422 613 84 609 -236 -427 483 784 439 -108 -883 -494 211 -917 -249 206 4 8 359 -20 616 -678 848 -430 -727 -546 684 -444 460 76 -251 
-820 -883 664 828 959 652 589 -667 -219 384 777 -415 -406 316 -62 -145 909 494 195 -305 466 763 916 -238 552 719 -821 -753 796 709 570 481 -808 -971 -845 947 255 -659 253 101 -279 -513 15 168 -676 -141 325 545 -409 -868 -140 -154 67 -534 84 222 40 597 708 203 714 -37 476 -385 374 -194 -194 -275 -789 47 648 -981 -166 425 -168 618 -942 499 -123 -409 199 419 -84 607 -65 -278 470 448 250 -815 252 15 -833 -461 -871 642 39 -40 -807 418 
-570 -863 649 -652 737 676 701 305 -484 103 273 -586 21 317 -518 -94 -668 -527 -74 -436 -311 718 -643 -941 -990 -407 -106 112 193 516 441 205 898 528 86 -483 279 482 219 623 500 -899 291 597 -655 -389 922 -595 -732 694 -314 -368 75 710 792 786 -257 130 -742 -354 -714 333 -116 -259 122 529 -775 291 -413 107 -239 -14 334 -172 -621 186 906 55 -610 846 676 553 -951 -452 118 814 -860 -931 -362 -398 -669 393 -929 -19 392 -232 -215 820 353 -759 
-55 -829 470 -189 867 -590 201 293 -69 -4 88 432 492 -594 -115 -754 -367 734 -900 558 878 418 790 -384 861 -203 429 -815 -369 -51 -604 -202 -746 380 -984 -615 684 817 -56 254 449 -527 -467 50 617 397 238 -548 990 -640 32 856 549 926 -624 170 -303 -907 -155 -652 322 438 -340 172 899 -216 834 762 -781 933 -448 -807 -475 -833 707 976 -122 -853 680 36 217 671 -227 -988 230 284 -169 578 37 -373 892 979 811 175 -386 650 -112 -490 370 35 
358 -269 663 -286 467 608 469 -159 517 376 730 -343 76 895 -308 -879 229 653 783 -506 915 -507 983 973 887 -870 347 -664 874 -531 597 798 -692 465 169 454 283 -554 -554 -930 269 235 -375 -130 247 706 -529 -96 539 -668 612 -686 -422 104 -923 -17 -224 294 -814 623 -426 853 945 874 822 108 255 -354 752 902 -187 641 280 464 20 216 950 -935 640 430 666 -861 -814 -520 -598 -436 21 -580 -554 48 840 706 -287 -623 304 733 940 185 -875 487 
-146 -152 -223 -799 199 -367 539 129 950 941 653 490 801 246 362 -873 118 -173 850 834 -794 -374 166 929 -991 266 658 -659 -581 -579 -115 -838 193 -585 721 249 881 89 -268 -246 -431 -161 679 -632 710 849 77 27 965 -756 130 -20 -263 -733 566 923 -481 412 597 515 262 -724 933 117 736 795 939 -127 -476 -535 -224 174 -531 470 394 401 -63 863 -146 -822 266 778 -557 -85 -980 -523 -819 -613 943 -462 -470 444 234 611 -374 -990 12 -1 -815 752 
-165 449 -370 -906 -889 -767 -281 452 311 -505 771 -274 -819 -97 697 -723 -349 -457 -344 -103 -637 995 -605 143 -793 -124 -863 -161 -650 -212 -174 -931 859 -662 444 -868 879 -416 166 -24 -179 -108 91 30 285 127 125 482 394 898 -104 103 -372 -967 88 209 -401 848 -927 -264 -485 -25 958 340 682 -39 895 968 -457 -14 452 -610 -565 -462 968 -733 -876 942 -834 -447 231 -529 -712 414 -510 991 -335 -383 -920 917 931 -482 156 325 700 249 557 -464 -272 -817 
425 313 128 -644 490 542 153 932 288 -512 563 -710 -474 -684 -956 361 912 526 242 -277 537 -938 -779 -680 660 -683 -368 -996 -649 -671 704 7 523 867 -1000 -842 -317 -670 -532 2 -549 -525 217 -328 269 42 972 973 -437 338 -1 -391 553 -724 -88 -24 -198 -956 209 410 655 -860 -715 93 -768 178 29 -926 794 -602 765 -986 -543 636 -440 194 965 -54 -110 816 -55 -415 -527 -654 797 -211 -592 -184 -877 758 -167 835 -943 -823 550 385 -695 762 47 761 
-414 580 156 -221 897 -416 573 -32 634 -427 -44 904 -253 -614 889 -45 542 -529 125 859 444 511 527 564 482 -423 959 -772 312 -764 685 262 842 -36 -581 891 12 -582 -940 301 885 -168 -208 -685 -363 997 -560 -735 41 -27 -961 -889 -823 -475 -119 111 -217 863 -368 -822 803 884 151 450 -793 478 -195 806 -777 -932 906 829 708 480 249 73 122 958 -65 529 614 68 360 461 562 -367 -760 -285 -900 194 -860 -699 119 -351 390 -167 969 877 493 -729 
-28 620 921 -894 -322 1000 -760 -842 781 -521 868 833 913 -211 -491 950 259 843 -509 -321 249 -135 436 -37 -608 734 -156 450 724 -105 898 675 452 -185 21 -30 679 -452 -922 581 -221 389 -97 598 195 579 -426 32 52 354 -874 875 -832 -536 -746 -97 236 837 488 -667 583 -31 269 729 -412 -989 250 79 -651 449 -366 -964 937 -455 -600 -566 -23 787 -521 -142 702 922 -35 506 -684 -291 594 845 139 -118 971 916 -123 289 -231 -925 805 741 -89 969 
-622 -440 717 -655 85 -599 770 754 584 -807 -744 -168 929 661 -488 -506 -796 -29 863 525 172 -523 -989 -837 -302 -897 282 353 794 846 49 -547 307 373 0 -448 696 -490 -767 245 747 -191 -824 402 453 279 941 464 44 213 -137 -345 -209 -870 -851 72 794 -171 -788 23 -421 978 -641 508 -474 -495 204 -278 456 430 743 -337 851 894 568 872 -158 -632 -675 -385 137 -437 517 -11 474 977 172 -782 -840 -263 332 -171 462 -985 -504 660 313 439 683 730 
355 47 230 -10 -35 282 -12 986 559 452 -58 930 -29 995 282 -29 922 -409 -852 -968 -274 -572 447 -721 -666 93 -639 762 -929 -758 -833 -903 -58 -234 375 -476 -824 905 -244 -281 157 -135 -79 -944 -806 -593 714 -428 -22 486 448 -344 975 -18 -687 748 408 711 846 380 -369 -656 254 -203 -597 -932 850 239 939 -94 -8 -606 536 905 -498 -297 466 780 740 -963 -87 -629 965 -20 941 237 941 -760 -356 501 188 426 -380 604 797 639 63 241 676 -165 
-98 -994 847 385 123 490 879 -120 175 -354 349 629 909 -811 554 -302 932 729 607 -840 329 363 -737 271 611 118 -370 -295 114 124 915 -637 234 -251 414 -815 218 202 609 -239 -970 852 785 -73 -522 70 -199 -851 631 -548 -124 -420 -852 -233 839 972 525 -942 -335 -384 -361 683 -321 860 859 317 -996 -34 -466 737 318 -205 688 -404 -767 -149 -677 759 -214 745 914 -401 -712 -853 -210 -742 -13 -603 -976 -530 -577 -489 -248 953 525 -997 290 588 843 -561 
814 461 -615 388 20 -757 988 937 -757 -102 -845 -707 362 -903 697 -505 79 936 -193 341 825 -462 -354 555 678 -315 265 -800 495 462 -809 -533 565 645 -880 844 39 -289 441 -587 -240 -253 604 609 977 -182 -420 276 -339 390 616 327 871 -972 -606 -31 135 740 488 381 -160 -628 -60 248 290 -735 -634 342 204 459 558 741 -925 523 -550 -197 -641 -106 -458 870 0 -470 -823 -483 -708 839 699 -293 -384 281 853 -407 914 -473 -921 301 220 428 1000 326 
-979 648 734 -379 -281 281 -133 -597 10 141 717 238 801 179 347 -634 409 -538 -700 -755 950 -693 -975 -156 374 652 747 -657 811 0 621 -907 -886 31 645 392 50 88 -308 -184 -411 83 923 924 -948 646 -613 369 -994 -747 579 227 415 630 898 -892 -889 -999 -993 253 -934 -60 -774 479 -233 47 -96 -942 -254 748 -917 -593 -872 -549 397 -879 286 838 958 -88 -872 203 346 297 -817 683 752 796 27 -795 -697 -423 612 697 -233 556 78 861 -577 -634 
3 -296 -287 606 -65 495 54 958 435 411 -213 107 -196 380 -791 57 -330 -834 -32 -538 -744 -395 -331 861 -296 -758 595 134 -814 38 -385 138 -432 370 604 320 -350 941 -601 -937 999 -350 870 -47 -563 953 -561 -965 745 -301 -610 -385 -785 -768 -590 777 -625 270 -463 586 491 -831 292 -47 523 -904 226 38 393 -822 951 671 -717 -366 -770 352 -576 717 517 -784 167 -848 773 -268 218 -561 -251 -672 305 -720 -866 -795 -905 929 -74 487 708 -872 -503 -120 
-401 -55 -743 -345 551 -600 219 -375 -225 799 999 -287 -598 967 452 626 403 -602 187 754 -959 233 618 523 -97 -610 -728 -491 -686 -875 180 435 790 -274 617 -25 790 -256 739 392 -812 -378 779 -364 465 -122 -725 844 -212 -475 -230 -703 426 263 772 655 218 260 -687 302 799 -936 -63 48 702 418 334 -215 -556 -954 858 -427 281 -682 28 710 157 705 -698 19 84 -684 710 153 130 -902 710 -557 672 29 886 106 -273 802 816 -614 154 -313 890 0 
-448 579 940 745 245 28 -219 -842 326 722 349 387 67 -225 774 879 516 700 680 298 570 572 -453 565 98 -719 496 -9 188 -501 298 750 942 -477 -706 411 0 -69 -22 -227 -603 528 -644 -661 6 -182 -1000 -862 312 -40 -164 -838 659 -55 126 -864 734 -30 -20 938 489 -958 -946 831 733 -456 751 411 979 -62 -66 323 -499 -538 807 901 313 -892 391 262 -848 -751 -244 133 -658 -525 -226 450 -341 4 296 -683 747 562 185 -90 -605 -611 -770 -463 
323 -919 760 -127 -559 5 -233 -134 789 -703 482 -646 631 325 -166 -138 -816 -469 -934 988 650 302 568 803 350 427 -815 231 -179 -617 653 -883 268 -629 223 -98 354 810 -484 -14 -521 -295 975 -281 374 -892 498 488 -686 -957 -372 234 -49 -653 -725 -488 -987 -62 600 -813 806 897 -757 -342 -782 581 -610 286 -781 507 -253 181 211 658 -104 -591 -620 -701 134 -6 552 -607 -427 723 908 947 -642 15 477 120 953 806 -385 -762 993 -251 -619 -966 322 -440 
-618 44 -125 -949 -104 -399 -441 824 -66 -578 301 271 -332 -738 896 -299 736 -76 -250 -964 24 504 855 101 -955 267 -705 626 224 184 -169 452 -465 -123 336 956 734 781 692 756 177 947 895 -331 769 701 -431 543 949 -901 93 109 400 -266 342 -571 142 -85 -919 -250 990 417 274 498 -207 863 -556 169 -705 641 415 -77 -659 -256 -988 -51 -575 -769 -903 583 -705 438 -412 983 103 -361 85 304 -882 -255 -379 986 -453 -592 -93 -91 247 -330 -758 -717 
-168 -541 197 -626 310 969 851 -201 -385 382 309 706 521 843 -315 109 -807 -646 673 -119 365 613 -538 6 691 -690 601 716 -785 578 358 774 396 198 -964 207 -639 221 441 -765 -618 350 -588 136 983 896 402 -793 666 -456 -723 -698 933 720 -794 641 85 315 -776 94 220 -724 824 -901 677 16 -296 -17 916 631 969 -224 -744 -82 -841 -931 -740 571 -749 -891 -590 -458 -432 195 865 200 24 -817 -452 -206 622 -981 423 -270 -209 332 69 101 -59 -295 
720 -321 -279 971 -429 874 -195 -5 952 -790 -275 -14 -79 969 880 -399 82 785 -127 -299 -608 -141 813 135 -496 -138 817 757 -4 61 -259 -813 554 -246 328 -626 181 -519 481 -279 -369 57 -797 -79 775 384 -294 531 -603 687 805 -444 -836 -674 -255 -885 278 227 -1 857 264 766 -277 255 -438 -470 723 -715 -422 615 -955 296 93 -195 567 -349 600 -302 -962 -676 -984 -125 -935 626 925 -256 301 -308 -595 412 244 -320 -250 515 792 237 434 -419 -455 -132 
-376 -736 412 -245 236 206 -537 584 -832 -56 -95 300 739 67 511 -738 388 -149 856 -693 53 867 389 955 269 990 -406 -273 420 677 370 -805 -797 913 779 440 -923 623 458 971 843 -52 671 488 160 -961 270 -952 194 768 934 64 -571 -388 -481 721 47 -591 351 -447 414 755 -513 868 -916 699 438 592 871 682 456 -585 -472 424 715 -64 -273 588 145 -822 604 -767 611 193 162 -161 -223 -183 -692 -421 362 790 -635 -505 473 14 -588 195 -524 211 
907 809 -498 837 -116 -566 -679 824 702 350 -985 -57 473 -30 -252 574 -978 -508 -398 -33 101 -303 -584 -985 -186 266 6 -548 -578 279 372 -150 -768 -910 163 861 454 176 653 -176 965 -619 411 -634 -153 179 625 883 -167 64 253 -217 677 -567 -297 92 604 645 245 343 -442 -431 -181 710 833 -138 389 630 -362 -8 775 -556 -614 -750 -218 -564 750 505 68 -576 77 485 79 -315 -100 -199 237 761 576 176 -109 -34 -202 725 -600 135 -599 188 -235 745 
535 -915 540 -541 -556 -668 83 481 123 450 783 -862 525 416 710 831 -147 320 592 637 433 966 860 849 -917 603 423 762 -870 -504 -378 542 -754 223 -628 -26 637 487 -265 6 65 727 -330 509 -926 -213 -286 -820 -484 452 985 959 783 999 993 795 -732 31 100 -550 -674 567 -59 767 57 -373 328 -791 864 73 565 148 262 928 -617 663 405 -269 668 494 414 970 -572 773 708 15 672 771 95 252 -29 -552 196 -892 818 -746 104 515 203 760 
253 -281 492 62 423 -864 -885 218 -838 -174 785 -698 447 -319 739 892 -715 122 -995 -871 -206 433 -745 675 155 -903 -596 25 688 -188 104 695 977 -739 605 602 -305 415 934 -250 -29 -192 -271 218 812 391 -895 -689 343 132 755 185 -885 332 1000 -417 943 -288 557 688 -123 933 329 -111 -372 868 581 -530 756 -933 -810 625 -259 588 -148 334 -363 850 490 -743 -487 -487 -74 -625 -948 407 -352 -285 397 -470 66 789 -869 -211 -315 -239 293 836 553 788 
872 119 776 -766 -932 -171 -974 -718 707 -804 244 -165 131 358 945 -200 103 64 932 974 169 314 -545 -346 -985 -595 977 -558 389 479 -508 -300 407 727 -877 -246 218 23 615 360 -978 -896 -65 687 -281 -383 478 382 180 903 -798 528 701 -189 234 918 110 411 -680 -705 551 344 -25 506 -398 -969 -763 335 -314 -742 710 582 349 196 -896 -544 -843 786 -351 -85 40 -694 -853 -191 960 520 -761 658 -413 498 -407 835 -762 -50 221 454 -613 557 -140 116 
50 -412 592 -980 172 -357 847 842 -674 -464 -926 -659 463 572 819 -860 -986 -648 -61 -926 504 -744 708 462 -229 -182 -330 498 218 -306 660 484 -324 66 907 -932 -550 231 473 92 -108 -865 -946 -609 -41 -915 -212 942 468 -691 -475 -205 846 -380 673 -589 -320 -906 -81 -641 -753 823 70 46 74 -913 -443 781 -644 649 -645 -452 612 369 403 98 -702 425 -930 515 603 -973 299 -74 255 427 -718 236 -633 -672 81 -660 -797 6 148 -761 115 -952 418 471 
-521 -433 -429 -210 -855 173 -598 398 620 -601 -816 147 -430 -586 -356 250 -544 79 -594 844 658 -763 341 970 345 -295 -85 283 722 396 -476 -465 -483 -257 -365 25 -319 -251 -696 -308 677 770 84 -124 145 -29 958 441 461 -981 -585 854 -25 276 244 -897 -838 979 -637 -935 -929 140 556 -247 432 -437 -731 152 -122 410 -451 590 458 299 506 711 -346 -180 597 -958 953 -803 155 707 -255 122 -45 -836 250 749 941 306 -199 371 -646 457 892 -246 251 660 
937 267 -432 -50 524 -448 -396 -731 -351 741 -496 519 796 -314 -888 429 643 614 -103 915 337 258 -845 808 644 423 -698 -191 753 -333 -185 -773 961 170 557 442 -323 686 -328 -102 -788 266 -164 -607 20 357 -106 931 -880 -253 247 694 26 374 452 541 -813 912 -293 752 36 215 990 -129 -390 -981 -162 -455 706 881 597 -96 -865 615 846 649 832 -113 -236 911 -232 699 -148 -730 213 -195 168 734 -764 -190 -364 752 -596 -940 -295 -14 -927 -876 -289 974 
-916 -52 -452 -364 634 361 676 716 -371 214 696 -905 6 354 234 -222 -383 957 405 -398 -404 603 -882 -514 584 481 841 243 -226 611 710 70 -162 -622 -376 -530 -721 -581 603 -953 771 791 314 578 447 -612 -705 -917 6 626 -273 -92 552 459 -853 110 -127 -107 114 19 -647 -646 965 -847 138 -784 509 439 404 -820 -537 14 -662 -177 932 461 -424 839 334 -887 -506 -375 73 -267 125 -262 321 -603 145 782 644 -794 970 995 -655 -161 -487 -825 919 -441 
841 -10 -451 -949 328 654 -112 -803 451 871 -741 -774 -568 -265 -20 665 -688 338 -61 742 -96 -508 -221 858 447 -296 -887 -762 326 -406 886 774 -60 -342 708 -148 -554 924 -686 900 -766 -392 -813 -948 -328 -545 -374 -105 -623 -754 -450 634 -684 812 -733 501 221 -588 913 590 -907 -736 -602 975 673 807 720 167 -348 -708 726 460 -5 -909 -462 557 -581 -120 524 569 -659 -974 134 87 988 -582 -921 236 -984 339 -887 -44 -468 -573 -899 -102 -747 604 536 -388 
893 510 -974 672 223 -20 220 821 538 -531 109 -170 311 547 179 -427 49 276 163 -498 -884 721 -649 -940 -645 393 -754 -804 -77 -89 -91 -881 -765 885 900 29 861 4 -792 -857 453 837 664 450 -52 160 459 -82 -688 114 534 75 857 -267 182 701 839 95 -742 -354 362 -709 -147 -582 817 -836 411 -853 167 -204 292 219 40 -220 341 -225 974 -418 -801 468 196 989 -926 800 -187 434 382 423 -238 827 341 -296 504 23 -618 -564 519 -288 891 -531 
-849 289 961 983 38 801 674 -143 -177 574 -818 -747 -703 440 84 -612 -236 -942 -939 -989 675 611 -528 238 -567 -103 291 -830 264 70 156 399 -502 -205 119 711 -469 -223 -509 -973 333 -373 499 750 310 -348 -968 -94 -543 -866 -890 -855 789 -257 108 -343 226 442 -592 -874 388 -845 930 595 -352 245 442 -151 -206 -646 -366 329 325 194 -713 -618 930 -12 -426 -559 -625 -194 -258 265 -444 44 -697 -306 -446 492 -192 -364 -377 991 724 782 917 -908 -626 -787 
205 -691 186 85 -895 541 959 -218 586 208 -824 26 -359 -51 -814 962 -809 189 713 -555 338 499 -959 267 -304 -578 -670 946 418 366 601 -976 -654 -537 581 -137 29 978 -288 -191 -171 -113 -624 -814 -917 215 -274 -65 152 924 6 -221 621 417 64 501 -778 -623 -272 -7 18 655 -736 -597 143 -186 -827 374 -688 975 -854 67 645 294 -747 -365 976 344 -924 -269 -197 695 -788 -793 -812 -141 13 995 117 -591 365 604 262 -608 155 -224 -784 534 -803 -583 
-169 -773 640 537 -534 862 -984 -622 104 775 777 278 949 357 981 8 439 -614 -379 -921 -391 -490 -914 -219 -495 -864 -422 -474 886 -526 676 -949 295 -46 861 -219 -266 -408 -986 -804 922 -74 548 831 -379 74 -1 199 191 735 985 -72 527 101 -884 191 -307 -746 400 -447 -537 471 -248 566 411 33 -585 912 395 -950 242 -371 768 686 627 702 -675 -76 -582 163 -215 -965 478 -444 -491 617 529 16 -597 934 -785 -418 980 -970 242 -158 -280 114 -455 -95 
-26 -628 969 -89 400 -665 109 15 -379 284 -856 -803 -567 720 476 815 885 -353 -148 -66 -173 -124 365 218 34 372 427 733 -394 993 683 84 -198 266 -878 -367 -881 852 -474 184 -400 601 -112 169 995 227 195 -525 93 -170 -230 391 -626 279 170 87 -716 -447 236 39 -622 675 -386 -612 -527 991 -245 918 -999 524 933 833 -709 890 250 100 -622 -275 -90 270 -181 645 976 -242 299 831 -715 -154 930 -546 -752 -445 632 -310 840 493 -304 690 940 799 
800 -647 -274 783 793 -902 -756 -429 -443 -616 -653 -705 17 -277 -693 -677 703 375 -178 -716 503 -63 91 822 109 758 786 786 -758 -737 -816 944 -500 -146 -3 312 -155 449 258 -727 -422 584 878 802 331 782 -972 343 563 -651 946 -846 -141 -138 -880 593 -550 -123 -235 376 -116 875 -321 179 -631 105 -366 -316 -685 82 -544 149 -764 -909 -151 -693 530 -961 -945 435 126 -248 698 774 838 -750 -738 -719 -994 389 909 769 -580 165 284 -196 887 -417 595 -775 
-336 -658 -426 634 135 922 657 604 -279 460 -559 -615 12 -672 626 -806 183 846 960 335 182 131 -48 -59 -22 167 250 777 871 -401 -319 -354 -86 -499 928 508 -412 93 102 50 -873 -110 674 558 401 340 -503 -463 -409 -914 829 -304 -39 -486 843 -55 533 779 -938 -476 357 632 -71 -999 989 51 -389 -426 424 -553 480 -591 464 -105 -18 -784 524 -577 803 442 -576 -881 385 476 718 541 -101 -90 -323 -88 -275 -153 232 967 -611 624 176 -182 -977 -992 
277 -146 125 799 790 -268 873 377 -911 340 -510 -323 199 750 -52 -738 -420 118 -329 441 -3 -19 -779 -53 -537 452 -122 -679 -372 36 126 233 -616 -7 659 158 190 124 -56 -721 312 -422 364 918 298 422 -871 121 442 -600 657 343 -72 -826 -841 -913 -265 928 83 -287 826 203 334 -606 -55 -9 354 -893 154 -581 637 422 591 -355 52 -955 880 -251 197 -593 -937 673 629 -732 915 -225 476 371 378 764 595 621 -330 966 -20 -137 -977 835 -497 719 
258 -172 333 -623 797 -769 654 258 -844 -77 -652 -19 -917 -454 471 19 -763 479 701 -194 -891 465 -66 -281 122 -984 -601 -11 -216 -559 936 98 -351 -859 953 -116 922 261 37 -786 -595 -849 -819 679 -282 -300 636 981 -914 589 844 -389 -456 -213 -794 641 603 302 -625 -189 565 771 339 -299 817 717 79 540 194 784 -734 -385 908 678 829 -740 251 -980 -603 733 -609 -1000 860 663 -623 256 -215 544 -987 405 -748 420 -681 -302 -609 -589 397 -303 79 315 
755 -169 3 -67 -495 -301 936 904 -525 -645 569 -254 779 854 -656 -615 -77 -519 -75 -421 721 352 837 -408 -207 528 -38 -753 -296 48 -61 856 471 90 -384 169 -784 -849 752 595 -682 898 -490 -172 989 -766 -698 -361 36 -57 82 895 -741 360 206 119 -204 -52 261 688 224 -552 151 160 -764 360 -130 -689 -331 -230 533 -1000 -996 -941 -730 935 -399 612 -444 -308 -687 142 -123 703 -538 -624 -883 913 -544 326 -637 341 962 491 -797 494 -651 -791 -521 -86 
-434 958 -348 19 -994 606 -145 -245 -812 58 -165 -203 -87 -60 830 -565 41 503 -754 695 -266 -893 62 -906 -903 264 520 703 -459 -297 536 -700 -754 -989 -905 -576 71 594 -743 339 531 -476 -359 675 -839 280 -443 168 -358 -957 -44 576 -871 152 -902 172 873 -113 -686 218 -51 -716 531 -430 -334 -663 -697 732 653 783 -995 8 279 -377 -264 499 -897 -870 15 -380 -836 834 -94 390 547 622 882 -199 849 620 227 -870 792 319 -108 724 897 -555 -116 860 
524 -777 442 -518 815 -827 186 632 220 -519 135 -792 -483 938 394 974 552 -377 675 -843 -471 -401 758 -59 -425 610 -180 914 210 -385 -919 -982 -721 239 840 199 958 908 -951 -539 999 138 -889 114 -192 469 618 530 711 836 370 -511 83 -926 -125 567 -440 -514 112 -251 -519 672 -290 -862 274 849 295 340 -687 740 -915 -223 -454 388 696 -231 -664 -218 548 -846 -622 -652 556 760 -495 -2 -786 271 254 -435 -728 -991 104 -452 417 -235 738 -76 770 290 
678 602 -167 709 155 -882 -526 743 227 -53 -897 -175 -436 758 -968 -615 -208 81 -442 221 753 -405 -793 589 238 142 -153 433 929 802 -75 -237 289 -567 -216 265 404 778 142 388 -635 542 -977 397 -523 837 934 126 52 831 523 -879 742 -354 575 -575 -487 396 56 395 309 442 236 -661 -334 -88 126 424 -335 441 438 -681 -105 524 -377 803 -524 -803 -898 -92 465 -511 214 954 591 -798 -759 -262 413 -333 94 494 968 971 686 190 813 177 -937 15 
448 875 130 -629 -721 -362 -622 163 702 -967 -989 801 91 -765 -79 138 -723 -193 -498 -350 -699 -666 219 -339 200 175 905 -315 677 -454 -305 623 -164 735 -820 103 973 249 -410 -579 -360 -89 107 418 -985 818 915 865 335 -583 -276 527 170 -722 30 448 -826 -372 -997 -694 342 -417 -44 403 -137 324 8 -481 -166 -261 -561 310 -149 464 278 -410 -381 820 656 793 -550 965 709 446 139 312 -822 -292 -954 95 306 318 661 876 -439 20 -564 -278 -305 522 
-581 -544 808 -295 -793 295 132 746 -489 -213 556 683 585 -691 517 -533 683 367 420 -89 -766 -969 -415 -470 -440 681 925 -929 -477 -786 244 -961 -856 873 -92 915 -649 -943 -550 620 -775 -658 -318 847 708 -266 684 424 635 486 979 -622 265 170 -739 -623 -350 -21 -548 -843 -739 946 -444 -718 564 683 -761 642 138 -444 -274 -940 461 -285 -664 -330 -275 -114 226 -233 -578 -825 334 -10 -875 966 568 284 -640 -921 67 310 778 686 -440 67 381 -138 393 281 
-581 -271 -269 38 700 -871 -856 859 100 -407 201 302 -672 383 -344 532 -285 -366 -552 115 -8 -949 94 -326 -629 436 700 361 -319 -312 832 874 369 -888 -633 256 309 503 30 648 543 340 889 822 35 -253 953 -645 -285 -136 266 13 -513 723 -204 -573 60 812 63 -237 -66 472 -367 -414 867 -162 42 -856 -16 -255 302 -526 -979 221 -843 -565 629 44 227 -764 -975 473 585 914 -884 -846 -316 -929 -89 607 32 956 -837 325 673 -459 348 -478 663 -131 
-546 -142 -836 494 -489 -100 404 205 -861 844 -941 547 408 475 -80 -943 -687 411 563 109 -530 441 227 896 -843 -705 505 -285 797 -706 -303 119 -318 -328 87 -308 134 -114 685 -322 -285 -696 -936 418 287 -783 915 -185 -389 -576 -737 140 309 604 15 799 685 -994 -317 44 -397 2 383 -968 -16 -556 -896 -792 398 -132 -260 -633 -667 -732 -872 623 -432 -62 897 -410 -153 814 706 -733 565 117 -548 -439 -35 398 670 -340 293 -243 -223 -947 412 213 644 100 
894 360 -911 604 799 379 220 914 -166 131 -409 547 740 313 917 515 152 -558 584 193 -539 584 897 578 88 590 -389 251 -705 -328 -854 -535 -954 682 87 584 156 -360 -59 -789 -897 295 517 -188 292 696 574 -585 666 -398 -124 -888 389 -159 968 565 -460 584 -499 -656 708 494 -32 -518 -781 -841 -536 75 496 265 -664 -384 248 153 413 -911 -111 -387 -942 -533 436 163 231 -580 -601 204 -448 -598 643 819 283 923 942 -608 -485 -583 281 84 -511 -107 
330 -576 -808 -335 -466 -533 -768 923 -592 686 612 -820 935 -906 507 419 422 608 99 -151 -730 595 -585 913 993 203 693 -24 282 -184 -534 895 -784 920 -732 574 -942 -302 -261 -850 -470 -982 591 -623 366 -677 294 509 -583 973 8 -640 317 -143 863 -991 45 -44 209 739 648 437 -836 768 -10 257 -385 -368 952 -48 889 -403 465 -459 856 965 335 -63 790 445 852 -260 -637 990 50 209 -272 552 931 -606 -286 930 357 -686 -446 330 -858 921 445 281 
220 -751 397 -744 -690 237 531 483 621 -477 17 -999 507 -970 -896 -448 -388 640 -696 440 575 -675 499 -777 -891 -634 390 -429 -958 -118 754 3 -213 -434 -269 -254 -724 250 -119 -784 -32 -914 -874 -977 227 814 -433 -459 -139 967 -669 -181 -914 350 128 896 325 486 421 379 -280 119 -460 -708 -196 -162 597 459 -226 268 369 -532 249 631 -89 558 456 -618 -15 -29 -965 954 651 -104 -228 421 -29 -534 -721 904 -998 701 -991 54 -197 963 366 944 365 -64 
-168 390 -776 462 401 278 -50 520 521 -75 -479 -579 823 -579 -150 513 -459 -94 -692 239 -314 -176 373 150 71 -659 715 384 669 271 336 -677 -174 -256 -278 -295 886 957 452 -896 -712 -614 -73 -340 -39 -605 226 -230 426 700 -478 -501 617 -994 -49 253 -939 594 -736 44 -631 718 541 266 -928 155 555 933 400 -737 -560 927 358 644 -135 53 -301 -235 -661 -766 470 121 -744 458 18 873 574 -924 -308 -160 -360 -720 -786 -5 186 -927 -63 -524 493 147 
-662 957 463 439 -739 -53 -65 843 -839 268 828 -865 -334 323 -255 -994 420 181 866 -919 830 -186 893 661 -23 149 -732 427 481 -27 -986 273 23 -192 417 382 543 48 -679 -612 -782 -557 633 -19 892 542 922 -842 -35 198 -662 -753 -648 695 667 798 -593 382 -946 -123 106 228 521 352 689 823 135 -95 88 -105 773 580 541 -238 -166 -693 537 124 472 602 669 247 -469 -761 -658 811 -8 -978 -604 731 -474 623 387 -384 -921 -818 695 -347 445 181 
411 303 -63 -417 420 441 -330 413 -650 648 -635 819 -923 -722 439 494 -25 371 -741 73 751 -921 -152 455 -420 -176 77 -792 -843 764 -68 525 -311 -441 817 211 133 -473 443 -174 567 999 607 -475 -808 728 872 -275 897 -915 298 839 -720 915 570 -747 547 965 167 729 42 614 -609 144 -763 818 -762 -371 184 577 18 238 954 893 91 -468 -822 797 -34 -659 858 -810 808 -745 -887 -376 -886 -990 781 617 194 252 257 -399 790 519 -913 -243 -742 269 
514 8 -670 -267 -415 912 -26 -300 -899 -767 637 -435 157 467 -76 -503 -578 -530 -489 111 310 -318 542 105 -148 -15 -182 -549 -482 -961 -931 258 -730 -137 111 200 -873 -994 -446 -152 167 613 -775 753 336 607 -584 622 747 322 -184 -937 -705 643 -929 886 -155 -808 -842 666 -4 970 691 -325 709 130 -335 -568 340 -740 149 -726 303 791 868 -966 565 -978 382 815 -132 -305 550 306 675 433 973 435 -974 -806 -893 -504 -598 -617 -914 670 -844 -794 -790 -162 
397 -989 814 -713 569 -977 -648 -53 951 -26 -172 559 331 -447 -28 -671 -484 -767 527 202 792 227 -729 -907 742 41 -844 173 275 490 -202 276 -171 199 -100 648 -192 -52 527 655 -777 -442 -219 -762 -434 -11 -818 843 747 157 53 -832 -909 -461 46 874 479 80 -499 -229 -875 -584 264 493 -220 -159 -958 -377 -103 116 -616 -98 -626 -569 -394 -284 825 -459 963 -279 409 685 880 783 -630 -971 517 -200 41 914 255 369 319 526 -652 913 -157 -248 475 953 
992 38 451 588 282 -718 -947 939 -578 -162 -244 785 -907 -114 132 -846 180 -15 -222 809 -886 100 -72 -39 666 189 56 -140 -670 821 -887 618 554 -523 -241 414 -445 -796 339 347 230 -149 -711 940 -463 -12 955 -665 874 -261 -529 -522 -477 293 764 -470 -797 -725 445 470 826 -1 745 384 25 172 -354 -388 -212 -660 -870 -781 344 -850 458 -561 109 -99 -61 -280 -770 -509 -476 -296 925 -132 606 229 -124 -451 337 607 531 722 834 -477 -636 665 -558 426 
511 825 985 558 442 176 272 -169 665 -600 -784 292 156 125 -346 -539 194 -194 -41 421 -939 -228 28 -962 -121 -363 -162 27 488 -981 -640 -474 605 -307 500 883 -3 -316 290 -312 -347 -616 455 -948 -796 482 -464 -652 -917 -712 -899 626 239 -530 86 212 345 741 142 -9 -456 -959 222 335 674 80 -991 -246 -558 -335 651 -639 -59 805 -877 -50 814 -579 -863 -288 114 665 663 -341 -612 747 -172 -100 -471 -53 -183 -969 816 234 -778 -82 -52 -101 -256 -174 
-426 52 411 43 -1000 -645 -741 232 -726 282 -352 -755 -255 -448 222 900 920 -524 183 700 712 456 -582 -938 406 387 -925 294 291 702 -111 334 -394 -814 768 -474 604 595 -782 -969 285 157 110 918 813 590 210 -257 121 243 253 -955 -574 -988 705 647 -245 -687 678 26 -563 793 -59 279 364 901 593 -873 656 719 -224 -376 -871 -84 -716 833 223 -640 778 -71 -833 -612 -446 -792 315 -150 -997 840 585 -273 382 141 889 -677 381 121 -249 -809 -773 -409 
507 600 11 -979 346 373 58 623 791 517 -270 -580 608 -83 379 -215 823 970 -913 552 -501 409 493 292 871 -630 262 197 -291 792 79 -475 -285 -418 -323 934 104 750 435 -452 312 -349 166 -298 -165 170 -471 238 453 617 994 -718 87 607 338 -433 360 214 -132 545 640 -383 -955 -836 -1 412 636 782 -752 -898 143 371 -820 424 -832 700 594 -216 -739 337 -653 88 -257 -659 -949 -80 -521 -246 -838 -811 64 380 318 91 727 -840 716 22 -457 -409 
-879 48 426 186 -750 234 600 129 -800 -892 958 -875 993 858 752 900 801 969 -989 -42 760 -967 5 -780 483 -888 -144 171 -375 959 -362 589 45 -38 -377 -940 789 621 -812 663 797 700 465 444 912 -889 -189 336 263 623 888 775 -409 -595 814 184 -105 -337 -785 -800 124 150 240 449 236 43 394 627 -150 687 -25 794 361 -864 -833 -727 -474 238 282 516 -723 726 -638 886 -473 333 -360 -565 -99 -620 30 -664 525 59 -342 -198 834 466 -693 -567 
-200 -402 -325 -199 84 -226 -952 -12 528 134 -134 27 891 274 604 822 -864 129 228 -321 915 -594 -870 488 694 -384 821 826 -391 -59 -145 464 701 -233 -554 -28 564 882 186 -709 543 5 994 -744 428 304 299 -919 -623 83 -777 196 -488 853 225 -851 361 -791 -454 214 -346 -404 284 -335 -879 -624 -675 672 -818 148 879 -213 -841 -524 -833 210 485 9 -543 975 -397 -413 789 348 100 263 495 -979 -36 -383 -657 502 -995 192 -263 526 728 -411 289 872 
-352 980 -862 720 614 753 -406 -718 -520 76 -858 -965 16 -338 437 -124 -750 -69 912 615 -57 -922 -918 -665 -190 181 988 -586 726 89 233 896 511 -916 529 -540 829 -174 -162 34 431 -757 -973 -33 -755 796 645 723 786 145 54 -993 -678 115 665 -662 966 -747 -820 68 549 871 -856 -614 -87 577 854 -465 -856 721 39 -322 -360 86 -736 -507 723 -118 409 855 126 -313 -264 -325 196 -362 -527 468 782 -501 974 504 -317 -9 571 479 -598 5 207 837 
937 417 941 -135 231 606 -375 650 558 515 -581 -87 -64 79 -279 -461 356 122 885 585 171 -763 282 -398 886 -335 -703 -524 223 442 690 -482 517 23 281 -321 -123 558 -575 56 239 962 -55 -834 50 -241 -866 -908 613 851 -728 -640 -324 -251 -332 307 865 932 -586 723 -865 827 -359 343 -918 -78 -690 375 -558 119 407 -966 -506 -118 26 739 340 708 -639 282 -908 732 -219 -56 -448 635 -514 -903 -567 -203 -826 -776 -942 322 730 -691 953 -73 -599 102 
-11 203 359 -448 111 -254 47 854 859 322 -761 -837 192 825 -388 406 -627 422 -461 -816 169 -928 -690 -116 202 727 994 430 -409 -899 503 479 237 11 -405 -634 -804 -343 242 -172 -134 -23 466 287 691 -475 -218 -764 165 595 919 105 -211 -177 683 -225 -213 -396 415 -984 34 -833 447 81 142 56 -515 363 -999 371 -168 853 -776 366 342 117 552 -519 115 -679 571 840 344 337 -640 -793 610 890 448 -153 -116 520 360 -30 645 819 408 277 -150 877 
-446 78 98 -766 -711 -527 -752 -5 901 -526 -78 -312 -831 474 -212 -413 -999 -702 -803 525 -177 447 -751 -545 629 -545 -825 744 913 17 811 741 330 -940 -481 -357 414 638 -377 -637 61 -952 -243 400 -709 -447 -146 -292 569 351 -648 506 -609 -940 752 -368 314 906 -548 877 5 816 -440 -905 405 -112 873 6 425 173 674 -249 893 -865 -663 967 -479 206 -582 260 184 -8 590 964 -581 496 142 415 955 155 78 -788 -481 730 -84 -627 427 -631 -417 91 
615 957 890 797 -124 543 553 179 -651 263 -337 -328 105 -65 -470 556 -654 -611 -598 929 -52 -381 -16 578 -193 906 709 654 -781 -679 -3 -723 23 392 205 -369 -539 -634 -872 -12 818 -126 -476 846 -958 855 -490 -313 -979 -769 126 -923 138 -18 164 -319 35 -552 187 91 893 131 289 385 -425 95 543 -395 776 514 807 -405 -447 -170 630 269 178 -765 -321 779 922 41 338 938 662 -762 -237 -517 59 122 906 -206 -372 -22 -3 114 -576 -802 715 41 
891 110 -794 854 837 -302 -920 -411 239 -764 380 43 -37 -10 480 -462 -173 -35 281 -389 893 43 112 345 576 -752 -570 187 -604 -170 244 -35 -687 -799 -159 -523 -165 485 -110 -373 -141 482 -721 597 927 -24 -524 897 197 390 -697 -391 447 -443 -601 -395 238 12 221 660 -724 600 978 -665 -437 -960 309 311 -786 -992 678 -835 362 626 -481 642 -749 419 252 -902 858 959 -388 -801 -103 141 554 -551 312 -137 930 -195 255 403 -25 -653 496 621 -695 726 
843 462 -765 -860 692 835 -133 867 531 120 21 -147 -611 996 436 -575 972 614 89 -30 -809 -75 79 219 339 424 988 -479 -774 -285 -738 141 -539 -705 205 -735 791 -445 -40 52 533 372 722 856 -432 21 949 -21 682 1000 -526 229 -161 -931 -63 630 357 -326 375 -104 805 -10 -359 109 235 -204 -264 -41 800 768 -177 373 -520 566 -700 573 160 14 611 -88 482 1000 589 -458 236 756 719 400 -939 -29 604 603 941 346 -652 -564 -351 756 554 5 
-60 -517 -956 4 310 -728 32 805 -440 785 -542 834 -61 -475 176 523 -713 148 -517 709 813 -611 -358 -637 -430 -923 -919 297 -858 -164 662 785 700 -109 -382 -861 628 -721 -49 956 850 -912 915 -610 -348 920 -695 31 -135 -485 249 -527 -136 -604 955 -688 -290 -972 140 459 -235 781 -454 -768 442 -694 -961 832 -272 -8 853 -418 553 506 -710 866 232 672 -92 -180 -996 374 -956 -422 238 -195 -87 818 -84 629 401 -831 506 -254 -803 179 786 -377 -985 574 
788 709 708 -237 253 -214 -397 719 -451 -405 -159 -149 -221 -690 337 -730 833 10 -521 296 -766 -637 -988 -457 34 554 -501 431 -429 -480 46 -497 937 296 -139 246 -495 -445 -443 724 615 442 286 785 732 881 -240 -959 -291 -629 527 -990 -91 941 889 206 -802 -333 776 790 908 970 -693 167 -26 28 -776 -603 -422 563 272 -458 -598 855 -288 -327 -575 793 464 822 -333 -234 35 353 128 -70 613 640 -315 531 565 -311 -242 -356 275 376 446 -207 138 548 
329 -626 53 337 468 -126 -994 840 -599 448 -896 212 -707 -86 90 -214 638 -596 645 -272 579 407 -248 -502 -775 -632 -557 786 -439 427 611 -209 -544 -533 879 -510 -281 122 -131 -581 -36 859 -566 -788 146 -249 -550 45 -590 57 -363 950 -678 968 686 179 -701 -704 794 115 -100 586 -663 -687 -263 65 -447 297 420 968 -426 178 840 -495 926 -849 -346 709 -44 409 864 424 389 -498 692 779 860 81 963 -997 535 -293 899 -29 784 683 848 24 444 756 
979 -627 -287 459 -584 -944 -806 416 488 360 -336 -53 -674 38 627 687 32 944 -582 -169 -637 -275 -284 -627 632 -495 -606 -870 754 424 35 -449 609 -8 30 311 330 100 550 -658 -871 931 73 784 -379 745 357 -660 -954 221 950 -422 169 -626 126 634 84 221 -580 -419 -627 885 -726 -347 691 -635 -743 739 672 508 121 303 -706 889 -380 -500 -701 -938 -851 58 -115 -38 700 535 496 -541 610 392 991 -347 -227 -904 360 -401 -417 -109 381 497 793 -98 
-363 696 193 636 389 471 -415 686 25 -684 -437 -782 -597 -260 92 31 -519 -704 858 966 -525 393 884 -888 648 776 -642 -363 -483 237 -761 -885 -197 513 -501 517 581 868 -143 -259 604 543 84 -139 -40 780 -75 -673 -619 -86 -251 686 685 730 946 -751 -396 641 442 -274 -249 324 803 -747 926 -49 274 -909 181 690 -806 -384 978 964 -724 -247 -150 618 -384 -223 -80 -868 -921 670 -829 926 -123 931 261 51 365 641 833 576 -28 64 -372 -233 -614 415 
-619 -505 35 -677 -362 95 553 -734 331 819 -533 -470 22 62 474 990 925 130 52 34 781 846 -771 -161 -963 937 -604 -323 316 600 238 535 110 683 -655 491 555 829 -762 -34 -472 -349 -479 -268 -41 903 -215 -535 -107 880 -370 -611 -525 210 330 250 391 944 -400 -976 -659 877 365 987 19 -931 980 814 714 -66 264 -884 235 823 703 -352 495 -466 -366 -903 362 -107 511 -89 439 419 -759 -483 -903 -347 -774 529 282 890 -168 -834 -898 -913 -36 -827 
428 -807 196 644 -591 -4 784 596 -752 -612 -531 -853 -463 400 -252 858 244 648 -126 -720 -965 -945 773 168 -804 -453 -658 -305 -146 -79 -561 -187 -99 886 -41 -184 758 751 37 -529 -145 -741 -485 -921 -31 -895 -402 -684 -431 -192 885 -294 507 965 -33 912 -712 988 -97 651 -479 -963 358 -867 -32 -712 892 -583 -390 -378 371 -923 -322 -675 -965 710 390 -371 631 883 -644 373 387 393 674 172 -41 784 -175 -18 822 436 -264 -274 799 264 -567 -479 -185 300 
60 981 186 -254 688 111 -865 -317 857 -707 -149 -607 492 -550 585 503 -206 803 22 -986 -163 316 -984 473 207 -304 -311 597 -876 -223 -114 -13 -781 487 -161 365 702 730 -25 -881 968 844 -428 54 -854 -783 -531 445 598 523 -610 248 638 -259 -715 -165 -32 534 -763 -461 -654 374 64 -744 957 -997 915 -609 -513 460 153 -546 -810 107 71 -669 -211 209 300 88 -79 -859 -621 -603 291 658 222 815 -451 -243 -452 849 955 839 337 -382 -741 282 456 178 
-456 400 100 -779 -417 -99 -887 680 393 -230 321 -788 -144 -150 -126 -868 39 300 549 532 -564 597 602 -51 -764 849 723 -593 891 -429 301 813 994 722 -380 992 -782 -333 205 172 131 -609 390 -710 -587 -434 -756 595 -837 121 144 -552 -217 -893 8 452 62 574 -965 688 221 -591 -45 912 592 -271 -870 -563 216 -595 831 -610 -651 -778 -899 -927 -848 316 -269 888 -724 -78 -503 -233 -99 744 -27 870 989 -569 -482 609 -17 240 799 289 -722 -75 -990 677 
-984 292 591 412 122 541 169 -258 360 -246 578 -100 -712 -13 134 -206 -698 -472 230 894 229 202 449 246 -113 638 -971 -728 -499 -383 -126 -666 -571 876 -540 -910 590 800 125 459 176 651 834 -980 -385 344 -936 -373 -186 465 -821 842 572 -895 -616 -855 -194 -867 912 347 -263 653 262 353 511 853 735 -695 673 -584 -577 -413 489 -802 775 489 -369 -934 438 -150 -72 989 192 -628 255 582 235 282 568 -839 -464 -406 -760 -200 -234 933 -495 508 -955 492 
-552 -471 394 -588 328 187 -626 -486 -311 664 367 156 189 -1000 296 415 -609 344 993 348 -161 76 682 -721 804 -838 445 -759 -289 290 495 -501 21 431 745 -604 353 -463 604 -319 -862 33 -728 -750 -803 -603 -835 -5 928 -196 -478 -255 -156 -798 847 584 -101 957 219 787 32 -896 713 586 960 -598 -356 979 -486 -449 -288 -999 -156 -54 -972 -596 -49 770 537 79 -742 -802 -585 823 -724 327 -411 -547 738 460 -485 705 -496 -942 437 -289 -989 775 -859 784 
626 273 -187 915 -890 -569 696 -980 -587 31 584 -648 630 -100 -359 -286 -927 -365 -19 550 92 756 -87 -50 -381 -484 589 519 -215 -526 -134 -924 -115 -623 8 -511 299 563 133 -761 -686 -406 623 34 -560 698 -774 -483 286 -3 -242 974 697 -680 587 -708 -131 856 578 -692 -194 -791 -581 229 -350 -721 11 709 -467 515 925 -482 213 191 -681 23 28 -444 708 -368 -379 307 -810 -861 857 327 -761 -618 -992 -906 -191 -262 335 383 506 594 -8 504 574 -355 
364 -573 -434 -79 21 597 -137 30 153 -657 684 -469 -861 -940 482 -805 602 13 394 -712 287 -829 837 532 422 -583 504 -459 535 844 45 739 437 494 -871 -527 -792 228 -854 -181 -421 495 -95 217 -969 -779 -719 -69 -769 -774 -958 -428 -342 -906 640 284 -62 250 -939 913 -679 93 -344 203 -747 808 965 -480 -822 938 -708 -157 -338 439 163 280 -715 -159 -403 -451 -503 -981 -933 735 -9 241 -770 601 457 952 -615 -560 359 -391 -444 -630 167 -410 -566 -461 
-896 899 210 83 101 -920 368 119 931 -834 929 -467 810 -497 49 -598 -29 292 651 -756 215 -772 534 85 -891 729 -422 915 -569 -651 -147 416 236 -981 186 -364 -166 -412 562 97 -141 343 -716 -627 -525 189 782 750 -989 996 -919 -868 -505 418 -962 -960 652 947 -625 -459 952 109 212 -409 107 102 350 168 190 -364 841 -609 399 65 976 912 394 -627 -68 -500 -220 245 -678 561 -244 25 620 -624 -519 69 369 -893 824 -69 -466 -371 324 -770 676 579 
-72 -605 225 -419 487 -781 -329 733 880 630 151 855 -543 100 192 660 -518 -25 535 -849 -104 405 -868 137 539 536 200 -997 747 -11 442 727 690 427 -761 963 -954 -440 568 749 -879 -714 -177 480 -19 -789 756 -152 -900 -950 818 -191 -207 85 866 933 902 -730 648 -565 -883 969 -691 297 -872 -753 317 -1000 -921 410 638 288 449 -828 519 757 109 -773 -280 934 560 -2 -586 266 -339 98 -111 -24 -623 -529 266 338 452 -650 -650 -236 674 725 -769 792 
-548 389 300 -305 -998 230 208 733 190 101 190 514 263 287 -275 -139 760 508 714 -427 31 -639 993 -45 834 -768 -210 522 -524 869 -753 -514 -621 -38 203 -374 674 566 478 -911 470 524 450 955 -903 -189 696 381 855 782 754 821 248 -922 -816 880 -909 172 -576 37 -115 212 -192 691 935 542 -401 838 841 -293 -742 -660 -76 -707 836 345 705 381 -302 -344 -59 -480 308 -372 -494 619 500 183 -788 511 -141 -188 483 345 -303 -69 17 -542 -227 -981 
694 311 -547 -129 971 513 377 40 -933 566 -797 380 840 -213 694 -841 658 657 -937 -298 983 423 -105 -301 -228 -457 874 979 -621 588 -962 470 56 545 -164 960 -828 -864 1000 -980 -4 -782 563 -833 -987 -156 -155 384 -827 388 -443 938 602 368 744 -425 -201 -958 -323 -274 -800 -419 305 37 754 -952 722 -559 212 644 -767 914 453 416 -509 -576 413 173 -700 -766 -927 847 291 -457 -339 148 -332 549 756 -22 -211 103 27 -125 -810 604 481 -39 617 -115 
