-923 -161 713 -235 493 -430 728 975 120 286 -839 -450 -537 413 -516 -288 231 -372 214 -808 -792 -503 -148 -431 310 -367 743 860 -123 -328 428 502 -883 -856 819 816 44 -305 455 -384 -7 -421 -745 -984 -368 -407 325 -86 -389 544 -556 92 -543 -859 686 803 351 -531 -313 662 592 855 960 -589 136 -993 -589 -466 -507 -639 -209 637 549 217 653 306 129 590 180 183 -161 552 209 519 667 374 347 573 -385 -390 -884 470 -329 -772 -516 778 479 -256 -361 -388 
91 -944 -222 101 91 -301 203 -557 208 750 583 757 -164 909 -925 -488 -679 200 -213 743 961 669 536 -543 -39 940 -474 -461 -410 -6 621 -482 -874 -520 -696 385 -24 -111 763 -887 -929 -442 557 -734 -655 -124 -919 -604 816 -335 997 -327 116 -264 -752 33 75 455 970 -72 -804 -235 -81 529 -644 253 161 734 -487 52 -98 587 -192 741 -962 -63 -238 -883 261 538 85 -542 -665 658 459 -562 -825 -387 313 615 -254 465 762 45 551 479 566 136 -857 365 
688 709 -284 -853 582 606 820 -6 -28 796 588 -206 -221 -846 49 -974 530 694 -359 -299 -463 761 494 657 -853 -834 -553 -404 -696 30 -178 838 478 578 859 357 120 929 -515 -593 205 -782 -25 889 -655 -152 240 -895 -655 949 -652 -309 -700 -403 -55 -132 -233 782 465 563 286 -70 -311 -215 180 -829 -101 991 304 -877 266 -748 -961 366 -543 -888 195 -908 -849 -904 77 582 251 881 -691 634 -107 -607 -588 905 524 -855 -751 946 907 650 -185 -63 91 -5 
-517 725 -315 843 -399 267 556 -296 742 -489 -455 -79 570 -164 205 -85 -773 -942 734 930 -670 -2 -873 882 -124 798 -665 372 -364 798 -512 585 -193 -882 -918 702 17 299 158 418 -408 -678 628 -574 -122 -306 -931 -667 -139 -90 759 -479 712 487 -372 -227 834 -128 179 755 -784 73 -952 -107 11 -713 464 -921 -921 -656 -52 -720 18 -862 195 -417 267 452 908 -350 346 -910 -857 891 696 -418 -92 6 529 847 756 604 -639 -112 52 283 -360 -154 -927 -875 
777 -982 636 -598 -350 644 490 587 -268 -789 -656 -47 -374 365 -179 37 337 -89 752 678 -333 -788 -677 -472 -174 377 -155 -307 -508 -977 -199 -839 -677 27 437 -328 -373 -35 954 639 690 -708 41 -903 -951 -56 920 -3 -448 -766 277 978 -664 135 804 -513 170 -687 -648 0 -595 -129 46 785 -647 859 577 15 -885 -821 -364 -939 663 -274 -730 265 -2 184 -237 -976 760 -179 -631 -507 676 104 -151 -791 407 687 -635 784 560 243 183 -524 1 394 384 46 
891 -448 -301 967 317 295 -975 -592 740 846 174 -441 525 143 -307 -434 271 -848 -964 42 1 724 -790 765 -671 -300 760 -447 154 883 -4 574 753 301 525 -739 -281 -758 957 253 716 -963 -721 169 931 77 -780 883 -120 -575 154 839 584 397 184 906 442 808 -887 891 -446 -119 -452 207 -186 359 978 946 -525 -837 199 627 -133 483 -1 -466 -918 -720 -243 -679 679 -872 -413 -840 387 -826 855 -415 963 -100 346 825 -902 -787 -666 -165 121 748 396 -69 
855 457 -211 -28 -773 -826 -417 -31 130 890 -86 401 -363 137 423 -720 798 -843 -462 -424 248 296 317 -447 310 622 752 691 631 -293 -54 357 669 654 541 429 630 -546 176 882 953 816 -534 436 150 -237 155 568 261 615 865 -24 406 164 -717 -935 70 -220 -927 481 643 -727 -668 679 330 -552 -200 757 -331 495 231 313 -925 -909 -908 -482 -259 437 -655 -774 305 -903 -712 -786 -425 758 -989 955 304 -102 -164 873 -617 203 -944 761 -995 178 676 31 
-420 -663 377 298 473 638 325 -760 752 800 195 260 -328 997 -883 746 -572 -638 -863 737 752 -368 -553 -449 -588 417 639 -509 -790 -427 185 -986 -850 999 724 167 644 757 268 -759 -130 633 647 -543 357 -445 -37 -779 358 -295 251 175 -282 926 -541 -497 534 292 724 744 -324 -94 952 917 54 355 -72 -185 682 -825 997 405 755 -425 -488 326 -369 464 811 590 499 -814 -152 -486 760 -271 -579 -760 -429 628 880 -262 -723 915 186 -758 -692 744 -464 -719 
-289 640 -102 355 -549 404 995 -477 -462 -946 840 -877 -233 -985 110 204 254 -429 -149 -182 361 426 962 -215 -985 -78 455 233 518 -283 792 550 -685 70 -937 -661 -111 495 -183 -78 -823 658 -631 -189 -668 -536 -660 535 910 334 -101 -915 -434 -696 -255 -379 475 213 708 -781 272 -555 -393 730 -676 -665 82 -699 -380 -413 -539 -172 -830 180 -550 161 -121 664 102 -833 262 314 -865 945 -572 -7 -799 272 683 420 -79 -185 461 -359 -311 657 376 419 392 676 
415 439 -610 -229 -662 -377 585 -1 792 -62 -127 985 416 74 -505 30 278 -984 -78 636 266 -85 -402 473 324 601 -311 -511 630 -267 382 -303 530 -364 211 -65 -114 -131 -630 560 -696 774 -238 894 633 891 -849 -535 116 -341 -236 202 994 398 882 -805 -364 43 833 -479 -753 -812 69 -476 -608 -100 -9 -622 1000 -951 -296 801 -926 216 -530 524 42 221 837 725 745 -757 -186 -923 512 271 -963 913 -464 919 -970 -983 614 -902 -626 -825 -716 716 326 -925 
96 -307 -577 -700 -328 -434 6 32 -315 749 -701 114 -610 -263 341 159 -912 -729 -342 -549 -562 -870 -34 -782 -570 364 753 -732 186 184 -342 783 99 -548 -358 -131 204 476 355 217 293 276 846 1 674 772 -532 -913 -647 668 -180 37 -857 -401 -6 -524 261 -136 443 -941 -599 -980 401 -671 934 -23 378 703 341 739 -324 802 -199 -633 805 369 350 -929 887 126 7 -328 126 968 -244 -919 204 -518 -602 -1000 -4 -837 835 728 414 -888 -940 295 -519 -13 
-252 917 -660 -629 335 651 -655 -816 715 967 -18 189 788 -606 65 -88 -121 374 347 601 -263 955 -475 454 -666 -39 -82 148 923 -130 -739 -922 5 81 -853 -525 -857 315 -222 864 -255 -85 404 -47 444 259 241 -383 463 669 -851 48 379 782 329 653 201 305 519 -328 -284 920 -696 338 0 -596 491 429 991 320 -355 -65 -834 -792 -800 -772 834 -754 197 -399 853 780 23 104 -72 160 -19 -309 159 128 806 -448 -302 109 -520 -685 -277 -219 -845 -759 
525 -960 649 899 -209 -260 503 479 -597 967 -417 -884 367 -71 782 -930 -541 -138 -309 841 -867 788 155 363 993 -455 -628 -813 954 168 -407 -715 -880 839 560 -770 -557 530 465 -983 -88 605 962 -160 -662 183 659 -955 3 140 -888 879 -411 61 292 737 -690 -890 220 -350 -591 252 -187 476 202 120 -67 237 513 -223 806 -48 851 -849 237 -427 -578 346 -600 -711 -936 -591 -490 323 -179 -949 0 87 -564 -721 14 180 758 -175 -750 -585 312 908 -924 690 
-296 526 370 485 -276 -485 38 250 -424 638 92 920 91 577 336 590 200 442 -129 836 264 288 853 -204 428 796 995 -922 173 -525 -282 -75 -517 -376 613 382 -127 -313 -121 736 246 709 992 229 649 462 -481 -349 -773 602 -234 -862 -347 -420 500 -848 -267 -719 -689 -136 -382 -808 390 769 846 635 -797 437 -278 -629 595 3 335 -846 478 -28 -632 301 177 167 458 531 -176 762 235 -592 -619 517 -284 750 968 -774 -749 -586 783 958 -59 954 -311 18 
106 -24 -517 -907 -865 -714 -686 273 407 -216 -512 -291 570 -161 375 -979 369 -491 993 891 284 524 -796 -304 -749 603 438 375 -937 -931 -603 -669 943 -599 953 656 -423 -516 -612 -896 728 -661 -630 -215 -118 -698 -454 -130 -265 273 60 513 615 461 -504 447 943 222 401 -961 671 793 -891 -24 833 -89 -723 -315 -17 -385 -781 -204 -854 -99 336 -379 767 -802 -35 -707 687 17 -787 49 796 -291 478 -528 -526 -590 -854 725 -935 -403 193 493 544 -861 186 -241 
-789 235 290 -864 -633 858 951 -882 -437 -249 -777 -216 213 846 -382 424 469 203 -938 900 -576 -694 -248 868 588 -717 829 629 -404 -89 -277 110 -424 889 583 -910 54 850 214 420 -547 -170 -340 468 857 705 242 495 -774 172 530 413 565 -782 -719 622 -143 -402 842 608 -977 -826 -788 -704 885 -911 261 320 136 -395 -827 649 -397 -256 942 -317 607 69 -524 181 -995 -489 78 675 54 253 -196 861 623 295 180 -117 1000 432 -271 319 -629 97 688 -145 
850 555 326 881 -419 701 -361 439 -350 486 -165 492 449 565 -339 -372 -233 -866 -615 -956 -6 -349 686 -66 126 10 690 712 883 112 878 395 620 -633 564 586 195 533 -846 -989 -999 -225 344 804 -700 33 707 856 -172 519 -527 -85 857 433 -782 -890 -1000 845 255 651 -640 442 -873 -172 6 -471 -145 -832 896 -328 179 808 916 979 939 -122 -564 -513 166 110 -704 -381 769 147 -581 -114 779 -506 671 -171 844 280 -528 -53 793 707 -465 -766 -352 505 
35 -372 162 272 -142 463 130 -881 812 911 -687 -174 798 215 595 -918 598 691 -774 527 -518 323 -736 -427 737 -445 -851 -876 -390 -15 976 -792 -697 307 -183 61 -772 -741 316 -953 83 559 543 568 -772 602 -646 970 -622 -418 664 283 439 567 312 864 -443 -52 -361 270 733 494 -613 900 -779 -915 -803 719 -542 -549 8 -340 825 214 213 747 428 -332 204 492 -805 265 -883 -787 193 274 -772 -766 -748 678 -778 324 981 44 -857 347 309 815 -175 -589 
335 136 -158 -580 563 -657 -39 591 -135 -387 -987 841 972 -895 562 74 48 685 504 -535 -807 199 738 -500 837 -143 -554 -624 -796 -545 -674 337 32 -395 825 224 852 -901 649 536 688 -366 377 363 494 -968 814 -259 -924 838 -466 -872 -565 -116 -235 548 -568 477 958 934 -892 -567 720 -659 -356 -922 515 181 765 770 -121 375 181 950 -40 -715 -259 -987 414 -176 -484 -423 445 -673 448 399 549 -310 -272 -422 -703 634 550 -165 92 -898 350 932 -445 520 
198 4 735 356 -440 -774 149 788 672 -67 849 -238 -237 386 476 -350 351 -716 -385 985 -214 -503 -18 -997 586 -786 651 837 609 -196 561 139 65 -975 -980 909 468 265 -398 -636 -547 -87 -716 -239 174 -254 -807 -44 260 -953 -836 619 222 -113 870 499 572 996 -793 -290 645 906 325 690 151 119 777 237 295 705 -773 -2 832 -524 -677 250 349 -360 682 528 -227 621 822 -266 -210 136 329 581 -474 441 41 -749 970 -475 14 -83 -313 901 598 -255 
729 794 344 609 365 -937 -759 132 489 -766 640 68 350 -142 -280 414 -608 -538 -532 119 -420 778 334 51 763 164 846 751 -439 -530 -6 506 -683 -256 -210 796 886 933 -351 -870 -181 -956 -193 -281 -721 -717 531 854 -187 -290 -496 468 54 -414 -9 -864 689 763 576 369 494 405 14 -549 -839 304 238 124 373 907 -315 -766 -212 -442 -102 529 158 716 -574 -198 -109 906 172 573 526 370 -629 892 614 762 153 -617 -978 112 -100 263 858 -942 -902 664 
146 265 -417 -585 531 997 -936 -724 241 110 -819 -470 233 283 416 -493 633 -899 804 682 -223 66 -801 32 765 983 -60 106 -674 -617 163 129 -968 -779 -807 -869 935 -654 -753 172 749 -152 -348 175 954 -583 -785 542 814 502 95 -129 -117 -168 167 -239 860 -512 -631 -942 -453 926 286 -730 934 870 -265 754 489 -966 -741 -466 348 -1 -317 134 -865 -685 -242 -163 -747 -975 536 -745 -436 165 748 336 -133 -55 -521 -782 325 -437 -730 -396 -881 -84 478 -997 
184 -159 -437 -987 945 -284 372 -990 31 198 -969 841 -499 29 -722 -40 831 639 -558 103 162 44 -954 744 411 -958 -103 -842 -357 -256 468 936 -572 -837 -275 -59 -756 857 778 -318 -661 155 -130 -568 975 -331 -403 436 -34 565 -304 -849 524 -524 -563 346 -332 895 932 -490 859 489 85 -438 -528 -510 909 -966 139 -204 894 -315 562 928 -254 -528 -657 731 337 -96 558 431 -380 -764 848 -466 96 626 683 702 362 -32 624 -882 555 11 -191 -687 81 -881 
156 -716 -332 -463 107 -737 -837 -849 -43 408 376 936 -768 -612 293 -601 795 -47 -754 -700 718 504 -623 681 -227 -419 700 -133 161 -263 -304 -386 -554 -502 756 -907 -207 -218 259 -631 463 987 181 -25 -169 445 702 -181 979 -856 -796 -301 73 542 963 -961 947 541 -78 27 -5 117 15 -144 -161 -239 -138 392 -338 -89 -540 -6 760 -585 -147 965 524 -162 -29 -925 -379 -13 -152 -219 661 253 41 -630 -803 -186 252 388 990 -173 -582 -784 -791 82 -415 491 
239 -641 17 -779 297 770 -222 -588 599 925 218 -490 -19 -251 296 971 -750 69 162 610 -712 204 -70 135 -932 415 92 -405 383 426 -981 -17 -544 -233 -879 -634 -224 -344 -815 -10 -15 375 -625 -213 0 -281 -175 105 584 212 585 299 65 -799 -721 495 723 315 -248 -468 743 527 620 566 202 473 489 551 -916 31 -806 -650 539 979 811 552 -972 102 -181 116 -630 177 561 764 393 198 228 823 718 138 -776 19 944 580 -438 -693 68 -882 -197 633 
428 116 346 -691 701 -244 124 473 -621 -621 151 239 -500 88 -292 587 -987 -732 -874 -880 -261 -370 -437 989 -152 276 23 58 228 461 -449 -12 90 744 -169 712 262 -599 817 147 -281 -535 669 68 -599 -979 -788 -625 486 -247 161 -714 5 -728 769 -899 -501 -252 -556 672 -974 134 -127 -62 -429 638 492 305 742 715 -551 -542 -439 258 738 207 -126 -894 -572 265 930 554 196 759 -488 -474 -579 233 -497 253 -18 -923 514 -140 209 862 -521 594 -756 -355 
-135 464 -498 541 451 557 405 938 -768 318 38 808 -766 -110 990 -393 216 -816 -18 216 37 -3 779 677 730 -845 -599 165 -410 -249 945 144 802 108 -159 535 533 -795 648 943 -246 -462 198 948 -494 625 752 -615 -976 -324 -753 -97 149 -950 -787 744 -633 -961 463 -305 569 780 17 -729 80 -880 -249 981 532 -212 -470 -450 -280 -835 -827 206 639 -277 -414 861 238 473 -460 -252 912 245 304 -200 -431 932 -59 -370 521 -262 354 -550 -146 -384 -685 176 
888 667 -838 267 -832 -116 92 414 124 44 -426 -732 -510 -787 -995 250 327 -920 692 -54 132 157 -263 -658 -800 -325 42 -875 -632 -770 54 -654 -871 -862 624 804 -679 365 891 -338 -643 356 936 508 299 542 175 579 -573 -85 190 924 351 -74 -330 -249 -106 974 411 -168 572 934 873 -938 -868 -154 -878 -530 433 887 -79 -157 -295 458 578 -174 -197 -712 621 -249 -17 616 -39 273 -165 204 -685 -255 392 30 -242 576 -815 982 928 -325 -653 692 389 473 
762 -484 -556 700 360 -431 368 368 630 -839 152 -559 385 -961 120 172 -935 47 -71 -536 -385 -899 -230 -956 70 313 -135 806 688 58 -347 -589 -925 -535 -661 198 606 427 959 717 -77 -463 269 -543 476 -781 -79 846 -845 671 596 328 -614 -361 -600 403 -460 658 932 84 484 -283 -884 -912 -624 813 368 -688 640 933 -21 282 134 -708 -830 706 -479 814 -91 692 579 -308 997 876 65 15 507 320 19 -532 507 -618 -104 956 -681 -351 776 -13 -88 -569 
47 216 -817 -758 -456 391 548 421 183 50 -660 2 -739 -984 332 -2 971 -126 -728 -48 163 701 810 849 361 977 0 -857 -964 365 656 584 -564 -509 437 -845 207 741 -502 -12 120 685 973 406 33 -280 69 -232 744 -420 546 -661 -950 -87 938 400 630 -319 -141 887 -709 626 -790 917 603 156 -142 501 36 -101 -39 718 -783 -928 481 -58 890 259 -322 -388 949 -467 149 291 -52 -70 -173 120 797 -520 -211 740 804 -178 655 461 997 402 806 825 
-900 -21 -825 -427 -457 -749 164 -206 -905 -650 -84 -123 -244 -269 -594 3 -210 -117 -161 -958 -285 544 460 -292 859 594 -648 613 -640 208 200 -704 100 -405 404 123 171 -700 181 572 115 809 120 706 -418 649 368 950 583 762 82 4 687 469 167 -767 702 -29 897 -545 815 -671 -219 -42 714 463 609 367 22 642 868 577 -139 417 628 -474 812 -879 -143 155 509 -281 926 -405 831 -681 546 293 -815 458 10 -27 -81 -275 652 -549 222 -708 -131 456 
657 954 311 822 238 974 -230 -367 647 -174 -938 261 428 -319 605 -52 328 752 464 -724 837 641 -581 -112 -838 -816 -831 439 9 987 634 74 21 115 460 834 -898 813 83 862 -461 179 187 -782 -531 -27 619 133 -680 938 87 -481 -82 -563 -576 -462 187 148 865 -711 -776 181 -643 -686 -120 768 -417 -150 553 614 423 665 885 -259 867 781 332 535 -803 956 -986 939 -4 100 -656 -665 572 391 627 -317 -258 346 -298 911 -766 -578 -876 510 -120 -166 
118 467 -738 -413 -433 -337 -843 88 -653 -161 515 508 -889 -607 394 -346 572 -285 334 -71 39 579 -662 -378 -961 -552 571 915 -660 598 -417 -458 -879 -391 672 30 -747 -994 -967 297 -784 -888 863 -683 40 -206 491 867 605 -451 121 27 -886 -294 102 589 884 647 760 -423 644 -161 124 -492 -968 -784 -71 -551 515 252 211 86 272 63 -119 416 -192 292 -183 -759 -356 -244 -516 543 538 -558 -854 -916 -430 -483 -897 412 -660 -299 -377 -263 -634 51 -379 -975 
508 -28 8 678 -243 -436 641 905 -473 -537 -220 -264 787 294 655 438 331 -624 844 333 542 -540 -665 -112 181 896 338 -355 467 -299 516 830 -588 -932 -216 -54 136 808 -89 -63 252 -527 -581 689 734 -601 -224 498 330 679 -343 -619 -601 599 495 -732 688 667 -95 600 841 732 599 -355 243 705 857 496 472 -184 -301 503 780 -64 34 -826 -437 604 -161 -96 -311 -449 -244 -961 -642 -14 -799 -796 463 475 358 34 600 -632 -688 617 -533 -332 -462 -160 
409 26 -696 146 765 -6 952 284 -948 -420 391 592 -981 420 695 79 871 580 923 181 215 511 -550 -326 -686 711 509 -818 598 248 -969 -30 -605 -123 535 -307 145 790 566 401 314 -621 -559 428 716 -69 -568 42 -662 408 -50 386 272 -58 747 471 943 -958 254 998 731 -520 -643 548 -907 -891 845 -326 -549 118 971 985 978 -179 521 -465 777 -524 -470 687 591 -521 203 -661 509 683 203 -209 807 -332 141 889 -669 -652 207 -153 -418 -948 -868 -434 
-595 -241 498 -589 921 -661 696 -580 -519 -283 583 489 613 -976 -787 -830 -628 -130 -870 -582 808 -888 -90 -47 -177 -244 -190 609 -417 -380 797 718 -168 -918 353 84 45 -353 -675 387 -614 99 -20 -907 559 -269 944 -142 887 -38 -682 -566 -334 445 871 828 632 492 -169 877 -926 -494 144 -164 -431 -567 198 -44 858 -865 -395 -688 986 880 464 -607 23 232 337 243 -506 580 -554 -420 -621 185 -181 830 21 -529 -322 -897 964 -948 -819 -709 215 758 -712 81 
589 649 -548 -557 477 -175 -983 718 -624 -898 310 679 -54 -939 436 -772 521 669 -774 -999 -863 956 -910 -154 -490 -64 176 52 -804 -467 571 638 -554 -688 59 412 290 356 473 952 -570 373 730 215 673 322 904 49 470 -906 -241 -545 -944 -58 -888 -475 132 475 716 118 804 388 863 -531 909 360 -807 599 435 94 -997 -621 256 379 743 847 -815 -16 -495 16 315 -776 -966 704 548 435 798 391 448 867 -239 -790 -364 -333 292 -856 -786 984 -850 -337 
-486 -471 962 31 -261 -939 181 547 550 -393 -891 298 15 547 -696 -397 95 430 -900 755 402 -327 -453 -712 77 596 964 -779 643 -206 272 852 -54 912 151 500 -773 382 779 -302 -291 642 -262 863 -188 641 513 -657 129 -916 80 685 -73 -85 227 -152 -935 -125 -751 555 363 621 458 228 570 -11 789 -578 -150 574 297 -384 155 -345 859 -963 395 -413 358 -830 377 -70 439 -750 -352 996 526 -630 -724 -634 -176 665 228 -539 670 -859 400 141 -921 -135 
-950 -796 -49 804 647 -444 -19 -66 -600 -385 326 -991 -451 -326 -79 10 568 -696 -930 390 145 972 118 -315 265 -69 871 -407 914 509 531 233 922 306 655 -51 229 117 88 -658 125 -454 -802 772 -414 487 411 282 846 -618 507 509 646 -402 -724 -233 17 103 -799 296 -379 -477 2 698 -125 182 870 -623 304 -655 913 50 97 -289 -757 480 416 251 201 68 -582 109 978 -862 -110 811 -901 875 763 339 761 -733 982 -879 978 -290 -867 -513 258 -270 
309 -5 -462 824 281 819 68 -235 718 122 -139 -273 695 460 211 -49 -118 -272 -922 -45 544 731 -569 -577 118 288 -993 462 711 914 621 667 888 622 -504 -806 -184 500 -408 -505 -778 -252 -199 -958 -970 -273 96 228 -17 681 681 494 664 -960 962 -872 -974 930 185 -652 555 564 461 -720 -289 -721 -3 -190 -465 -950 919 -487 -452 519 145 -220 248 851 875 -910 108 553 43 -467 316 127 342 80 672 611 -623 -578 144 -55 71 -406 192 -823 834 370 
-602 -788 650 -40 -804 951 -42 424 -847 -177 -529 218 9 -54 932 -437 -233 -537 987 -547 866 643 282 -239 -4 -1000 -167 86 488 -623 843 -515 -48 61 444 -483 681 -317 923 334 -718 798 109 -209 149 -591 605 -961 390 834 -709 26 -209 841 423 -407 321 84 -938 892 -465 -244 892 341 7 258 55 288 -875 355 254 -414 696 -923 -444 -804 -764 600 784 -309 -833 -222 -364 601 -213 766 -606 -572 622 93 153 118 -292 117 -151 -239 -145 712 270 -508 
-942 352 -403 41 -648 561 253 966 -244 198 988 -303 -989 620 -272 147 947 -925 -953 -406 921 -185 238 -1 -3 -846 667 -787 215 480 570 -961 -328 -998 -707 969 -858 40 488 -122 -718 18 243 -321 748 -880 725 -254 775 -998 6 -814 -290 -687 611 995 268 429 233 806 217 -619 238 665 814 -351 23 -175 773 -436 485 -521 -272 473 733 817 503 -472 -577 565 390 660 172 597 46 513 -376 -280 -637 -134 -116 -581 -173 195 -130 495 191 -28 651 -817 
925 66 364 -322 -867 -6 -85 -946 369 706 916 498 750 -524 -519 9 -60 -724 156 -323 -261 -634 665 206 125 -857 -22 368 874 -669 -973 -134 754 79 694 -351 687 -98 -185 555 -68 864 -175 -810 331 31 -879 -692 316 861 435 -716 588 -857 -280 269 24 891 138 -361 -758 -9 -69 -848 -102 -877 -19 196 695 -791 760 -566 41 -890 136 -882 -921 -180 -4 -801 783 871 280 -986 564 -968 644 -795 350 -442 45 192 -214 537 283 917 -961 489 470 756 
981 646 416 773 927 925 -385 453 -463 454 835 567 -97 -545 362 -425 484 -478 -536 -611 -392 -562 567 -885 -628 49 954 146 587 -443 -235 -394 -295 738 184 -608 -512 -724 -335 -440 59 203 434 104 -118 335 -191 -509 240 937 -743 787 503 -744 -587 732 70 691 -858 -340 -790 827 -213 -937 522 -810 761 -68 547 992 695 -625 -11 -858 663 -171 161 -123 -949 -954 -523 692 -106 385 -807 -144 742 147 25 37 12 636 -511 926 439 782 160 -327 -802 229 
832 -730 143 -233 370 162 774 1 224 -530 507 621 5 142 873 -965 -240 -588 -458 568 587 834 996 156 -880 222 -112 -511 163 -644 401 -275 -537 118 -799 -777 -652 -110 790 -198 -483 -429 585 -492 -373 8 -763 -99 -271 418 679 -931 703 -707 829 922 -793 -584 502 902 269 -608 537 238 995 467 485 878 -855 -994 -983 -499 275 825 520 -817 -528 -198 681 675 -142 982 -645 975 -102 -846 -800 -607 -866 824 -13 -755 -241 339 -342 -563 -933 298 748 909 
-806 753 -365 292 444 15 65 -878 -419 -90 -960 509 179 549 -348 -956 511 150 -856 -523 846 -977 699 633 -43 532 -960 154 769 194 -341 -8 275 905 -46 -773 66 631 914 913 -552 -143 771 -513 -851 990 7 335 451 364 109 -99 -738 307 -659 -100 -914 823 143 738 -581 326 613 -514 -771 -984 -413 100 874 -539 -788 393 -965 134 694 384 -987 472 823 573 -360 -892 357 -395 330 -201 -455 -943 61 299 17 67 -587 -360 -727 583 351 847 -531 -632 
590 146 -754 -29 -46 -770 468 598 249 -610 -512 595 -67 -854 745 556 -307 -752 577 408 -308 -847 802 850 971 569 594 -632 -329 -348 -543 244 939 891 -150 -830 -211 -415 -494 240 236 935 -854 189 797 505 -745 -155 277 -529 -383 343 -870 390 895 52 114 20 -820 230 73 642 266 -813 -588 -218 -85 -734 529 -548 633 638 259 325 -634 -761 497 -348 119 969 -913 -948 923 -683 -885 597 -641 872 -299 -739 -223 -670 -180 625 -650 -779 -719 955 -672 501 
-945 615 307 -999 -845 429 -560 884 424 -674 -84 -693 -114 125 -794 158 627 18 -309 413 -872 -488 -596 149 -877 897 -332 -606 -417 819 296 26 627 514 900 728 847 -43 645 -262 254 -794 -164 -870 860 449 -880 655 643 -232 -849 -52 -440 26 827 -947 -430 -33 707 -548 303 635 -319 708 -220 -641 -281 433 93 539 -141 -63 -464 -719 -699 900 400 -960 -996 -960 -919 -746 -485 -609 102 -697 963 392 760 -426 657 -301 -384 -989 -347 -769 864 -521 -444 672 
930 -949 85 30 404 -970 -797 -923 -698 476 -102 426 577 551 441 -574 369 -381 -68 -278 -937 -692 719 292 -535 663 827 786 828 239 -743 -764 130 -812 457 -363 -372 508 615 362 192 -157 -377 -966 322 -939 -507 -863 565 -651 -791 914 998 -554 339 84 315 735 -986 134 -22 400 985 524 -762 356 -262 24 -462 -167 -598 681 780 -266 -683 770 -827 -50 398 123 188 799 -429 -204 471 758 785 677 -455 918 -224 340 -791 951 -807 -706 -501 -161 721 657 
-844 969 -926 416 92 253 -936 -755 876 -229 -745 -188 -87 258 -331 -738 112 599 -64 654 -1000 196 -533 -609 -125 236 39 -616 134 -895 288 633 391 -967 599 674 908 -119 -789 893 -739 488 451 -237 139 768 -194 154 -339 -894 -713 -614 576 123 115 -984 -996 306 196 309 -696 231 -101 385 -355 -794 -118 -803 -127 119 -757 -239 165 7 -126 -4 948 77 -68 607 -709 -132 658 -688 -311 628 -874 20 276 617 -388 -790 423 590 76 412 -166 272 276 250 
538 -154 -647 -331 -394 374 866 292 -688 -286 -141 879 -731 -220 570 -370 -527 75 376 677 -754 -845 880 -649 -512 -182 -282 -724 720 613 769 389 941 154 -473 -820 -530 -409 -733 -812 937 104 -602 -838 888 -97 472 -902 723 624 381 -546 -467 -740 59 -499 -364 -350 997 -812 659 452 30 57 853 -780 -126 31 534 -600 -2 -402 -81 -975 567 -879 -509 -35 -189 -534 326 622 901 569 -491 865 -142 -974 -509 440 -333 164 32 -918 -383 -887 -311 -796 -969 -261 
343 -550 -58 -374 -335 -85 654 126 357 622 987 -6 -784 632 5 97 286 613 315 863 -23 -116 176 -280 -210 789 930 571 951 268 -626 -99 902 -62 -305 79 -663 827 717 -365 -667 -144 665 393 804 636 -104 26 -143 -524 438 -158 -82 -825 327 955 -923 163 834 817 303 694 -717 -627 -348 -996 102 869 108 686 524 307 159 955 -806 -235 38 181 -975 -364 -3 703 458 -36 220 -89 406 962 -854 869 -843 754 731 469 238 861 306 880 5 -192 
-885 673 -476 -150 514 478 -510 274 -79 -87 452 -281 426 831 -790 -321 -120 271 351 -699 -170 -535 872 590 -974 752 -740 819 730 266 214 -529 -300 -234 -886 387 -107 -720 221 -68 684 -668 692 -115 -313 299 -594 544 -384 -662 884 -699 662 342 -433 671 -957 867 -307 -459 -327 -973 -29 697 349 560 181 103 664 -901 151 -857 -125 460 -812 746 346 663 231 297 936 -172 -608 708 392 -139 696 -519 -110 -723 -656 -70 471 -881 -663 -912 -4 -641 -756 477 
991 782 259 192 701 193 -850 189 528 -632 397 -178 -70 -454 -336 665 -934 534 881 460 -621 -710 -205 786 -634 -993 687 -437 858 -6 165 489 -986 -271 709 186 340 -502 -975 -708 271 -740 -429 -62 -916 -227 -295 -198 627 882 973 -847 366 -758 506 -785 922 -288 -930 944 200 -455 432 -632 -653 -296 -787 519 -78 -301 705 -796 914 -843 262 852 278 363 870 -534 -408 173 695 -927 -600 -677 -294 468 998 913 610 -442 -75 -69 -863 -155 -52 -458 -720 292 
-221 -813 899 609 -560 -627 -492 -161 -62 373 -608 -407 -773 -138 322 -454 237 -491 -659 41 -683 830 398 -955 695 374 641 945 -982 -267 376 -526 -409 -194 -245 537 461 786 -615 198 146 -202 75 463 -207 708 815 -579 -292 -221 71 593 -503 254 -691 -354 -634 822 -747 -333 -968 253 92 706 905 921 755 859 -728 -921 142 -227 63 772 -196 72 826 -149 413 113 794 -185 770 487 188 380 -451 831 1000 951 119 -72 654 -474 -345 528 644 -74 -46 -833 
431 235 184 848 983 779 -556 -501 -528 547 954 390 -327 254 -825 944 -516 348 -983 358 66 -64 789 121 -187 -472 210 476 -191 328 -237 917 474 -612 -684 -69 960 770 -775 -132 711 352 926 -709 501 741 515 -434 987 -579 93 -51 762 -232 -566 -108 -827 720 -14 -631 -377 -23 -439 56 642 -216 -692 908 -464 -876 8 -526 773 146 3 429 517 387 -728 652 -119 694 653 361 -463 165 -573 -130 -511 -303 -164 359 712 379 -880 555 -5 293 -385 -523 
-15 -267 18 605 934 -56 76 544 412 -97 -999 -668 931 -473 609 682 517 90 365 144 -345 -931 -844 -421 178 -370 -868 -138 -103 -817 35 -988 -112 -841 516 -969 -595 401 473 453 -986 -668 928 -447 50 459 147 -766 552 -638 -975 679 903 -913 371 -433 512 927 -845 370 408 437 -814 -50 -712 402 -196 249 -106 604 -823 481 207 643 -317 -635 106 -459 -549 51 -778 -183 -356 -883 -60 -298 796 548 -861 -814 327 -234 -673 553 503 -909 -439 -873 -363 -956 
604 246 743 -160 364 -554 101 62 911 831 -278 -702 -940 -993 -503 -980 493 299 -480 763 -373 626 830 -290 -239 18 -990 -50 696 -702 645 -904 -889 884 236 464 -238 -861 866 983 -156 354 -677 -991 265 -613 -497 -659 225 60 -791 713 593 198 43 32 762 -479 396 289 77 72 412 -944 -828 515 -514 -997 -246 872 124 -594 491 -138 436 -268 -113 -95 551 -662 -110 -327 5 356 31 -553 455 723 275 -138 733 429 -790 -753 621 254 -685 366 -16 -893 
58 396 -274 -945 -41 221 -555 328 -710 796 646 873 -397 -162 -411 994 -112 -363 706 -808 -66 -105 940 116 -156 -55 -970 593 -891 -307 874 26 190 -406 -737 440 137 -910 -577 187 -89 860 -82 -971 -802 32 -714 -696 -92 809 295 -133 -91 398 -659 -454 440 -422 296 -107 526 -714 211 -519 -967 -222 846 -961 350 -84 661 -645 -80 -23 531 385 840 -153 -512 -25 169 888 -404 927 -212 241 -740 712 823 -889 -125 927 -144 887 846 -240 489 -994 -977 -193 
-51 862 -411 490 444 880 -316 295 -894 250 515 -462 808 623 -181 -588 -656 2 395 787 336 1 -219 155 583 811 -729 371 -86 -131 40 902 -230 644 366 103 954 -529 -925 -644 533 259 396 327 850 -715 -948 -364 281 -272 569 389 68 -265 255 -830 437 -675 844 -182 -662 -9 420 -128 -866 -174 634 584 -392 -660 -282 881 -140 -594 -114 917 542 839 5 -239 -457 -53 701 -167 277 -636 954 824 -772 -348 -87 -365 928 -994 849 133 804 -986 -36 141 
-157 -342 -11 626 -387 -998 -969 19 380 -720 -977 612 624 498 345 185 207 925 -320 854 536 878 -454 243 253 455 -234 -647 111 -75 389 525 -835 881 565 -165 910 -376 987 -183 -162 464 626 -347 370 -52 -170 208 876 -734 -629 -383 914 574 -255 -508 586 -502 884 -406 914 -971 -602 -866 -828 -317 -556 -663 -451 711 13 529 850 49 255 -909 227 920 579 -144 777 -474 800 233 -73 -556 48 881 731 456 -205 182 376 149 569 806 -116 -478 -674 -547 
11 -471 68 -242 340 570 190 223 591 -881 640 518 -524 236 737 -842 -879 431 -416 -26 679 -184 -324 364 740 967 582 -558 197 964 789 -662 -727 395 -920 2 -222 378 404 -627 856 282 343 69 -248 -845 200 -945 -734 -505 -745 235 -645 -689 905 801 -465 401 618 -169 -285 -461 5 -457 -537 -615 720 -855 -140 -378 -180 76 -102 -472 -926 -644 956 19 -212 -549 310 593 -752 -757 -365 184 -915 -465 20 -913 897 276 536 823 -77 820 -566 -408 -411 -751 
605 944 -815 -326 549 -901 -747 -619 -988 838 515 -847 869 931 178 358 -940 192 75 231 960 145 -388 407 621 -923 -724 -769 -874 124 136 729 -804 -681 903 497 388 852 683 571 217 824 -819 -618 -567 -298 909 -382 -524 -969 915 -688 -541 971 975 0 897 932 -232 356 -479 707 714 -60 97 889 -559 108 -898 -698 -757 799 249 461 -996 -838 67 935 -501 680 374 -649 650 -284 209 822 50 -302 236 -566 -678 -242 98 109 139 925 133 422 -787 608 
702 -58 245 346 -248 -749 286 277 -612 -750 937 442 -698 212 515 -909 -760 -616 -375 -432 -93 -440 551 -663 743 -555 818 110 168 -4 -33 98 -602 573 -335 891 744 775 605 501 732 -759 7 -832 940 -805 953 -800 740 588 -984 708 -845 -233 -167 439 387 -667 310 434 505 942 -852 -998 -471 -205 601 253 -787 -501 -34 45 -708 -491 -113 -711 -869 -736 -273 543 377 -22 91 -828 -677 371 706 -682 990 623 622 431 80 -39 -636 351 909 -669 -255 595 
-607 849 375 342 103 660 811 -521 -908 -820 61 73 789 -54 -580 -351 -861 -263 165 752 -504 594 830 778 -385 -385 -974 396 -267 540 -329 712 682 517 -663 490 -514 482 -583 969 -392 -949 397 -776 866 569 -218 899 593 -618 878 -687 854 -638 554 -366 986 -592 994 849 -28 792 -152 -466 516 -736 -780 528 -948 -913 -765 772 590 21 144 -268 -39 217 391 556 661 135 63 -669 242 -645 -393 -518 861 259 575 113 672 826 601 114 -262 -405 112 -503 
167 434 -373 -498 -323 -253 -812 -2 466 789 384 421 -32 -185 123 -462 -103 53 -36 816 970 18 574 -833 906 133 -814 839 842 -530 649 -551 -744 -304 403 268 793 -728 -840 97 149 229 367 416 365 975 -684 825 -939 -282 556 -247 209 646 877 -420 -463 -30 203 302 -350 -623 -200 -319 -38 -638 -547 -546 187 -625 655 -511 -277 -519 -567 -586 416 -184 -653 -155 594 -37 -602 795 -535 379 56 739 534 -840 907 947 -751 575 323 -950 310 -826 948 -974 
-162 -586 588 580 -325 27 -489 54 539 516 -868 361 -511 840 872 858 -358 372 367 -801 -361 245 832 -640 71 655 -410 -389 -159 927 263 568 29 -495 670 781 -613 73 -294 -256 -110 -128 461 -108 -860 -573 767 -866 -818 772 -576 -909 -63 958 -85 868 700 44 -569 -733 -599 -540 201 753 631 -394 69 -636 -116 653 839 764 356 881 -367 -447 609 -54 -181 799 -940 -842 103 -122 828 -754 -922 81 -230 -383 28 140 -703 410 471 -955 -769 783 -650 831 
-783 212 110 255 -477 -488 992 -296 -423 -162 -572 -227 710 -35 749 -429 743 -328 -449 980 567 752 679 545 -57 -765 -820 711 -589 717 956 -173 -554 -386 131 -783 306 447 706 494 23 676 672 97 819 79 413 -828 -731 265 -200 -650 -1000 -438 -321 -347 -456 516 -337 73 258 -42 343 513 -320 -382 715 371 -615 -828 -949 -335 -280 -314 -694 -981 -277 66 706 811 -92 -580 895 361 182 401 -549 754 -820 -868 669 -384 -829 547 363 -628 -360 -288 -804 128 
-446 349 -702 152 810 365 -482 507 -370 -320 344 449 -48 423 547 881 -158 334 843 893 290 664 -281 313 -676 -533 841 906 -882 352 -942 -101 -464 671 -263 -134 -60 -834 -754 -575 120 683 -267 834 889 -343 912 944 -17 -974 -753 73 -635 -347 -638 53 -468 599 206 -861 -159 280 -739 -159 -653 -901 289 79 350 640 647 -252 -261 -290 -978 -356 913 -361 23 20 514 632 -802 972 918 -364 704 836 -465 -641 -546 792 -768 53 -570 -209 -775 573 -766 -378 
-423 -778 549 -941 522 -755 -990 -48 -505 698 -257 -132 976 -820 -670 990 -604 328 829 566 770 646 -982 417 189 -616 106 10 -889 546 758 533 -25 214 -23 372 111 -703 379 210 171 -449 280 -314 738 -69 228 439 -180 105 -277 -95 -189 -757 -121 -987 -265 -924 -215 -128 -209 -983 694 -401 -108 -831 784 92 -944 878 5 -661 340 660 -312 -625 963 476 -626 550 952 -690 -143 69 413 -37 -857 -657 -358 741 431 262 727 178 38 -949 879 24 -136 671 
311 -869 299 -916 292 559 500 340 -796 -946 -990 89 233 157 343 -172 366 -887 779 -772 223 -616 419 -639 229 -675 -282 -893 98 -155 -158 -26 -133 -867 683 879 508 -25 -695 -127 -592 -954 -769 424 74 -346 302 415 992 128 -460 392 -177 734 933 906 701 -748 939 254 -686 -146 -542 -879 -126 328 402 -155 880 -45 859 383 896 14 -104 726 819 -935 808 420 179 -126 94 -273 414 486 -585 -804 -145 686 222 270 851 -79 -634 328 204 -617 -973 -666 
658 -658 -649 -401 241 -885 509 -627 777 -964 917 68 782 -399 -970 559 806 -748 -290 729 994 -49 -526 576 181 956 -434 -633 -306 797 -148 -367 247 214 51 202 996 46 162 -361 239 966 -79 -891 355 -290 -460 685 -178 906 939 565 -54 -341 -300 -449 531 -994 -989 -280 -934 -169 -761 123 923 455 220 892 -302 -463 -650 614 -759 348 -46 -20 263 -714 -206 -411 241 884 387 -163 -764 -454 -449 642 911 890 -508 291 -966 -180 -598 -614 -485 938 -131 798 
172 202 128 -25 415 -622 -296 -514 -820 -298 904 -101 347 -570 390 -417 656 487 245 193 612 -286 -354 -741 -428 -323 -561 -963 528 902 885 -42 -169 -118 -947 -109 -390 -123 987 987 -436 -227 -891 -957 -914 241 -603 571 -227 938 239 -829 596 394 -169 -147 -229 -101 861 525 -882 239 503 953 121 113 -914 253 -124 391 -592 888 -734 -337 -207 -612 -873 57 -740 -58 824 -483 400 -846 258 428 418 524 207 -874 -784 -576 725 -87 458 -733 -520 872 -632 97 
-435 282 -567 707 -874 309 153 -4 547 -695 -517 889 -538 -157 -239 -688 -593 -80 -395 -722 146 -722 165 -717 345 -140 281 163 879 -779 203 345 -43 -619 511 -298 -122 -216 630 -268 719 -647 -821 -984 348 -838 -581 -876 -462 639 919 316 -843 929 -536 77 72 -724 -39 230 -367 89 55 -413 872 -158 -192 690 -914 669 -455 418 77 -759 -124 -230 544 271 568 549 -108 -692 -965 -348 -634 -330 -687 -800 -854 23 -207 -489 711 -368 -521 307 -73 249 -632 -616 
-861 149 -673 -219 865 726 382 -121 723 -782 604 731 475 -250 -764 593 -450 -19 -105 374 -99 -207 -56 390 588 294 -701 -452 -458 -824 -255 -86 -908 -748 4 -302 175 1 -690 -661 -849 250 822 -355 899 917 -751 270 682 120 644 -574 560 -331 411 -570 -373 -511 920 558 29 -460 -426 118 -524 943 -826 326 -747 -953 169 -995 -571 -919 -167 -572 -409 104 -572 421 38 -962 -501 649 -653 -606 451 431 -282 -172 -304 -974 732 -350 -192 537 -489 54 -54 -787 
-493 25 878 555 -413 -699 -249 -71 842 135 -948 -452 -595 -204 -588 -656 73 -750 -210 -55 99 -102 400 14 -686 -718 119 -188 -781 -852 350 -11 2 689 -839 515 -498 163 -823 -54 -517 458 -749 635 -868 -539 215 -887 -35 575 -787 -535 -958 -289 -840 -557 -815 -917 459 -935 931 526 462 -956 -345 -311 58 -699 543 886 884 110 871 -646 190 97 182 -464 -849 -613 -333 308 -71 713 595 -858 -796 189 180 -129 389 -814 320 -486 37 343 -877 -963 -718 -708 
385 428 -412 244 -902 -930 -414 992 506 385 -584 235 838 -904 -244 511 836 888 31 -170 -996 191 -857 647 -181 -252 -63 891 888 -347 -873 -657 -592 -167 -565 782 -356 -240 -811 14 246 798 -890 89 785 870 -896 883 -424 -391 -561 380 263 372 -364 -349 830 982 -278 -508 -349 294 -320 -279 23 -651 755 -737 -961 857 634 552 987 200 -831 898 -276 919 563 600 -249 -491 508 91 -503 283 838 651 793 854 -376 374 -71 469 -686 -823 -576 -155 228 -219 
-816 -341 584 751 111 -690 418 66 -680 -915 946 -227 -754 63 -933 -535 -164 938 703 -68 880 -414 -722 665 139 452 61 166 326 787 287 70 176 565 -89 271 -711 92 -345 906 -928 460 -126 -882 -397 -797 40 -57 505 -812 -570 123 886 -482 -851 -60 531 -934 112 -508 384 642 764 -436 43 -469 -442 -141 580 -799 -739 -667 -705 -774 -835 132 106 292 909 566 -423 222 367 -334 4 866 -608 -934 302 99 -222 -581 829 -528 -708 -60 845 44 366 -846 
-100 -288 187 -601 732 -999 -49 466 -830 778 -984 54 -365 668 -762 182 261 178 -722 293 792 -879 714 -694 628 11 290 712 362 -31 276 -71 754 -989 -512 -951 605 -298 412 -19 -682 54 292 -407 647 -498 -757 -521 369 644 991 -295 957 -188 -317 468 -156 924 87 504 891 -975 -844 -99 -331 873 -688 -597 -212 775 163 -137 -26 -414 -671 380 319 -202 52 668 323 -210 -769 -131 994 600 -118 -796 -814 33 61 -284 413 -581 -185 -471 246 675 -338 -296 
-99 -42 -637 -956 272 -798 -802 -914 -826 -281 -917 688 851 -945 479 -544 165 -635 628 -832 700 -624 802 -607 -353 360 -158 14 265 -731 -898 -568 673 593 -203 942 869 -675 -141 325 122 641 244 255 -930 981 -156 951 -219 569 -790 908 366 830 393 525 -714 -507 -577 489 -31 -580 -781 567 911 381 -571 527 323 188 -782 462 244 113 -463 155 -281 143 -586 -717 -942 -981 46 -136 942 -113 -979 -805 441 787 721 651 -534 -656 901 -974 652 736 942 -290 
913 -913 -285 -635 -244 -543 217 -116 -563 -790 752 -227 -7 729 833 -641 -930 -979 543 -455 109 -475 805 -512 -46 -123 -320 700 377 511 -821 901 -441 946 362 -11 45 701 964 -183 -644 372 932 496 -835 -175 -707 -267 -497 -356 250 -992 -870 -456 -963 65 415 -442 30 349 -970 49 -725 -75 -30 -390 -174 158 245 494 564 -267 842 -30 -354 211 976 -514 -80 -49 -689 125 -957 139 -283 -204 272 701 450 -330 787 -398 163 -84 -530 -934 -340 -546 -443 609 
-245 71 469 286 331 872 -998 510 -876 0 792 706 499 -180 853 -656 -664 -421 -305 -474 154 -843 -57 -709 780 -918 -545 758 -445 830 904 463 592 -501 -289 331 310 -67 -475 -585 -827 -945 838 958 -632 981 -146 1 -849 290 808 -495 844 272 559 980 -636 -896 165 -277 -579 -928 614 433 33 -302 873 -669 168 -989 266 115 229 -767 95 685 -658 -629 639 -911 -636 147 593 446 -400 675 -88 -749 -441 -318 -318 934 150 565 -777 339 -665 -896 -425 707 
785 -310 689 474 -696 55 930 -482 982 -467 -120 -540 -151 227 218 866 -510 936 -59 884 253 448 -130 373 685 817 381 931 653 -453 -519 -910 958 -440 177 202 -781 -500 83 80 -530 -959 -263 259 -515 316 -88 835 -948 -48 -937 -673 -442 -318 241 -248 114 -487 603 617 -753 -373 889 76 328 551 -463 182 -36 -71 467 -928 980 -538 392 -759 -103 -554 643 607 -166 124 40 545 -324 715 588 385 24 -100 124 498 -473 816 -119 732 282 913 -784 271 
751 75 -810 -790 298 531 564 -360 402 -427 644 -128 -134 110 8 395 -291 179 -362 -225 793 -435 -300 723 356 -827 942 -333 -145 524 167 -272 697 878 612 -884 -721 557 94 546 627 -43 -802 -287 71 948 -923 -156 572 -589 -855 -730 -962 -194 -980 388 -715 -748 -979 743 160 506 235 66 832 -109 931 -475 579 31 650 637 -351 -3 -155 -81 359 503 204 -226 650 232 -99 159 -420 508 -917 -749 829 -988 817 -540 -827 -696 373 443 345 -453 -248 844 
2 314 -110 848 -903 -542 -3 -866 -272 246 -13 -814 719 -158 750 -763 690 -530 -822 45 656 -939 320 -498 -231 -734 -901 -799 -975 314 -361 -127 -867 -634 367 -888 -705 817 -38 -720 563 -151 -644 -43 105 -913 862 368 71 241 853 -907 438 771 -614 858 -378 692 -299 -787 314 284 -279 802 -320 -67 -462 -835 -850 954 -582 -532 912 332 -421 582 -865 -493 -956 186 580 535 486 -233 -693 -869 678 -799 -33 224 414 -959 -352 -615 -615 -826 421 -582 95 884 
-244 -370 279 -207 -677 8 -704 -914 -464 -68 -824 -511 -708 -552 -873 -83 849 -280 311 282 -407 293 323 -569 -412 626 356 532 945 -744 379 566 -366 522 -639 -859 146 -907 -152 -789 -720 249 501 656 429 235 93 -177 924 -854 -566 563 -990 118 576 -388 322 127 214 161 -721 765 -404 -954 -406 -547 733 715 -394 270 -174 -70 -287 370 316 -136 892 -583 383 167 964 185 6 -72 133 -7 6 630 577 722 -635 -40 322 -530 -53 -36 -831 -575 217 387 
739 -621 316 16 -862 158 -104 -757 -372 755 -252 -622 -485 904 60 150 177 -948 274 -845 -484 224 -940 -811 993 418 -141 -467 -542 -479 73 -230 -710 -548 -183 763 -443 451 -164 -464 495 691 -125 214 -33 412 407 -445 -442 698 -757 -776 -49 -198 933 -206 258 -7 -142 794 184 -105 586 365 -379 953 -910 148 -985 -546 -480 -909 -417 411 -150 730 -362 811 -905 785 -134 401 286 973 205 -153 -815 -977 609 131 -444 -279 -493 443 -420 -671 873 901 -251 609 
366 242 -533 -511 -261 -933 -102 393 569 127 178 -59 744 754 -832 141 -125 -474 -201 824 368 666 79 -506 88 473 -615 -429 -791 814 514 -724 -455 747 270 -735 -676 -4 -445 -85 951 908 611 876 524 381 -345 786 763 459 -437 -662 -67 922 -475 274 409 -623 773 -20 377 202 188 -587 -573 518 132 102 161 -367 203 538 607 -618 -285 973 651 -38 76 199 -687 41 -693 135 14 702 -7 201 -28 917 -960 318 20 767 144 -97 -756 -968 -285 19 
214 243 625 -18 121 -411 -465 536 -900 -223 458 734 -729 -681 -962 896 -740 -800 -451 46 212 433 549 879 628 384 -936 -620 103 472 151 743 584 721 109 -13 -295 222 -304 -391 -464 -729 611 -285 61 915 -561 -432 -895 950 -202 -933 40 -87 485 -921 -717 576 -948 553 -79 -717 -181 930 664 -278 -290 -989 -117 -872 -44 -741 -861 860 -253 106 109 732 962 -121 170 -822 -916 -912 -486 808 -974 -221 598 -958 538 -343 -131 -486 -989 -111 -820 -236 596 694 
454 177 -700 345 277 617 228 -44 -409 809 968 264 -242 516 434 486 359 114 -582 995 441 119 411 348 -420 211 971 -974 521 924 549 -943 -247 -708 351 234 704 647 -242 -298 513 -444 -119 677 -325 -314 599 -459 -977 -755 965 557 -959 -511 -952 568 -98 562 -691 204 -684 -269 74 105 757 330 579 -84 857 -56 625 -766 10 -207 178 461 915 -118 -216 -83 640 -677 40 23 -247 918 -984 -825 101 819 -825 -147 737 -184 -51 574 -651 -551 -704 -206 
-527 -409 98 -758 -533 82 425 -688 -821 -572 -36 -708 -51 236 -156 -582 -355 -502 177 -393 196 577 177 -811 -367 804 -934 -461 -421 -573 -75 223 85 813 274 -815 -504 -125 408 657 609 175 508 253 43 -527 -80 684 589 -989 187 -853 468 423 -241 -572 95 755 -159 -460 739 796 162 -334 585 -870 -93 -91 712 -23 482 -990 -6 13 434 -435 -699 190 425 -709 -644 -413 827 -311 344 547 747 -405 571 -989 76 34 417 -210 -90 667 576 -460 -56 389 
-47 655 -789 631 -677 69 771 -992 -114 402 -710 310 -109 -593 980 810 -312 -447 -299 -257 -932 -869 -750 637 21 -339 275 -389 -505 -40 -965 -503 116 -707 -94 -552 114 -872 216 -618 195 744 801 -266 942 795 820 39 99 -969 283 993 -96 -93 812 -258 -160 -232 797 -90 626 -337 66 942 744 -580 -257 36 -912 976 51 572 -947 -794 -604 -229 -228 -581 -141 -907 -211 -27 296 971 625 602 -805 550 15 891 14 -625 696 801 440 504 272 -50 944 780 
35 -627 960 -543 -593 505 402 -396 614 -881 -292 -811 -888 581 242 108 -550 -193 813 -525 -818 -997 421 -351 111 866 51 -598 -840 130 -390 577 309 -819 -120 942 720 -676 711 669 -417 712 491 395 751 -486 631 -837 -150 -627 -745 -358 -382 550 32 -366 -942 803 698 819 -887 516 512 859 -196 45 -109 -114 -878 585 718 -732 518 844 -358 -499 50 -455 -210 -985 -467 88 458 869 813 -768 291 -152 156 247 942 735 531 -230 553 -82 110 -25 -937 565 
-345 629 815 -319 -992 564 689 -74 273 506 348 746 -3 -633 461 554 -550 -400 -714 -602 -779 877 -197 369 -915 394 -756 -937 -738 960 -39 -926 853 -781 22 634 -780 232 860 -167 -329 -975 867 673 762 -509 -933 874 442 549 700 -766 -659 -831 327 469 -338 17 72 -969 933 -572 -151 -908 901 -924 -824 -674 -372 158 181 -405 615 969 -926 -994 839 -319 -122 323 950 282 -568 189 808 123 -115 -561 -510 -567 -411 799 172 -545 963 -822 555 613 681 307 
239 -992 -296 838 503 41 783 -508 -714 401 545 644 -286 42 918 990 730 738 -381 -199 109 -731 -908 554 -402 -444 586 342 -30 563 -371 -28 743 144 124 470 -423 -419 730 693 849 -683 874 -730 -735 -487 -377 366 -212 61 911 -978 -604 333 642 115 728 -926 -180 -98 916 -14 530 420 556 275 -445 460 331 -513 -309 648 233 -773 823 -670 -764 -625 -985 -422 848 -653 464 686 183 140 -317 -15 -135 -810 -503 -596 -504 -589 392 -691 956 693 980 58 
-150 -809 -650 542 434 649 76 730 -300 559 -934 -784 279 260 554 997 -547 847 -670 946 685 270 -818 400 760 821 -898 452 -636 -849 -291 734 814 -708 509 407 -870 -783 54 793 -306 -933 -195 -946 395 -695 121 -152 735 34 -49 788 980 846 704 700 -565 905 540 -923 -276 444 -949 -198 -699 459 118 -49 562 19 -457 538 -36 357 571 955 -633 796 895 -298 -63 617 866 -412 -220 617 271 -595 -909 -590 -768 889 449 -951 569 -837 -826 -261 281 980 
-504 617 272 628 -384 165 76 -162 -592 814 42 34 438 -589 -203 -910 242 690 773 -273 310 -170 -825 620 576 757 500 -516 729 -12 -118 853 191 715 660 -84 -922 -861 230 246 270 438 -275 336 -417 492 -202 234 9 191 283 -242 -664 -607 969 -4 -455 539 -606 648 538 -741 -5 -819 720 -682 -27 417 -900 73 261 748 -429 -107 -399 843 513 832 -325 5 -935 202 670 701 265 583 667 768 666 534 -897 514 -424 400 77 860 52 -391 -77 -967 
-855 515 -994 -125 511 310 77 -725 -585 795 622 -792 -610 -684 -779 704 164 474 -930 -608 521 388 435 -330 921 607 849 756 -965 357 -387 -513 -510 854 616 261 122 875 606 743 -721 -147 -333 286 -869 -916 601 232 -533 -67 -80 201 -437 -880 -503 337 -311 563 -424 -747 1 -334 -462 -584 -834 -810 -250 870 617 700 10 234 -668 -513 710 -554 -690 -348 920 -473 452 562 -94 633 -927 -833 805 335 -531 485 -555 864 -305 907 115 609 304 -880 -764 -261 
118 891 868 -524 -546 685 127 11 948 -430 -249 976 464 -128 -285 698 -746 -200 683 -118 -547 -429 273 585 -924 -793 -224 -511 -357 -993 983 -721 130 727 -15 -323 -582 689 -406 668 -630 230 -671 -76 385 468 -612 -614 887 154 600 381 792 197 468 -198 -871 165 -83 -809 -369 628 -478 -933 -175 -838 377 235 -312 783 885 639 -137 894 501 837 903 -792 528 -397 -946 980 529 -142 214 -947 549 -125 -423 324 -964 109 -296 949 -213 -464 485 -249 81 -824 
130 432 -924 539 -678 764 -588 524 -434 -85 842 504 -54 178 -892 -400 439 -673 23 628 185 -379 453 990 756 -614 -283 -190 788 -825 -304 467 951 -302 -441 485 -93 -784 -895 -992 -188 402 -137 -158 -956 591 -471 470 -186 -953 -172 477 -812 -176 -759 -127 544 135 47 -572 -920 -187 954 129 458 863 -948 -915 615 -99 -16 126 210 918 -974 747 -567 232 228 -819 117 583 -706 -796 -119 -190 995 993 728 528 581 -953 -535 47 -861 301 -975 -55 -721 34 
