319 -638 -859 -788 -59 255 686 -334 -650 -823 -576 379 -565 82 -923 965 441 750 -111 607 -319 839 745 321 190 -396 -127 -38 617 774 -197 809 -464 762 -287 67 298 -120 693 169 -649 679 -306 880 359 -233 495 -562 -950 855 687 -619 187 335 274 -632 -815 957 475 -232 172 -781 475 -755 170 560 -182 -811 -281 448 -756 666 -716 -246 -667 -850 -814 -478 707 759 652 -757 463 -333 -125 -499 843 -939 145 230 -128 213 -425 398 480 18 -137 921 718 293 
775 -100 -923 935 812 -230 -118 -619 -851 754 394 -437 -902 717 701 336 -545 109 -893 -440 -757 263 534 453 -276 -163 358 -737 17 -648 -298 67 -688 -429 -787 -311 -770 653 -526 346 577 68 744 180 70 726 465 -900 -306 91 38 -112 950 -616 -257 771 -746 -647 -435 -28 -192 361 -640 -4 -381 -923 -373 220 84 -211 -319 -952 256 152 307 306 378 429 153 934 -232 379 -432 -100 960 769 971 -984 -209 -87 964 -116 -290 -248 850 -246 -135 -306 622 -309 
858 887 -758 -286 994 801 -510 834 520 540 -687 -880 -250 -481 -106 815 -448 -485 434 936 -312 297 -527 -439 948 621 -335 -910 -941 -843 -21 -854 997 -594 453 784 -56 399 140 13 708 -320 -620 933 245 -916 -934 315 475 -532 285 -1000 -249 -769 -967 -126 -588 -274 -24 -5 -148 -950 -322 47 -521 -632 -216 22 529 845 28 -552 -697 742 -581 -517 823 101 530 663 -973 -106 -169 973 538 -496 631 -426 -481 -981 -695 693 847 -502 -623 520 860 252 -779 -417 
-653 908 383 -725 -161 -725 -7 213 -608 9 -762 -557 -325 769 -154 -817 175 -922 561 384 -99 -714 -959 -10 -6 413 505 167 -664 -19 -88 -777 -833 -36 356 -141 418 488 328 981 629 283 440 -720 -932 -631 -528 684 -864 -794 540 -578 703 809 -248 -11 159 -421 491 40 866 -620 -46 -353 -996 260 -767 -926 -83 -630 -70 225 283 -501 574 245 -426 -594 168 515 22 -315 -501 -261 987 469 962 -871 570 -89 -815 63 -84 -343 656 124 -467 -798 -330 -541 
-920 472 672 708 187 -487 -25 878 -343 -777 -355 -793 -690 -292 87 0 979 338 354 183 -546 940 265 -326 -639 195 416 117 838 -331 -126 -859 213 -898 329 -370 -3 -792 -417 -160 595 -448 212 978 55 -214 570 -422 -413 -19 -284 249 -633 -375 -45 986 37 -784 694 291 -918 84 -376 680 -152 61 -263 2 727 356 -67 -570 -576 223 -943 -468 435 -391 830 -677 -626 716 538 374 -886 154 995 -56 -33 568 -862 -264 370 900 -571 -702 225 -403 103 853 
-787 718 287 -510 -891 32 227 -101 -381 -678 291 -687 426 -992 -923 -159 -72 -765 -112 -542 -732 632 719 648 -705 664 263 -29 313 897 150 -467 681 895 832 -113 -334 -828 -29 844 -65 611 964 382 579 575 -206 131 -182 212 961 -562 -10 -946 -493 1000 -693 -278 -734 -501 -751 997 135 -428 -595 648 632 147 -704 -155 -792 -706 -194 935 -658 876 -763 830 625 144 -79 477 349 -530 710 -816 587 -902 -682 -734 -905 262 -777 326 305 -121 233 -64 -596 935 
-910 -608 250 941 215 513 68 -904 -786 201 -35 11 -286 -999 -688 540 131 831 -459 712 844 -539 -13 -470 415 127 -402 -228 735 -849 255 -548 -269 330 -389 -144 177 -627 576 -795 128 969 -914 -260 -790 -811 343 884 548 852 342 -493 792 253 233 -45 957 336 -700 784 -661 613 949 987 -687 -707 76 -821 -119 993 -364 -462 -316 -872 656 431 596 -543 -226 630 349 79 -209 -638 467 526 29 -678 -975 737 590 -87 602 333 195 697 -167 523 -392 -736 
-575 758 573 -347 351 776 -581 -947 177 517 513 -888 218 654 1000 986 -470 -998 -30 831 -274 -991 720 -445 -289 -953 -510 581 78 97 -547 -279 -832 305 -600 -580 718 -924 -191 -577 -718 -651 548 213 461 -580 -643 502 -942 -797 -121 -272 889 492 -165 838 312 730 -152 -740 -93 -37 274 981 1000 676 783 471 957 174 -27 -543 -999 323 -351 472 685 574 -366 -757 729 -786 332 517 868 -940 -439 205 -594 -337 509 637 -671 412 -104 225 -796 934 -359 530 
364 -33 -336 -295 -147 -956 -260 -480 35 -399 441 -946 -372 908 -201 115 -277 -444 931 -957 189 916 688 982 322 -119 -48 -573 -116 -43 161 -254 990 -335 367 -151 192 -695 252 686 157 -161 530 720 416 99 -457 910 192 757 232 -635 709 -587 115 856 -980 -711 856 824 -935 -964 224 53 -550 -555 930 699 -730 288 -210 653 -221 -239 106 -76 -477 -449 -38 620 -391 797 87 277 -383 -737 -311 8 494 -352 384 -417 -534 -551 -265 397 -683 496 -127 674 
481 -498 106 463 -936 -814 272 -920 -279 499 -811 559 -113 485 -193 -805 -369 580 722 640 82 -528 -593 794 315 -603 152 86 -390 636 286 523 -480 328 -190 213 451 527 750 -964 577 -70 -713 -74 -635 -116 -692 -959 355 104 -173 68 853 127 -574 -540 -736 218 -669 -36 349 -10 -770 -786 725 -438 -298 -323 324 -447 -773 -304 351 203 -285 162 628 402 132 -339 -43 -250 31 -883 -81 637 896 502 140 -82 215 347 563 290 686 -948 -776 465 442 224 
-929 -39 491 745 334 -259 739 722 -611 865 -553 264 400 288 827 -189 -204 -515 -274 -973 -83 -107 14 -486 138 -17 690 -302 -35 164 -887 437 -107 787 846 467 -556 -295 105 890 -161 867 763 413 687 -339 619 -899 594 948 257 -55 738 -841 853 799 813 -61 100 200 45 -631 478 -180 -869 -411 162 -787 -469 679 295 -690 -6 767 965 467 546 402 307 -295 563 -119 -810 -429 325 977 412 -323 -882 -314 -530 -763 880 489 -911 326 800 -800 -818 610 
-677 -112 -451 -163 141 -861 595 375 -630 338 -919 978 536 449 -620 958 -215 284 -574 787 235 -866 -495 -225 -585 -961 860 629 -320 584 867 137 421 -463 -844 -913 -965 -553 -474 235 -664 -853 -915 -44 413 -175 -276 -550 -906 -327 864 -676 -440 -356 -651 -118 982 -287 -880 150 70 -318 259 -335 -161 241 -793 874 838 -78 -197 -472 787 512 182 769 -851 421 -818 563 -343 256 782 -896 -495 -143 412 284 457 -872 -886 267 -160 -88 517 -778 479 -754 277 -923 
648 -681 215 -936 -411 -696 -720 106 -458 -389 -709 -53 -142 -26 143 555 -664 337 387 327 -693 -258 742 -443 268 385 -991 381 12 -86 -428 282 -577 -846 -365 -700 713 319 99 -77 -914 855 -694 899 609 -269 -615 140 164 -946 464 -116 -249 504 104 -311 219 835 26 -240 -394 -607 468 -766 988 -265 736 -437 -59 261 144 25 783 860 674 -284 -410 688 -207 -271 -330 -581 494 422 554 -675 -414 -375 -879 -979 -751 723 421 405 432 -96 -128 -473 -609 74 
491 566 -34 -145 694 490 -385 -376 -261 264 -395 601 611 55 433 540 -755 -708 817 -868 -473 957 480 -890 198 -964 -538 191 -535 -716 49 -319 10 -953 -571 114 317 403 337 -953 -212 181 -369 -992 272 -268 104 670 317 960 -279 -725 -138 613 -383 -793 -3 211 -830 535 886 -471 -499 -937 -238 897 -353 548 -463 -277 -43 -515 -603 -332 734 -938 826 586 809 134 163 382 747 278 -214 502 -682 968 -511 -727 -717 -58 399 -753 -20 -364 727 -308 -856 956 
-313 -312 734 232 -459 991 -663 578 405 -912 -136 -592 -717 363 305 -32 195 173 -910 529 -956 505 204 -679 897 246 -89 -992 108 -463 714 -739 -629 927 -336 278 158 -198 -859 -763 -257 67 -572 -680 419 53 -405 578 636 -318 529 -542 -319 -729 -353 691 -991 -102 -68 476 -1 -653 -690 196 128 -49 -417 -290 -176 -667 583 -747 634 -521 945 14 152 348 -365 -27 -955 692 219 374 -190 696 -159 360 -452 -507 169 204 -996 311 182 4 -815 -451 958 -503 
-512 -251 431 574 332 -21 532 274 710 15 -325 246 -328 449 -538 13 954 888 -982 -290 137 -58 -868 27 857 676 -871 194 -530 -294 466 154 563 476 173 -329 345 544 154 -843 -194 621 -877 -766 -105 -496 -673 126 215 367 -75 324 107 -235 172 161 21 822 -344 -419 258 821 833 493 961 597 -78 506 -598 701 730 -354 751 -14 -909 33 -33 146 -686 710 830 -373 -149 883 397 -676 497 414 414 -407 226 -913 -638 470 -18 -799 230 -290 -388 8 
-188 -542 306 -433 355 280 278 617 463 -128 796 -303 -934 -794 -444 947 896 -917 163 420 -289 703 -545 529 -670 -683 -581 958 308 897 236 574 -402 -839 701 380 -572 -450 -378 -765 239 -213 654 -825 -903 639 48 -619 -60 430 -94 529 229 359 -539 -673 770 779 912 280 -480 817 -465 -181 -909 946 556 -265 -892 -240 91 969 55 -237 -790 337 -556 353 440 793 355 218 -848 552 764 488 435 -797 974 659 286 -372 -788 724 598 194 598 505 339 -284 
-6 370 666 9 -576 755 -705 -449 440 932 -387 730 -411 -944 486 797 -975 -785 -310 -881 547 -378 450 742 -609 345 440 -251 126 937 682 335 345 873 413 337 -145 -187 -700 -493 -65 -396 -383 996 801 813 -551 774 508 839 863 -812 -118 -581 -302 414 -165 -755 520 597 878 705 164 94 -901 966 719 -149 -578 -460 359 -95 115 993 -85 -273 462 452 -703 -778 -655 604 -671 -244 366 900 594 275 328 -46 333 88 612 445 985 -412 -409 -442 -90 594 
18 -950 703 -171 435 -283 527 -488 -75 -275 0 631 -170 -781 213 134 230 -160 880 391 -799 321 739 -76 -225 -691 659 -892 -52 943 -349 -793 -328 -820 -871 465 -708 -712 -929 -297 525 -503 282 -344 -719 695 -676 551 685 61 -591 264 -579 381 766 89 802 -194 3 -822 -617 -960 -923 -437 -247 -700 -750 309 411 321 231 -306 -735 858 334 496 -483 -607 -566 757 39 443 -521 674 259 -982 196 -44 218 417 34 -40 -811 752 69 -618 382 -959 -184 -496 
-682 -953 437 771 -599 336 993 396 955 527 -70 516 -491 -168 998 -361 -946 -856 -683 -741 -143 797 -755 -195 -132 -857 765 -381 -57 502 445 692 -716 -205 116 5 812 -291 258 438 -544 163 264 -404 395 324 -878 822 650 579 -580 555 -699 -985 575 -833 -892 502 -673 -240 -571 -68 411 259 397 730 436 -247 -471 -897 36 552 215 -649 -443 -973 589 89 -886 -884 522 165 525 -985 -108 592 426 642 -909 993 550 726 -906 -683 -425 860 309 2 688 -950 
-142 875 -156 993 -275 -415 -519 -18 -801 369 746 -820 213 -423 500 870 607 455 -24 112 382 670 -326 871 -623 -218 -75 33 -17 -891 61 275 208 555 216 -537 179 -168 961 -386 -208 -874 794 -444 -192 108 971 854 216 122 -8 -434 -542 -918 -189 15 240 732 -353 528 811 -672 390 725 898 878 948 40 -645 949 338 217 904 -224 404 -715 -825 944 701 377 -576 791 154 -408 747 -863 931 36 998 562 -470 -994 789 -955 329 -979 -910 -9 32 -764 
462 299 208 389 476 435 -296 977 645 436 -743 -935 980 332 930 803 -955 -393 -509 -827 775 -998 234 861 256 577 977 417 -543 664 430 777 -226 339 263 159 144 384 223 247 -392 443 53 494 -599 947 852 -522 623 869 25 58 663 -750 -633 488 115 -651 805 -54 -698 -515 -409 -527 -394 533 763 -291 978 -796 -898 -219 698 -584 113 -249 -263 603 -467 501 229 -660 157 581 874 -446 -300 924 686 934 687 1 467 -921 501 -260 -450 72 273 692 
-701 952 539 949 -816 206 599 347 -342 -486 211 539 -7 -147 371 32 135 544 -916 201 891 507 -801 -690 -318 -35 -494 14 724 798 -95 -795 -534 -106 -827 246 -415 -422 -10 -328 -315 408 970 324 946 324 -736 684 672 362 -256 857 521 30 -24 353 -556 262 -257 182 -161 100 -510 -228 -739 269 543 809 833 650 180 995 178 330 761 473 -858 -376 -48 -682 859 615 949 537 -272 845 821 -644 -520 -521 190 -148 -656 20 -742 -347 834 -68 -643 32 
-878 595 5 28 -347 -256 190 226 -376 -408 -434 731 468 -6 758 947 687 92 917 613 600 933 399 -317 183 -602 -575 -310 -776 -254 4 260 -338 -769 -247 414 471 955 160 36 803 549 -199 46 961 -290 966 -895 -903 -873 369 -594 -2 -332 -8 -715 -150 -657 1000 -557 149 -276 744 541 -125 -9 -455 919 95 -629 265 -529 -123 -556 -98 759 443 917 475 -808 314 -581 379 -507 512 149 774 -992 917 285 -299 320 -583 944 -276 -695 -586 -338 813 94 
124 969 -902 661 -548 413 404 -430 754 21 719 -953 748 -812 693 584 -754 755 839 47 -216 -995 -745 430 -753 -893 590 -996 -655 -532 605 -600 -839 803 -813 -261 472 -885 -255 -959 -239 868 -84 808 -662 41 43 176 863 -447 -833 -612 660 -862 -979 -342 755 385 356 503 -40 -206 -244 -593 40 -609 904 -755 759 -222 -664 15 196 499 -293 -389 488 569 758 -88 -327 -477 879 709 341 -289 10 144 665 -988 -953 -937 -305 -990 -403 -392 -799 -724 594 -796 
386 -702 -585 -326 126 970 412 -215 -574 -399 -809 391 -196 -22 -383 958 -572 887 -993 452 -255 -575 -319 370 733 -537 -393 978 990 458 -503 849 -388 -668 864 219 106 914 838 853 67 -912 -818 266 280 -399 -874 -265 -201 13 -269 -461 55 -782 646 984 -956 561 44 877 -424 -825 226 -260 -499 952 307 187 525 -363 -362 -571 -423 285 -69 -590 117 -833 655 -218 978 -762 505 477 412 45 676 -513 -522 -245 556 499 -322 -717 285 612 -1 -126 -824 303 
-112 133 -426 216 917 157 549 -730 739 880 727 681 -161 562 -198 -576 -990 610 -600 -240 -135 175 998 -521 185 209 -348 -758 -609 -884 -231 -795 122 -130 678 820 765 -421 -787 705 583 -481 205 162 625 -578 -471 -717 528 954 -193 -122 -903 662 525 -648 -490 478 -899 403 920 -552 -948 -53 552 248 -77 563 435 -790 373 72 -826 -758 -883 92 88 -695 841 69 -13 852 72 215 -875 322 -289 -568 354 330 936 269 -336 544 439 492 151 -975 -799 249 
-683 -769 872 716 -535 829 747 -728 659 832 874 92 -1 71 -856 -964 -223 -155 238 433 -15 521 782 -201 -834 -51 347 -252 369 685 -5 -19 -2 349 -158 25 122 134 -279 -802 -402 803 655 796 -653 636 -593 686 -77 391 980 687 968 737 731 571 850 -268 -921 -596 21 502 826 -3 634 968 -684 941 -646 853 845 -736 -610 -784 -345 -920 964 -451 490 120 3 -164 615 542 -527 -892 -20 536 -950 168 -113 -295 -98 -393 -840 -402 -384 -123 953 537 
-392 -946 -484 3 247 -798 169 900 364 816 -100 702 -845 -534 460 238 -725 -568 -455 650 544 -299 -322 8 -495 678 681 174 -511 999 375 -273 990 -143 -854 148 -61 492 638 204 -50 -378 -768 167 388 894 -624 -783 -29 -527 -168 -633 303 -322 -900 56 -890 961 -908 280 -875 -398 791 -503 -569 -587 -526 267 -519 -249 -830 788 -818 456 130 314 994 -223 731 -591 -510 -319 767 691 -140 717 -874 -76 -830 128 661 -761 -528 513 941 -31 319 -722 -764 -870 
-944 -544 -152 -484 -257 -391 400 -435 -671 84 830 160 618 -950 -507 -203 644 190 244 658 237 615 611 758 123 975 -736 -645 -140 87 -723 635 589 -736 -609 121 7 -970 -277 474 905 -735 460 -50 708 -472 319 -778 501 -471 -476 -683 -445 61 626 -343 -319 -44 872 991 364 705 -616 -560 -104 554 724 -912 894 -951 243 829 -340 487 -593 443 -114 627 -701 -617 -652 634 -92 872 757 401 408 663 -185 990 926 777 -431 -102 -709 -785 -781 -353 -327 717 
183 -567 -906 101 -150 841 211 -373 999 -717 489 213 527 236 -72 866 -535 -268 -82 362 -993 -424 88 588 -351 251 602 207 -893 -968 684 386 199 -182 -625 762 -998 766 521 -427 -99 153 -670 46 -401 94 435 -472 43 -147 840 91 965 600 576 1000 119 654 -207 684 -432 -599 -45 -914 -677 -546 579 641 231 -267 356 271 -62 425 406 -939 -801 370 787 -693 958 -842 -674 -6 -732 -638 834 991 -18 763 -72 -398 911 -220 460 530 -939 344 -328 191 
-936 647 57 -418 998 -180 190 -955 -100 -586 -734 982 -224 327 748 -254 -219 887 751 67 -617 -729 -882 -845 737 236 -805 -653 169 -785 -332 -213 -896 -746 681 -503 398 -581 613 101 -279 67 -348 -423 -478 372 -916 862 -760 -542 -950 -596 -615 65 -933 88 -783 122 8 716 -216 -529 -938 802 -460 -948 -691 -580 470 899 -186 -569 -374 242 310 728 -654 -753 739 -72 292 987 -579 -499 837 336 -119 18 703 -405 -264 6 -877 -817 -500 -809 -321 637 -971 896 
-154 -496 419 414 135 -304 415 439 982 315 344 -57 -791 -443 800 -878 -528 -781 746 -888 530 671 525 -350 592 -111 782 901 -168 -216 786 -9 -791 245 457 -277 890 -541 789 -674 -674 -809 803 -255 163 413 -706 -537 -806 -256 380 106 897 -541 -248 -397 538 795 764 959 459 -935 420 -858 -166 571 -976 252 930 76 190 461 -296 202 300 -934 -422 -462 667 892 -409 798 -98 674 -742 -463 -442 144 -784 954 -493 -416 888 -39 -523 -557 671 -81 -863 349 
967 -986 462 -573 109 -961 -39 790 911 357 -381 188 -229 -213 -422 992 568 -674 738 -835 534 509 -716 990 -635 688 -644 -999 -288 -471 664 -364 -556 -435 -62 546 -921 -716 79 282 -100 -869 -892 -881 -362 -341 307 107 532 10 860 -778 727 674 440 -321 -303 954 279 -268 150 276 893 846 262 242 188 218 -688 676 905 245 -110 -817 -500 -908 -208 -273 711 -720 -219 1000 -407 -321 348 805 347 164 846 -113 -902 174 371 315 631 932 506 996 769 628 
-459 -153 -616 -850 180 -850 841 -866 754 824 -905 -792 424 659 629 -316 -195 271 -704 468 -16 -688 -511 -841 566 -845 674 -81 606 -884 -440 -62 -51 -606 -56 -584 -505 -184 173 -691 733 -886 953 229 587 314 -530 -654 -525 -793 410 308 -923 -64 -570 -767 244 92 -767 -936 336 -793 -267 -788 266 811 -647 -947 -488 361 -533 316 150 -136 670 533 759 491 -640 995 536 -213 -311 -35 623 804 -246 652 124 -423 -422 -826 -815 -445 -633 -118 -999 309 7 908 
925 -624 994 -131 -491 874 -593 -962 131 -858 237 -777 -317 910 481 -786 726 -88 -967 521 561 -843 417 -869 212 511 -300 -778 -31 165 487 -682 124 -975 -123 591 980 -651 -164 -364 -421 -497 601 -168 22 -49 20 732 -204 66 -613 345 -310 300 573 -189 770 678 -903 437 785 846 805 553 350 -801 300 -58 -477 -699 -465 414 696 357 623 816 931 830 905 1 509 -984 54 368 -737 781 409 22 591 156 -978 -274 -522 62 -63 -981 -201 293 836 -661 
438 -695 -971 252 419 -765 -485 -944 646 -737 -227 -242 677 397 -335 -491 183 941 255 682 -352 -124 -814 639 -266 140 242 483 956 -984 -883 -747 -673 481 -755 546 -937 330 -839 -971 345 609 -656 -391 -544 9 357 313 -467 210 -388 -626 -418 722 -328 -280 -865 993 886 -161 248 248 -373 -854 34 955 231 792 906 505 281 110 -821 709 63 709 698 -97 375 603 -897 -751 -264 -414 412 -622 762 -859 706 -746 265 741 -642 -175 -782 -266 -337 980 -784 88 
-666 -880 -313 -614 894 -586 790 -383 -124 325 860 600 -849 551 980 -967 -928 -464 498 -261 237 899 -940 794 189 -735 -589 -378 999 -200 999 -995 316 -136 -827 128 658 -384 -95 -689 -755 -609 614 -327 359 513 295 -107 -1000 -143 330 -66 134 -715 670 -463 579 -525 397 -116 -776 215 396 -817 -940 205 450 974 199 -381 953 253 988 910 -905 353 876 811 -495 933 53 635 486 209 -211 843 -215 -392 373 -265 807 590 228 -115 910 659 874 391 -116 255 
-650 -724 425 604 -491 -923 -262 -119 988 -894 -645 341 -759 -241 996 10 970 -601 -388 -441 -918 78 961 390 815 77 902 -928 964 -413 -176 -761 267 804 -911 995 750 -581 198 897 445 825 64 970 488 -441 -882 -558 -851 -330 -568 510 645 -235 -3 724 -314 97 -550 -257 689 189 296 -933 -539 212 -210 83 102 -270 -139 -25 -604 939 788 455 901 837 -727 512 -716 -616 -210 -348 -408 526 196 522 301 -392 -199 -282 436 -908 -582 -137 -237 -663 -611 -796 
67 -518 -931 99 -322 287 -534 -746 -574 -310 461 86 -290 -509 -498 -438 873 -366 -517 611 -144 -864 -78 956 -950 -29 889 851 243 -375 31 -814 -958 -605 -136 -369 -887 -965 738 -657 69 -426 386 -537 -314 -557 -841 -505 -570 -175 -27 -122 -976 971 674 875 -313 706 243 322 220 585 -620 -181 -84 -817 -641 -745 608 -364 185 -3 -211 74 671 -914 -310 378 -640 739 482 628 -969 161 864 -71 -309 -921 678 -571 -991 461 72 979 709 -46 740 817 371 51 
-605 913 -756 -319 301 -332 -464 -967 -655 726 -912 -37 180 976 -987 21 725 -140 869 -235 -867 187 -509 681 858 846 -785 413 -849 866 -841 -248 521 -842 -416 -121 -268 862 -199 333 800 294 -467 530 -639 11 -511 750 808 -489 870 -916 82 -453 295 579 -915 311 757 629 241 -160 679 816 -778 -300 -195 -814 -266 811 331 -741 -590 -378 763 -725 -191 321 77 -828 5 903 88 443 -556 -916 -658 -282 -247 -640 510 -440 888 -247 99 259 46 -634 -347 -868 
1000 388 -635 447 -957 146 -948 -625 -115 336 -89 687 163 427 306 -177 844 860 380 125 -832 -582 399 868 845 534 50 316 -286 71 -192 -975 377 -406 -650 -349 644 -920 508 -119 923 -585 462 91 -440 135 948 -173 -24 384 -845 -186 -803 -319 546 636 -605 554 -105 -436 -110 158 348 26 -981 -204 -805 -270 -151 71 292 -560 565 623 211 -697 -78 685 779 486 420 735 -857 -888 730 621 789 -350 -157 559 236 -847 397 244 -653 772 -106 298 840 -804 
434 541 -16 2 -667 -31 -880 61 -277 882 533 -757 -334 610 473 -98 934 -127 -379 -335 592 450 -721 901 -593 826 462 -264 433 -97 83 802 922 677 143 -667 634 851 -390 485 300 -86 -577 503 541 -392 163 -405 -508 378 -435 985 983 -572 256 616 -516 -896 -805 -841 139 838 942 478 778 216 -494 705 141 893 983 -79 -937 29 401 -702 543 -553 424 178 -264 264 455 -455 -177 613 232 115 -373 -266 935 -356 -273 157 -451 192 -15 552 -957 257 
-455 -376 232 571 201 -174 875 -288 -245 -946 -340 962 -709 -127 -102 -981 569 -340 269 -350 -220 477 715 -12 -211 -860 702 -101 -307 571 447 -95 -104 -202 242 57 97 982 93 -1000 -90 555 -773 -189 -753 644 788 958 247 5 371 -932 -187 -810 -977 -200 914 454 866 947 972 107 713 -497 -694 23 600 902 59 361 858 -247 -205 -917 -42 606 -397 249 998 -960 132 -943 -79 843 609 -43 675 -711 368 -905 421 -548 -801 253 238 -81 87 -239 624 14 
-593 15 -678 910 -452 139 -323 675 374 910 655 396 -739 -568 736 -408 636 841 -649 159 -610 -819 35 -928 70 447 904 -881 302 729 -730 -392 127 519 152 94 13 350 -526 630 963 938 -543 -491 694 -861 -970 26 -927 511 966 -956 -655 -5 256 -959 784 530 422 513 621 -872 429 -100 239 -210 -701 943 929 613 -350 -62 222 539 -634 537 890 640 824 36 893 455 194 -796 -959 -57 681 -592 921 148 -545 -763 -857 90 758 -570 387 -706 286 -77 
260 264 986 -821 -296 364 -344 -621 -380 -385 442 -901 719 -111 -49 -102 -471 336 928 954 -408 462 334 -952 -120 -769 997 -806 625 -649 -439 -545 -27 -339 -473 113 11 -544 -257 438 -360 557 -712 -57 418 -666 814 -535 306 129 30 996 -73 761 194 216 717 299 -362 419 -779 -373 330 30 -809 -312 484 -705 -438 172 -910 973 -781 -993 -648 -575 383 329 -299 256 -186 -990 332 -180 143 -140 954 585 -800 -218 705 -31 -877 -910 477 -566 -639 -381 556 -241 
-102 -997 -534 321 -850 -601 518 777 657 -489 650 881 -531 -152 -212 476 805 -116 651 987 -815 -922 648 559 334 379 -759 -305 516 -222 570 285 415 456 909 -618 -644 130 -517 435 -414 -772 -823 680 949 -378 -222 -237 -834 -962 314 257 301 -376 -858 -144 204 15 404 841 933 511 379 -943 472 -218 410 187 143 967 -487 113 -11 -715 -254 -608 647 158 -390 -749 -113 1000 213 639 -591 -588 -5 933 320 -966 161 -146 67 -344 838 -410 -378 -434 -442 883 
-189 159 -831 -680 11 -799 344 79 625 -645 -401 -560 649 -730 -454 569 730 281 -529 -242 -340 331 -772 789 665 992 273 662 -967 -840 -554 458 637 96 176 593 259 970 -60 -130 507 -28 -704 868 -180 957 259 551 415 -58 -834 489 354 734 955 691 -798 94 -203 -632 -106 -799 854 283 -911 525 96 -985 -926 -952 -903 -117 631 614 506 756 -743 6 817 994 598 -821 273 236 -764 -457 165 -579 664 896 -451 -169 487 823 918 951 0 -707 43 -651 
869 131 -979 -670 -516 -555 -269 -699 476 823 -360 146 644 -821 -788 318 511 -123 55 709 -238 -635 -342 447 388 -628 732 351 -990 -981 -711 -335 403 734 -94 -776 394 857 832 -570 -472 235 122 -980 351 756 925 766 -690 -918 582 63 432 373 -125 -674 -184 -222 623 285 -314 -287 -463 -479 225 775 -195 412 933 42 -101 207 -765 864 664 32 742 -914 898 -401 234 -750 898 37 652 -712 138 977 -456 -393 -615 -336 37 6 -684 983 115 642 -963 344 
38 -405 -406 114 158 649 -85 -560 269 295 266 110 224 35 -662 -847 580 752 -257 -710 -695 -28 994 830 -317 -225 529 -100 -913 17 -705 -828 287 -389 528 -914 552 556 452 671 -292 916 -310 -532 -743 -574 258 42 -990 123 -122 -550 417 60 770 265 432 170 -309 55 690 -25 329 250 -438 -182 241 -192 -21 55 -422 395 734 -604 -919 -780 -303 238 124 -489 -949 -786 521 409 651 -126 -382 570 -842 -561 -205 -975 975 270 -420 688 -449 -72 791 -562 
431 279 203 -749 -565 -650 395 162 -218 517 569 734 -851 -651 -93 157 -456 -193 -291 -329 -164 699 -898 -342 997 556 -802 211 -502 607 -806 543 -874 220 -462 976 160 -825 402 250 912 182 -853 235 -169 -437 173 103 -228 -690 -442 430 -811 73 -562 -995 461 -998 -750 774 -689 -576 -190 -72 371 857 -708 -378 505 -313 104 -113 -45 36 462 -626 -643 627 894 -758 430 -796 89 -817 -136 553 490 194 -529 -711 -307 -646 440 188 -26 538 -176 612 132 -356 
537 996 -812 -317 329 252 926 517 143 -222 996 -70 104 -594 -746 394 -151 -64 819 -126 -605 -710 478 -896 106 529 -999 276 -891 369 662 -346 288 -429 851 916 -163 736 -71 866 -174 -97 -655 -879 -185 -651 -114 654 -63 445 -620 -300 692 -126 393 224 610 -267 175 454 227 807 799 814 -575 -166 100 484 769 -946 -78 355 -994 -228 -420 289 666 65 -214 721 929 -712 -620 -927 -320 556 -155 92 909 567 14 -342 410 653 -416 -90 894 231 -638 -693 
683 781 389 644 94 889 715 804 929 148 103 29 -399 -898 -57 -336 559 703 973 -476 -138 52 651 457 520 900 526 26 -257 -7 300 699 -65 990 -567 -246 -979 -842 573 933 352 450 -48 995 -111 879 686 423 995 -659 797 182 403 -972 -418 356 -82 -473 -495 749 210 -945 666 -410 411 751 475 -454 616 194 301 -48 600 970 -125 304 -891 -31 588 678 38 457 -359 53 -88 109 771 -453 -192 -274 733 -552 435 455 -998 27 -709 -716 -721 -354 
775 -968 948 867 490 368 892 -366 -126 -573 354 540 356 -382 905 168 218 394 239 808 714 -76 576 728 538 -455 969 -257 -656 293 205 -976 -1 -50 -839 -322 -12 552 684 398 -225 -149 977 139 103 -17 553 50 -471 -482 29 -155 265 -207 579 -459 -6 173 163 -112 282 -348 277 462 -44 391 954 -851 956 567 -408 334 709 -390 414 539 -337 -918 276 -210 -117 208 -873 -851 673 -64 120 -582 224 -511 -585 -531 -959 831 193 740 -797 537 917 -948 
34 448 751 -970 -690 -273 -368 -515 168 150 859 661 -811 756 -835 398 861 -811 -958 821 858 123 -148 -108 -83 -879 -50 -206 -496 -304 961 -7 -844 -214 -570 -184 -206 -73 287 -617 -731 -366 762 862 -208 748 213 899 -990 -871 -530 365 661 111 -779 494 -127 -949 909 -895 -748 -776 63 -848 -224 -438 -601 319 -619 -765 795 -213 593 660 -691 934 603 -375 130 -48 346 556 -336 1000 731 192 349 566 513 459 297 776 944 -436 616 -525 -911 56 -93 -198 
-823 -14 -458 760 -488 -495 -655 786 337 -386 -961 972 342 793 -981 979 855 253 824 -761 670 -317 -792 300 374 -433 554 -866 -201 -802 -761 -866 -464 -289 -311 -820 -587 -496 -417 394 -891 -561 775 260 -554 -700 -679 -30 -787 -197 -904 -835 -852 496 709 -418 -730 775 -824 552 102 512 -348 -651 -17 571 199 945 -134 -362 -507 -842 111 -566 907 502 -449 -484 -628 -663 943 884 242 238 -571 -446 421 -620 -785 -609 494 670 762 335 944 569 75 -257 608 -790 
-87 -3 -460 644 -995 -150 -892 527 -661 729 -36 886 130 817 14 -494 -16 -558 -991 600 90 129 46 -113 -528 -600 169 191 184 -806 548 -228 456 -120 -199 -215 622 432 -529 -136 -145 -934 796 919 -40 130 -898 496 -939 173 -893 653 -785 39 -935 278 -720 -907 338 -615 937 -431 92 813 460 750 457 168 -348 -462 -868 956 625 162 -459 -550 150 -997 -457 312 -159 849 779 -823 349 -840 155 781 -870 180 116 -431 -421 420 -510 -213 -779 -65 -661 92 
382 62 631 812 -184 -388 -676 149 -536 888 -45 80 417 -538 -85 75 -610 -931 -747 -260 -389 694 833 33 -662 -742 -320 -979 -550 862 -415 -737 132 -271 -487 -443 -918 714 -616 -694 -270 913 921 -225 -478 -395 65 806 -1 -44 828 -628 312 -826 -514 9 393 -147 789 270 294 813 -418 -480 250 -875 -398 -340 -733 243 -385 -74 -200 -522 143 -601 954 -397 -656 445 -871 196 -719 22 195 100 883 -551 501 -902 -850 -625 233 -972 178 238 170 370 -959 669 
502 618 -906 -279 296 -713 -992 -537 753 -653 -765 324 902 676 -942 -757 -31 506 -589 -333 129 337 630 770 610 -641 571 -925 191 278 61 139 -132 922 -740 89 49 53 522 -299 228 -983 30 -843 643 -82 -466 -596 542 106 -302 -877 743 912 896 -133 -149 611 969 -84 -862 540 728 -624 780 241 -681 -60 -673 466 279 -526 -974 -626 603 472 245 -237 -455 -475 -474 16 851 -65 168 788 -919 -4 -30 -260 -76 346 -944 359 -854 -800 670 562 675 818 
-90 24 -517 -924 -233 72 929 1 377 400 -854 -710 652 -905 336 377 840 997 -928 975 -744 -131 747 107 -830 -725 -912 -346 595 -127 85 466 317 331 -758 -868 -175 602 257 -458 800 575 948 -733 261 511 676 -777 -82 681 239 -514 -480 -77 -917 -218 -105 -258 791 109 314 -44 216 -13 -976 77 41 -221 358 573 -274 231 653 -243 -378 -59 792 -537 310 -568 -598 -436 176 -677 -481 792 -878 -982 887 629 495 -192 -526 454 141 348 80 14 -891 -566 
917 521 -530 -407 -768 -459 -58 -399 214 736 -712 -489 -155 -642 -323 -394 199 350 -177 -351 -478 29 859 650 -525 193 220 -785 -423 -174 67 884 -494 -197 -610 839 -280 516 367 264 820 150 -884 974 801 570 804 -878 366 570 933 -985 411 -720 -865 835 733 -854 232 -1000 410 -897 -902 557 -115 -484 650 964 -40 72 421 964 7 -400 -880 -381 -574 -540 -724 -802 161 -362 609 -535 -743 -926 811 -12 -191 46 -223 -278 732 -120 -274 -421 831 582 -687 -198 
670 -680 245 -137 -294 -273 -349 -478 731 140 386 -789 894 -638 913 105 -239 -702 952 919 292 325 -982 854 -498 -260 -517 257 539 -654 -512 705 -402 101 -114 243 -344 -560 -254 -999 -468 -90 -196 -192 -315 -232 -262 -939 622 -709 -356 718 875 586 -780 504 747 447 848 -557 -623 442 632 905 -99 -740 -251 -463 708 -167 479 486 359 -340 -770 241 251 249 -23 -234 310 349 814 171 -67 67 -722 -882 -320 -294 -118 -26 -922 828 0 187 411 752 -754 -469 
-842 608 865 -350 736 -251 -408 -547 661 -993 -738 346 -110 -736 -643 -34 -74 -551 504 629 342 549 -19 -322 421 -291 537 3 -228 -939 -799 510 643 -876 222 331 335 -878 458 201 -491 642 984 -301 617 -439 -28 973 -875 -225 446 -697 -547 310 -110 -915 636 -695 158 -760 -379 495 630 771 683 531 797 -605 -812 -601 880 -755 -399 223 -902 -905 -518 -575 606 698 -438 91 447 -457 689 286 204 -730 801 -349 -311 380 -471 -254 -756 351 342 -418 465 -48 
637 887 -997 -625 -599 707 -614 484 -794 320 -926 -303 -635 612 221 841 -294 363 -524 -285 581 -218 919 -245 654 -826 -503 -46 192 -887 949 751 -373 371 -451 -565 -539 -122 -663 6 -841 871 -324 444 748 -961 -718 -937 246 329 -646 207 253 230 -783 518 244 -724 309 265 -794 746 470 941 138 635 33 -398 -14 -518 265 -615 -855 -416 917 852 268 450 980 31 -167 717 847 998 -388 985 -359 337 -568 -665 71 -53 -976 693 -472 564 204 994 966 -52 
-266 -76 851 -528 -362 801 61 239 346 -637 595 273 -707 351 111 888 574 780 -322 -673 78 -985 449 -434 295 443 713 885 925 -797 -192 -210 -549 -919 461 728 37 940 -594 -786 -511 -362 -7 315 -106 6 221 617 -87 -139 -898 -110 872 491 705 -635 113 174 565 -783 129 550 -961 269 313 -928 459 688 655 621 3 458 657 -171 -900 592 33 713 -772 -411 645 -670 605 546 -240 291 -780 -373 -233 323 752 -453 710 422 -25 -343 691 823 546 -733 
-496 -804 -867 671 -273 -662 -962 -324 321 -883 947 218 933 -253 -411 230 888 -864 -858 988 -389 -753 243 -621 349 538 -169 -101 73 -128 -252 497 -980 -170 -571 184 -969 296 209 896 960 -843 -264 14 957 516 -545 97 483 -1000 -74 -188 -50 -916 67 -780 86 819 8 -329 855 -835 618 -332 82 -299 -241 855 804 -756 -158 -577 -255 501 737 -720 250 -815 -504 698 -786 723 734 482 699 500 -582 731 -36 -44 199 837 -538 -842 -332 -770 -385 -999 -984 -555 
-290 376 76 838 818 557 742 86 -355 292 393 -632 985 -781 399 -379 -221 -346 239 -210 -846 -417 418 -555 364 215 -955 146 795 -154 -967 639 -26 -860 -167 -342 -548 630 234 430 68 228 56 501 -819 -709 720 -543 -407 693 932 -964 -186 -401 58 -282 -403 -238 -474 -607 -274 755 -902 852 -705 475 699 44 946 700 -847 -272 -913 -210 454 589 -907 21 -336 -785 -142 -848 -538 -498 738 -168 834 -881 -874 638 835 418 -453 -783 -383 318 915 225 8 -987 
-565 950 -218 -898 618 853 272 841 835 -446 -985 -5 -331 192 994 10 -587 -836 884 931 636 -405 72 82 -676 -799 568 -961 207 -533 -253 286 163 -369 457 894 -776 -568 -381 566 15 -728 -306 -61 104 -816 930 -716 -71 -888 -839 -393 475 884 -410 -424 -951 429 -525 -975 679 188 471 313 431 -249 -294 -409 -391 807 -163 293 879 371 -452 260 -216 -410 410 113 414 -484 -837 444 967 -110 -282 31 -552 844 937 781 -762 556 985 -936 284 579 -865 309 
-809 27 -112 165 846 -9 -933 869 -14 -992 984 -555 -818 -231 864 506 541 189 -41 -65 -582 727 788 916 -819 555 -888 945 -345 -381 -345 -765 524 -798 -17 -552 496 612 221 623 450 565 -574 -245 98 383 -216 -881 -647 -70 -282 -65 123 78 109 695 -737 695 -81 -635 679 -182 374 -776 818 -980 474 -620 631 -148 34 711 -325 895 399 -317 -35 -823 -125 91 616 264 -23 -696 -554 789 -316 722 369 -928 288 209 -434 -576 103 -132 -884 978 605 611 
434 -302 13 -546 500 -594 994 873 176 932 893 463 936 247 -808 -212 -723 -698 183 76 974 -666 694 48 -521 200 -655 106 685 -169 -906 -414 -178 -61 -42 -973 -727 869 832 29 191 498 -331 -915 -237 744 471 934 -904 -91 -44 812 -190 459 898 -464 -421 701 -723 -933 -261 241 -599 99 -872 472 708 600 -164 -288 -316 -22 40 849 -408 -41 206 292 -236 741 422 -173 -902 -353 -667 861 -598 -67 577 -204 876 -518 905 -504 639 995 -689 133 12 -594 
466 -372 926 749 -427 537 -400 -384 -393 930 257 216 798 951 102 152 633 680 -706 963 86 -563 -370 -904 -796 792 -550 -277 817 77 107 -884 344 -928 920 -213 -905 -149 384 -471 960 580 183 -358 -316 333 47 788 -661 692 -362 -3 -539 14 -130 157 745 487 -906 158 -527 306 -592 -611 -101 -567 -596 874 -334 766 -800 -21 -827 768 703 -1000 -871 -859 -288 769 -133 -241 492 -242 -678 850 161 468 578 -315 -494 960 -214 220 -760 -100 826 -488 644 342 
-357 408 -315 -683 -617 -908 -58 -900 -184 -192 -70 -97 720 -643 -963 -190 -112 273 59 -922 -333 -85 -701 -106 862 -11 357 -696 976 837 -877 -521 639 455 -461 -467 -876 286 945 49 230 123 152 975 -42 -823 -713 884 782 -808 -719 -217 -915 -19 792 797 362 -7 -813 32 59 673 290 -46 705 173 466 -710 628 -376 878 -908 542 182 134 508 503 113 -411 234 -628 116 -247 929 -426 -421 -498 -733 300 279 -995 -885 790 -631 858 525 26 850 796 881 
-408 -948 -803 -267 703 -115 -129 30 788 -952 570 -295 -288 -833 -181 514 425 920 -102 489 507 927 293 651 -810 676 938 241 -571 270 -432 959 -309 -714 -598 -106 -947 362 629 -899 465 -569 752 360 -964 505 -486 -376 -441 596 -813 209 962 451 396 153 -602 565 -264 -278 105 368 -293 313 956 444 -733 576 162 269 -853 898 177 593 266 101 -742 805 -377 -83 -965 817 -567 715 -270 -361 -229 -281 -449 -179 124 645 -514 -353 -223 -614 -568 -721 -604 438 
-289 -189 138 588 -144 454 541 610 532 772 976 71 548 -697 -891 662 518 556 -142 -335 578 104 -640 605 80 -373 766 -245 220 -191 637 194 -855 694 719 463 843 -867 -519 279 914 -997 -112 494 278 -831 563 -294 177 -689 -818 -360 201 742 -555 -941 535 954 -946 656 -297 707 -964 -157 831 316 -280 -27 -260 279 452 130 -618 -293 -369 -185 -679 852 -339 709 -980 -440 -424 -875 665 -218 -486 -250 -996 -975 -882 -492 -797 428 -487 595 826 -374 -693 165 
-187 -43 -900 -7 -813 589 851 216 -764 373 -626 379 655 -10 238 245 -112 -74 355 506 849 78 631 -425 -762 168 328 576 278 955 92 -118 814 -289 405 -262 535 -658 607 273 -975 707 999 803 -425 664 883 265 -516 912 -376 -503 239 -402 613 -910 -873 -253 -870 22 -158 467 233 -645 -565 -176 -753 -67 -275 551 58 -955 473 -885 5 -943 957 350 -205 -889 458 -477 607 -990 -965 -337 468 -453 -886 -421 -602 978 180 -413 696 223 99 183 -671 -453 
757 766 243 -281 -680 901 485 27 358 123 985 -28 -687 -913 967 -820 185 -355 511 -785 338 850 -129 160 -395 -831 -896 -429 -812 -406 -763 252 28 -71 -708 706 -442 -761 271 994 194 533 18 922 -46 147 359 -148 791 -743 -582 -748 42 -994 733 -472 937 304 -719 -882 -266 407 -469 -821 -953 -384 -992 -246 821 -623 348 -300 771 -792 711 -284 -776 433 759 578 428 -651 603 -104 -205 776 -879 100 -250 12 302 866 -738 165 125 324 6 70 50 591 
-50 -44 -159 -217 930 -94 -601 581 -423 220 -108 -134 31 -81 -671 -832 624 181 966 -286 632 240 707 651 630 771 721 610 -402 -719 -178 -285 825 -276 141 408 -18 7 206 309 -513 -181 -825 -318 -876 340 -283 548 689 932 904 -875 -711 -899 -820 333 -83 686 584 426 -932 93 192 590 885 -921 -648 -652 233 308 492 393 -667 -666 -136 -96 -748 885 614 -268 -685 -687 -512 709 -802 298 656 259 -382 -853 726 -950 300 256 678 149 -334 -485 -893 276 
-790 -871 533 865 -600 138 -612 34 596 -202 -619 -185 -406 -16 -155 567 842 24 684 -938 -345 622 -179 275 -302 980 957 -196 238 -582 930 955 -755 -188 -30 -857 -218 649 87 -490 -326 929 318 432 -808 326 999 -406 359 756 275 237 -640 404 -569 124 247 397 -147 -886 -939 -821 182 705 -931 397 -389 845 89 669 63 -992 816 560 -8 -593 -527 -363 717 -69 -440 -939 -542 613 -259 963 -229 -151 496 585 674 -151 -638 438 -369 -938 -691 -727 -857 -477 
-463 -256 -233 252 219 -586 -701 738 676 -825 965 450 593 299 785 744 -987 -634 -837 -63 -951 -894 539 -519 722 932 690 -281 -410 -151 609 266 896 -728 318 387 -551 878 81 673 -81 -643 875 430 -858 908 -601 -742 156 -164 217 -171 -271 676 875 -942 987 11 436 -205 -737 -737 465 -849 607 891 -863 -483 564 756 -520 919 65 847 -135 778 -884 -825 -223 -870 -289 609 11 -314 159 -353 -763 902 471 -960 943 47 844 286 681 27 -697 -386 48 -831 
-711 -609 -901 67 121 -121 -35 391 -352 -104 267 351 -466 -662 -690 -545 511 -693 357 941 268 326 -54 -976 -9 388 -230 156 582 714 732 275 188 -753 -251 683 -273 -63 515 254 498 206 473 -309 222 18 272 -744 -661 59 979 609 469 99 542 -604 -816 874 -26 -155 487 -766 -921 -231 480 432 175 -690 -945 -355 157 -250 455 -106 354 -1 688 -522 114 753 -154 -469 -628 -202 -66 756 29 465 -602 455 -512 88 -275 430 502 -645 -495 -171 -646 -735 
-128 -615 544 -695 -487 985 -143 936 867 14 -628 -318 927 -515 113 610 820 -831 -207 209 -529 -642 530 -20 -786 -112 657 -965 95 -582 -451 670 668 363 728 -244 -738 639 326 398 915 -627 362 -789 -439 -460 347 -495 199 -624 725 -265 -64 181 -374 -543 878 -894 591 -899 515 -926 -115 136 -266 -166 623 41 -202 -95 325 831 -79 13 610 377 -801 65 365 620 930 727 278 -552 715 263 355 -41 1 -341 -666 -278 -335 746 112 771 -258 796 -829 454 
-156 -9 618 94 629 70 -403 595 -651 799 358 -644 428 -569 -335 -184 -65 -5 -952 -757 -837 999 -279 -889 702 820 714 672 922 597 889 511 72 873 816 -520 383 -490 -144 -13 -430 -315 -190 -259 181 132 860 -126 -133 249 -273 -8 -328 -977 796 -842 333 507 451 -117 857 133 -69 -331 -498 115 379 -461 -390 248 237 978 746 249 868 874 -566 34 -999 -185 -739 952 506 854 629 -291 -873 -762 -70 -392 83 -29 721 -27 -39 789 -713 -354 -470 467 
379 496 -140 841 898 -70 -393 472 -307 676 -201 -558 -15 117 768 -510 156 309 -644 807 -715 458 -843 -20 -227 -856 888 -589 199 359 -228 -97 561 30 763 -542 634 -722 604 255 -797 518 -930 656 194 -498 -658 502 289 894 -940 878 270 -676 734 239 -656 563 -645 543 -696 -472 -775 -29 -994 -680 27 498 -232 -219 -965 554 624 -497 -521 737 -959 70 -426 -248 -795 -856 -722 317 428 602 -604 -855 -20 285 -466 -656 -300 261 -280 -597 -804 831 308 -442 
436 852 115 867 872 652 -79 25 191 -384 486 671 -464 905 -848 -297 -573 112 966 379 734 601 -60 -17 58 802 399 -105 -224 640 411 -717 -96 129 -435 99 -384 -517 495 26 161 841 64 -302 494 -868 -314 143 99 -840 -779 395 551 -386 -742 -388 722 -35 187 -186 -562 526 -98 -847 -699 -269 -620 -46 569 903 -497 -132 732 890 429 -776 157 -555 -563 -340 -536 986 140 153 751 -272 310 -448 -883 -667 -221 -888 796 -977 -180 276 -352 -795 552 377 
-430 830 -676 -230 -737 -646 703 209 409 -411 909 869 -682 378 65 1000 -138 -395 -576 -686 807 -777 476 537 -596 450 428 -59 798 722 788 -44 364 917 -159 -36 -16 477 -670 -787 695 357 -754 158 153 124 -143 915 442 588 -66 -648 703 -392 -716 -749 -505 657 -805 -39 86 -73 93 944 545 -965 -469 690 321 290 -355 599 -990 113 -941 -8 -679 813 -186 -836 282 -661 843 249 487 505 342 837 -977 535 -119 608 161 -422 970 -303 -76 -577 -564 472 
-496 895 -57 456 -185 -986 -42 -31 25 515 -641 -234 -671 868 -815 -221 753 43 311 -96 -123 -448 116 -432 -365 307 -123 -912 -25 -378 843 -357 875 -938 621 124 -950 -828 107 648 -589 -52 757 880 -149 587 -5 -437 447 -713 -637 958 -512 22 -668 16 -248 561 738 -311 451 550 581 -957 873 -972 -383 -124 610 -91 936 -470 -721 752 615 -834 -201 252 608 991 -418 456 8 815 -644 558 784 -155 -654 -424 721 -964 -474 343 -716 -165 -176 -181 612 222 
-332 -419 -545 814 652 797 -238 246 61 892 -956 -220 962 -36 -275 39 -42 14 321 834 45 649 398 113 -995 883 -919 453 -757 -454 267 -207 930 742 900 807 434 -414 163 304 96 -872 -282 251 -146 491 -216 474 -728 952 -203 639 -749 839 240 841 993 317 727 -780 193 -922 -863 -284 765 -209 -211 -394 -130 221 450 106 -969 -289 712 -450 957 -977 -368 17 -926 232 373 850 -629 -514 -596 -154 -170 -307 420 -307 -201 -705 613 643 264 -234 196 860 
-974 -709 329 -498 953 890 -838 197 129 -578 722 -58 -163 338 -3 -955 -484 -754 -517 297 -805 72 271 511 -90 648 -924 -534 -45 632 -930 660 -11 -772 217 235 949 -21 -261 582 -506 -561 228 719 697 22 610 564 -245 -448 395 439 -629 373 474 -934 316 615 745 -563 330 -768 -372 -143 366 130 -227 644 -502 -813 408 -750 -921 550 65 658 277 489 -918 -72 25 380 149 780 382 -397 -953 -409 789 -681 -658 300 357 -196 -387 -589 886 -423 125 -27 
365 -12 701 -574 -211 372 457 219 -276 -706 514 856 -536 536 459 128 -650 147 -772 -814 145 998 -938 -609 536 231 -516 560 679 46 696 795 -500 -105 -268 -458 -282 24 176 966 284 -326 -901 -539 -753 -414 -723 907 270 -906 -659 388 -167 -115 -889 763 617 77 -93 -549 -604 -413 929 -640 -12 -589 -257 198 -646 281 -79 -460 823 -902 -811 -148 -596 -988 259 -941 37 -201 -382 -313 343 472 773 454 919 -347 508 -541 665 139 -460 507 -847 197 -572 -651 
-113 -728 935 -841 470 175 -819 310 528 53 409 -445 843 -76 525 734 976 136 -590 -265 960 6 -44 636 -610 263 -943 -500 141 -473 981 -604 -455 942 -507 -162 -296 825 -868 -694 -614 179 -495 -712 980 107 68 418 712 -467 105 -837 -16 821 524 438 749 402 -147 -544 569 -312 317 -785 -345 542 392 548 700 -269 992 586 -931 -555 986 -396 -803 197 -228 -837 -847 279 418 227 -307 437 533 545 412 383 -928 926 -682 -749 349 -953 -816 96 -948 -865 
842 -814 249 506 -212 -510 -958 -645 612 137 -433 -651 -574 -765 -146 -386 298 -350 -331 -467 209 -740 452 526 -177 875 557 -138 222 715 56 447 -549 57 -102 606 -528 829 -27 -819 -795 -565 -944 -449 597 996 -659 331 -616 367 271 520 -441 687 -345 186 991 637 4 512 356 348 -334 -139 378 184 849 549 770 253 554 -99 55 -265 323 313 -228 -335 -541 -666 774 -214 -514 -137 733 -508 -719 -652 554 -858 -713 289 359 973 161 872 -457 510 530 -850 
-742 234 -7 462 -753 -209 -522 -186 -735 -871 442 -586 -404 223 -502 178 -629 -90 -956 -384 -8 191 423 807 238 857 -247 246 705 -306 404 -481 204 790 860 -901 -205 710 -500 -426 766 420 191 -452 -684 34 -81 954 -875 -559 -699 371 916 -63 -293 799 -723 -11 785 645 -495 -720 773 -480 212 -1 111 108 498 213 -79 -527 -624 -845 -895 772 692 -633 -410 561 30 -393 -2 654 -649 -676 749 34 972 -175 202 357 805 319 -422 138 799 937 -99 551 
-90 355 -170 -599 577 -123 929 973 -501 -833 878 -49 466 -839 -506 403 -909 674 960 -258 -4 21 883 830 314 484 381 -35 19 321 -743 -557 -419 806 -318 -268 627 -430 -44 -880 420 -282 -292 -983 -295 562 -812 717 -481 454 -284 -166 435 -284 -955 -382 -100 910 591 662 356 -125 295 -322 -564 -453 286 -990 -602 410 562 973 642 -201 -925 -603 991 319 141 904 701 55 -483 -793 271 758 -774 -613 169 -343 167 117 749 -111 -566 -687 83 228 261 800 
547 156 845 610 -334 213 -206 264 -366 764 -770 -757 214 -196 812 -777 -255 -263 997 584 -801 909 208 988 306 743 -21 -495 -604 -953 961 646 117 -925 735 346 -592 -122 -495 -886 246 -742 488 244 -634 395 207 803 -637 -41 677 89 -909 847 -823 -718 -202 -960 760 -718 706 -129 755 -554 150 828 -388 -539 -397 278 735 -593 -380 -336 -658 825 179 201 216 -775 118 737 -859 -577 -586 -935 -159 -460 669 -315 656 -745 -792 -44 -500 -364 -134 851 -281 -261 
467 -954 -989 -772 -790 -610 -135 -40 690 986 -417 -437 666 453 -759 839 359 564 -314 -843 -160 -390 -693 343 93 -6 -789 43 392 913 -444 559 29 128 133 -75 -483 947 386 507 534 885 -148 411 -394 -123 780 548 -608 -36 -752 -172 -234 -378 -438 694 -36 324 687 317 85 540 880 298 192 460 828 -921 -622 674 256 -943 -817 278 972 255 725 662 -364 52 803 -774 -779 152 937 -910 710 208 536 8 769 470 -325 713 720 -675 -585 571 -675 141 
-128 379 -815 -443 -839 599 -705 -762 185 -320 458 -905 -471 -88 823 402 334 -415 195 732 -783 28 -292 -356 -753 8 -298 845 835 462 670 58 670 -981 222 93 265 -230 123 145 983 -24 -897 -447 -733 205 41 466 49 874 311 -333 -226 593 227 109 -968 410 833 -621 383 -279 670 809 -359 186 785 -320 927 49 634 -932 -616 -965 68 548 617 149 82 -904 -782 87 -815 449 -856 89 332 -663 -897 583 931 356 -379 328 -644 -615 -309 96 -559 -252 
224 33 189 -750 632 -134 662 992 169 -807 -530 -801 640 -235 95 -290 399 56 -356 -837 -681 18 -153 -476 -567 393 823 69 14 558 58 246 -697 -452 47 183 235 532 570 239 -88 -661 740 513 213 -21 116 -49 259 803 75 323 222 -265 66 702 12 151 -592 399 300 -350 -20 -272 667 56 -553 45 -355 8 -627 99 -876 374 -930 992 -341 474 -532 -734 -480 20 94 -147 -917 233 -854 -587 -105 -560 807 -405 -818 -777 -282 -131 -239 538 -751 886 
-961 -676 758 384 -450 706 -613 -488 -901 -749 -63 657 -559 281 395 -173 974 -33 686 -22 993 -349 921 652 306 955 247 516 408 -286 -376 -384 798 173 526 -460 -35 610 776 613 774 598 977 464 -840 -544 219 601 -496 926 856 264 -673 309 -489 857 796 -239 -961 497 -391 -20 925 -469 906 -121 -100 -726 118 282 900 515 -513 -258 -489 -875 259 -797 -196 -88 -593 -646 592 200 -286 -472 398 463 -566 -161 102 -151 -523 -677 -146 -549 460 -979 755 36 
-929 -735 48 196 989 982 351 325 -203 912 -736 491 -633 -76 240 -814 69 -75 -43 695 -566 -712 -529 -395 -595 500 43 -623 -787 775 9 278 223 -148 112 913 -325 -427 834 849 -796 900 -17 13 -273 897 952 -194 -126 -25 -580 390 -869 -601 -232 873 -718 526 -257 599 -292 -397 -81 666 -778 590 415 -303 -194 -672 640 453 388 -498 -877 -756 -673 -225 -838 122 -277 -398 149 687 -223 250 -536 -332 -699 -163 861 -450 214 -32 -406 -471 274 721 -399 509 
331 729 12 935 -859 254 -34 -333 460 575 597 410 -262 80 314 -533 -727 837 -40 155 617 -417 50 -399 308 -306 -985 -40 594 -184 10 -334 -680 9 -999 -635 -339 -783 566 224 -574 -410 -729 -871 676 -554 -209 -444 165 -343 87 -825 -151 447 -95 -773 -825 31 -268 -114 275 -142 935 950 379 -59 -801 665 -471 -595 -809 -450 894 363 -672 347 927 546 820 562 909 956 -140 383 866 -993 167 -812 -507 842 748 -318 -638 -490 -394 154 218 701 59 63 
