-388 -410 -700 78 -555 -604 647 131 811 -903 43 -668 -449 -783 554 -108 -568 754 362 -534 -782 -725 147 0 -166 -607 796 -739 292 -439 290 -904 -810 919 623 319 -728 844 828 -248 -809 265 -247 99 953 -958 -450 36 824 50 -521 208 -702 -344 909 -14 -134 707 632 757 -327 978 671 651 -187 -173 -905 -696 667 202 -688 -903 465 -772 859 155 804 837 -58 212 -219 -54 444 -209 -697 -446 915 291 -756 828 -930 868 103 89 -838 -858 -672 -433 445 208 
-241 461 -921 168 -630 190 -53 -305 862 421 -102 -533 125 267 -169 -971 -848 -766 552 982 -495 -296 908 -652 7 38 538 -917 57 572 -3 636 674 -362 -325 -190 -420 -71 689 -759 -751 146 157 -170 554 -127 -829 -876 215 871 173 57 -431 140 33 340 442 353 321 206 617 549 -72 293 113 825 -862 -570 458 683 -952 45 979 -856 -28 763 991 -127 83 -961 -796 492 -870 870 -65 -173 967 192 -45 -803 -638 132 778 -817 549 766 -316 -796 -507 828 
-470 -158 781 -729 -964 103 -536 -501 289 -910 -378 609 258 101 -137 -893 -790 293 28 -734 -766 -708 -999 -123 407 -792 -628 -382 -131 154 844 -779 -183 -627 477 476 195 801 149 -630 119 -470 880 425 -850 948 585 -981 -428 -159 -557 -158 -964 -109 690 -886 -888 -832 969 22 -109 -447 612 21 91 -172 -398 -841 491 959 295 203 451 -673 898 640 -465 625 -657 692 -693 -660 -48 -180 658 -939 112 -100 -223 401 -768 245 -211 -223 -50 -981 -115 -729 700 498 
103 -485 -916 497 -248 849 510 923 -455 423 -711 -467 -464 -266 -36 -77 -38 -14 791 -299 507 -501 248 -814 248 -704 -134 299 -849 262 -172 378 21 -582 953 430 -803 231 -58 -311 -106 351 -782 853 565 669 -454 -190 -969 -186 -680 -454 651 562 737 -33 408 -507 -697 -455 -41 554 -905 293 264 100 999 584 -84 -40 430 -108 -361 378 706 552 886 -305 -938 -430 54 701 951 -310 -445 731 -218 72 -628 -36 937 781 -123 226 450 575 -521 -936 785 518 
-608 -501 231 400 103 -749 -563 -529 682 118 -318 -139 -353 -561 -561 740 -40 -955 -302 -925 -280 -365 -513 574 -310 716 611 95 -414 -509 678 504 -959 -27 -304 -494 333 -158 974 438 833 960 280 41 944 -339 -877 290 -343 -326 -253 -259 -498 424 -932 -203 -397 541 528 -850 -14 -128 -891 27 -187 694 -526 744 942 -753 -953 575 -273 287 991 175 -357 -447 -462 911 -109 293 693 150 10 670 -785 -626 822 -193 126 709 -722 -592 -843 -605 -454 751 -414 -790 
-545 101 184 774 950 755 -727 533 473 -464 -635 922 -957 -83 567 657 19 -589 -816 132 89 231 -771 -896 -145 -866 -241 -612 388 -602 601 -610 430 965 354 823 175 889 977 -268 645 -403 683 -559 869 951 -585 583 691 -918 547 -406 202 -758 -257 -587 -254 -405 -631 -914 455 -408 717 73 -807 -362 207 -516 827 -451 534 479 -721 -809 -639 -89 490 982 375 210 87 -16 -59 -447 606 33 -39 837 557 -827 889 -525 -570 746 -855 -317 -75 633 380 302 
-139 -116 707 -833 -27 -301 -821 -768 434 -909 -378 -630 -178 -368 -207 -442 -439 345 670 -50 -703 -762 -254 -99 724 -646 642 -567 580 -321 -261 -969 -521 486 268 551 -618 -313 -695 -293 435 191 288 996 -908 301 -730 684 -288 144 433 -542 920 349 646 -392 -336 792 703 -104 -621 -250 -633 770 886 973 68 -521 362 692 -932 567 859 407 499 459 -236 -814 -35 -45 848 -34 -945 -175 -364 -73 -885 349 -437 720 -395 812 -386 -618 -386 -714 -19 501 -267 922 
-120 -613 847 559 446 781 760 178 512 -182 43 -115 434 412 220 110 176 -365 899 -506 -601 826 592 -859 -808 720 -974 -517 156 265 598 61 -318 395 -691 38 930 137 -493 324 -391 -458 -721 -506 677 185 67 589 -729 68 -333 -541 -749 221 333 -654 -161 -263 191 268 -130 -134 -15 839 395 916 -557 815 818 70 -824 -582 953 401 -172 -556 -687 457 -240 341 147 -192 508 795 -628 587 -373 739 -437 -215 27 -926 -980 -499 -321 391 940 -983 -645 25 
-954 167 -795 -207 500 128 -467 769 -411 974 -366 216 -814 573 890 -244 40 -646 -886 900 -915 -477 311 134 151 394 254 455 -90 529 850 130 -221 760 -60 328 -471 -402 -351 -814 704 -283 996 185 -213 710 965 467 88 56 -68 215 219 306 -765 763 800 -172 -320 -808 536 744 -559 -265 -412 -391 784 -676 597 259 443 485 974 -152 574 186 -489 -410 344 -405 825 937 -309 -938 516 180 -259 549 -466 -472 -418 324 -735 762 -25 867 -910 -700 878 -788 
-131 366 -918 607 789 -955 595 -893 -165 -572 620 351 -136 -436 698 -890 -160 306 -531 -170 753 350 -58 130 -337 -422 30 550 469 -450 419 -87 -848 987 -40 -66 801 -992 98 173 -120 720 714 7 582 -874 908 -736 -335 993 -480 -463 401 805 -926 125 -614 -613 -588 191 370 252 -80 706 -666 -789 -361 -571 -183 471 951 515 -947 976 989 910 -513 899 221 114 962 689 -729 -329 490 -7 834 -887 -846 -406 627 -678 -764 212 -684 -51 193 -669 730 605 
-609 521 -855 -465 -631 543 -706 -182 -822 -783 -571 63 -113 -61 297 -979 -804 -81 49 -334 -582 -686 -501 -141 316 363 -586 -412 425 853 -985 4 -832 -466 -961 -548 0 -929 -412 351 536 791 996 -734 903 274 -626 995 -644 278 -365 -993 -901 -26 753 157 -932 -807 587 689 248 196 -27 79 704 790 269 -140 743 546 -948 -149 580 -72 -323 937 467 -720 -840 690 712 -334 293 -687 -461 -386 512 -467 538 -288 666 -555 828 728 417 -144 -358 488 -407 -639 
652 -682 483 -365 -61 -177 603 815 -88 -988 -383 320 -552 488 847 235 806 -41 463 -597 410 210 -886 -563 -490 960 -691 243 -987 -476 -698 -968 -689 -351 -396 -602 -824 -306 -817 139 749 -823 -542 988 -27 503 816 -254 356 363 1 969 278 789 158 -949 -690 -222 721 -196 -443 192 60 -647 564 707 -491 502 -377 -63 -792 -863 -977 -200 -364 -931 448 570 -359 227 -487 167 971 -649 -177 988 659 -170 780 -594 -153 604 950 886 278 845 116 -913 883 -114 
-295 467 -312 146 479 -657 -823 491 934 130 467 43 -318 47 -613 -338 -481 352 494 478 -282 -740 -777 -634 415 892 -767 -170 -223 218 -4 -474 841 -743 -495 484 248 -238 568 266 780 373 43 -291 572 -564 -130 637 -291 461 -600 951 594 -312 735 -207 -515 940 246 -903 -579 373 -932 14 -822 -281 -944 736 -583 572 -749 -868 -457 -798 -489 -167 -569 -530 -150 -357 649 686 -229 326 168 425 497 -97 -359 -598 844 -446 773 831 721 -371 507 162 -113 211 
-511 -644 734 -323 -520 -688 -238 -530 -531 -107 165 853 545 824 317 -762 -128 649 -352 -265 -861 344 -557 -970 340 -435 -31 718 740 -821 -714 700 -765 -771 11 -795 552 832 776 835 -386 452 183 -868 480 208 -678 767 -435 -211 -450 16 61 937 889 -813 30 -897 453 -653 886 768 665 -256 -224 -653 600 11 278 -230 645 -635 -808 693 214 31 250 148 -606 715 81 979 856 493 -163 -324 -806 -469 838 -816 121 301 -842 -687 -398 -945 -508 874 -407 -682 
-554 444 -363 -217 -337 -980 436 366 99 -787 427 -999 167 91 -708 -987 708 401 380 344 513 -31 -238 359 729 -725 -169 813 521 -616 -516 533 -137 -741 -998 -125 -604 -426 949 552 245 854 896 576 898 756 -994 71 728 -338 28 -913 -868 755 313 -789 440 483 -193 207 -32 -25 -522 -504 -137 818 -665 -86 809 905 534 -740 -354 311 -806 401 -402 -212 27 -550 -399 46 39 170 482 953 307 -558 -676 238 368 700 285 -156 295 -652 760 967 695 -77 
262 405 -781 -313 758 -427 816 101 -163 -236 171 423 211 -903 -224 735 517 -119 282 112 -391 969 -432 -739 781 -603 379 -81 256 -685 -924 989 -864 440 988 -877 -771 -837 884 -519 263 -403 640 -984 995 601 373 -665 -567 859 171 -611 -211 -203 55 -370 -390 266 614 -158 -499 405 138 -279 -963 -171 582 299 778 -100 980 492 -49 -184 712 97 -203 519 -749 -636 -972 235 587 389 -194 -143 706 -312 255 568 -818 959 -161 383 637 -846 213 -140 413 136 
227 477 -224 -986 243 484 600 -279 48 745 -799 -953 265 265 -378 198 391 461 303 -232 359 175 934 -56 716 417 -627 -668 -453 -106 -588 387 -574 221 635 -291 -877 -187 -558 528 457 350 101 -461 187 769 82 630 -210 623 714 327 53 -315 958 811 149 -814 994 102 354 990 874 -328 643 732 -77 -475 799 603 -678 -391 -59 694 -251 42 462 -221 -253 703 108 465 -885 -628 314 382 -815 -30 -39 -971 229 981 -231 403 -839 -825 867 178 202 -504 
100 464 620 -926 -971 870 -463 -38 -152 844 720 962 -58 270 -143 577 -532 142 -960 -663 -737 -879 -782 830 -679 548 618 -536 -639 878 -387 -735 902 -26 493 701 -587 454 -840 -178 -462 -157 486 896 256 -220 843 327 -987 626 -749 -473 25 -286 129 -128 762 90 174 695 -329 890 -959 -160 -192 -593 -669 878 332 824 252 336 974 906 558 -815 -124 314 -444 -815 997 -194 313 525 983 -105 -957 -952 -603 -855 -947 -975 -113 417 -219 -839 -634 -491 951 -110 
161 23 567 -157 -793 49 -138 357 89 -263 619 262 -604 1000 -808 934 355 -871 -424 336 -86 -179 -116 717 199 873 -226 -484 186 -728 -788 715 581 65 600 -321 -933 -670 941 14 -927 -680 -177 590 -463 45 199 -711 -465 -216 278 -486 444 -285 -178 433 -232 -274 -22 341 -459 -907 -700 10 708 -677 975 -868 686 173 -288 -937 -928 588 -756 -570 -210 -63 738 78 -578 -828 466 55 617 317 -219 197 -313 401 -563 882 770 -661 344 -274 405 -329 -33 733 
438 -152 489 -733 -687 155 215 80 -468 334 903 -762 -297 -407 -357 486 -636 911 -342 512 -436 -491 -891 -985 -395 -51 643 -955 -753 50 568 -388 -225 759 -543 -84 851 -304 -93 805 205 4 512 34 417 -252 -237 529 -454 -113 -164 -140 -733 112 335 -548 -92 3 -472 -319 850 485 505 -403 -446 -515 61 -405 -301 331 952 875 541 976 300 628 -321 690 186 994 -180 -625 -998 386 -19 861 -582 -750 -658 -193 227 913 619 -30 -115 701 907 -148 -494 992 
707 -480 686 804 -877 -390 419 -821 763 -765 780 -304 -806 -850 -4 -205 384 -912 -262 235 -816 94 958 720 552 -122 336 467 -818 267 -111 747 570 413 -529 -282 -902 -684 -744 827 -993 -763 434 -119 -145 -868 365 -628 -544 -729 -208 850 468 -318 -419 212 -443 604 207 21 605 723 845 -100 -389 545 900 974 616 -473 453 -3 69 -919 251 -618 950 -781 51 993 741 287 -113 -366 949 272 537 363 -792 -594 380 692 544 -688 662 975 934 -384 389 9 
17 -141 -582 942 -23 113 902 -737 240 985 46 639 879 -998 -224 945 -824 -708 -329 -122 610 942 235 237 314 -877 -784 212 583 449 -559 286 -383 500 935 237 -886 391 242 190 73 474 -23 734 -391 -45 -117 749 736 747 549 -226 -530 -543 333 809 671 -210 821 -745 488 207 326 538 -36 526 862 227 -464 338 -301 -545 -753 324 -109 -151 501 88 -320 -91 -434 -952 -512 -411 911 -50 -162 -295 310 965 406 -828 -997 976 -399 -302 587 -349 -5 975 
-918 542 -259 -887 -261 110 -560 -438 -670 -978 863 894 458 -582 -524 -924 617 -877 696 -107 707 -69 95 620 583 -425 -800 -426 -572 990 -529 307 -428 -283 104 -616 946 379 891 981 909 983 372 -739 -96 986 -186 327 -543 178 966 -92 499 -472 589 391 -635 198 790 374 57 992 -676 -891 -736 566 -20 -955 619 -219 29 -215 -211 -471 -675 -416 790 -942 720 -542 -654 915 934 252 597 -238 -598 -18 -768 -680 627 -996 117 975 959 -154 101 -154 -903 -250 
-669 60 221 -48 -844 -11 -425 -888 160 -787 -828 -444 -232 326 862 -933 -971 700 -899 398 -853 730 885 -189 -64 -22 755 328 38 612 -286 770 -166 918 256 -562 935 -788 -88 192 306 -256 -77 489 528 528 -926 -655 867 -573 -575 -489 868 -246 244 -455 -890 -379 -129 -383 -424 -335 415 710 291 898 -341 -759 70 -345 -339 536 158 -85 988 629 -85 -880 425 337 963 -346 -837 -540 809 -115 970 927 106 -441 -577 -572 -78 44 875 -720 307 334 581 392 
-24 13 -407 -744 -413 619 237 -878 -324 -599 441 -363 63 198 -866 150 -622 -534 -252 -992 -710 671 268 444 762 -522 -647 344 372 738 288 -266 668 502 -371 -13 -785 -114 266 610 113 559 -221 -594 287 983 -443 146 536 -664 -277 106 37 -239 93 805 512 -197 138 514 -606 -536 1000 -916 352 -412 328 -870 -711 916 57 18 859 -236 -327 -998 -479 -777 -696 -329 -464 -469 -605 -725 226 790 484 -382 -413 595 -537 359 727 951 121 962 -88 -596 -614 494 
736 -799 -842 -142 -535 -487 718 -626 181 933 737 219 -882 -457 -504 -17 -461 53 -201 -765 47 530 537 180 -669 563 -112 346 853 -720 -897 686 209 982 -931 -452 -128 861 -312 -21 -456 -822 -407 226 -98 479 -577 921 112 -221 75 168 848 -760 335 -440 -145 95 -338 -130 -958 -431 -534 624 820 409 -831 689 394 -531 -532 343 -263 -798 -173 434 -74 269 46 791 -247 322 -826 811 628 -436 985 761 343 -846 -912 -488 -499 646 546 -108 16 -528 -739 836 
842 -269 992 -190 113 296 719 -496 207 411 149 -453 908 -514 -364 -600 9 663 182 254 939 -819 -391 819 -612 -922 739 -921 -88 -910 -3 28 110 756 147 -908 424 -23 962 -790 -562 -254 646 391 890 -452 156 86 852 783 -2 157 863 -660 595 581 -136 -928 -427 -107 933 274 750 217 -929 -864 -876 814 708 322 937 877 946 78 -295 -63 204 -117 190 341 552 517 482 -907 456 338 913 -61 958 754 -458 429 58 487 -796 459 -526 104 -28 152 
161 -203 39 -701 -182 -849 -838 631 -674 294 -823 -779 -114 107 -229 -934 -895 -892 -687 -217 320 672 -310 -17 -944 871 800 -980 -802 -281 667 -250 -918 -316 -223 -956 288 -106 -277 106 -800 61 -4 624 -922 -310 -512 494 -414 907 -962 -238 759 162 90 445 -537 964 846 -161 -423 -103 405 530 985 -704 910 -900 276 112 211 174 -690 60 799 499 804 908 943 758 -493 728 -716 93 974 600 759 -469 -725 -260 -865 662 783 680 954 -698 2 -478 -755 -796 
-782 -616 765 -757 936 551 687 337 -106 -100 -773 79 754 852 -748 417 -66 965 -608 59 -489 871 468 506 302 -771 475 680 -54 660 418 -747 856 -737 -140 589 -433 -672 -802 -494 -984 479 471 216 -970 -720 -608 852 988 -833 -259 -73 821 -592 61 -960 955 -682 -119 490 -885 397 -952 382 -473 746 128 48 812 -740 -726 -556 -486 630 -344 -134 545 -511 132 -165 10 796 894 827 755 -571 -516 562 -499 -710 -525 -844 -850 -926 867 640 -581 52 -244 201 
800 28 920 702 299 -691 415 224 -909 -52 -813 -31 176 59 771 -492 -692 291 513 -349 -425 806 451 -96 434 94 -35 -946 977 158 -743 -178 -139 -776 119 -235 654 -148 -913 -699 -259 354 -632 246 -904 -52 612 431 -902 -593 84 -479 510 89 -660 -671 -78 -852 887 474 120 485 949 723 191 156 199 -460 339 -807 761 -443 -880 165 -497 527 368 -489 989 -348 -896 -155 -303 -547 -135 -750 -282 -445 -513 -469 467 731 623 -91 -667 830 -498 -308 -782 -534 
-178 -672 639 191 -643 802 -296 770 170 -610 -179 654 755 -602 795 826 -579 -693 946 -811 -250 771 709 949 -303 -364 -474 -31 668 -865 -682 -276 -714 -587 -265 962 -580 473 964 580 -928 929 616 -800 -163 927 250 562 545 -174 300 734 612 -935 725 788 150 -132 -499 -267 -855 -221 249 101 275 -871 522 -338 -585 -114 -152 643 -100 -549 -91 907 -301 -839 964 -289 -230 698 -997 690 -216 449 445 656 -506 202 619 -124 286 492 -535 571 -668 -808 -70 -395 
851 -29 -561 607 829 203 969 147 346 -435 335 428 -184 -533 -581 577 799 -479 482 364 411 -302 873 -126 567 152 -622 219 616 -80 -356 -680 288 -735 946 213 -108 396 450 -538 -753 431 898 -742 571 -33 922 507 -555 -138 799 625 318 720 -932 -237 -651 -857 -515 -992 585 100 -745 -20 449 621 859 461 402 -578 -831 -481 893 -967 -35 -312 -900 -157 896 302 833 682 -176 -264 -70 711 -774 -236 -229 -403 27 183 -368 -609 329 336 -61 -995 18 745 
-60 -781 949 527 188 978 167 278 -91 -431 -599 -356 623 47 -727 33 -419 176 180 -343 393 361 -946 570 811 19 276 -911 194 -952 -712 466 521 -546 -403 -146 598 -831 -596 980 785 228 318 -492 389 -588 -646 76 -270 401 682 -554 -249 194 -787 461 -853 -451 -821 276 461 746 200 -257 -931 -720 636 -184 -486 -560 -789 -246 816 -873 481 -326 -419 -789 32 194 677 967 460 945 -754 770 -802 -170 -221 -306 968 762 -733 561 235 -219 -393 421 703 -633 
969 230 -472 -907 -622 211 -398 -51 66 -978 -774 269 -394 354 -732 927 -407 -94 -843 -257 716 -201 258 -583 861 -260 276 442 -470 -798 -880 974 -469 248 -736 373 898 -842 -566 569 -796 -981 -730 371 -697 -249 -806 764 -281 819 330 -940 827 194 -873 696 432 288 452 -595 208 -589 265 203 703 738 321 636 -705 405 -507 -373 -720 185 -888 -97 -728 -680 398 -209 665 913 665 241 276 286 515 -866 -491 19 701 64 337 -765 -800 -601 -53 -43 -207 -528 
-746 460 122 433 -799 -372 -95 -45 788 -438 673 -910 -639 705 -388 -334 404 410 632 626 407 -706 589 914 -278 -930 33 -687 -829 533 413 -146 119 310 685 891 638 -401 547 -976 -944 1000 -422 252 -19 -823 -302 -902 -715 -664 41 -479 -502 47 -682 302 987 746 -893 318 -262 462 495 715 -599 -82 740 463 -90 255 -234 -825 -235 697 -782 393 602 -663 -150 914 291 -424 714 -390 -670 -353 -93 -952 -689 -514 312 523 215 125 372 80 -779 69 -884 788 
96 -245 481 -580 -771 100 292 -432 249 244 -585 -613 510 -8 478 -123 384 -22 -275 -507 429 -415 4 0 -612 -117 -107 693 -205 -876 -735 671 498 56 -146 -693 -189 92 860 243 293 542 888 697 881 203 870 -967 2 349 21 -178 -653 -220 454 200 425 616 -200 -473 756 188 -405 -552 409 794 82 823 918 768 922 746 148 864 912 -669 254 -675 -59 82 702 -215 819 -668 -918 -815 75 -844 9 -21 -347 76 -721 738 276 -18 649 -484 82 -532 
965 125 -339 957 307 283 -117 -835 168 489 -128 -421 -302 -156 586 -432 29 -403 -408 -281 652 479 -800 -173 -186 311 -993 -21 592 -990 -195 531 -298 -218 949 -812 -570 691 -988 -542 -66 -914 -101 11 200 -619 -168 95 124 668 891 212 -741 -287 471 -15 544 -68 527 840 529 558 629 -850 -452 732 -599 -843 584 669 565 -898 -328 -211 895 -967 -119 842 713 -827 -845 -227 -452 568 -945 -479 -813 -983 778 -725 511 890 873 909 790 -242 944 -694 907 -737 
-543 853 -887 -242 -889 -364 183 -780 865 -539 -45 -481 379 347 940 -400 373 -259 417 807 -167 59 -505 -134 -285 209 -951 142 90 509 -287 496 619 175 -976 -809 367 174 -119 -185 -84 841 81 317 549 654 565 -513 813 680 -369 -205 953 326 476 -616 -478 -534 -606 225 315 -506 355 -738 -56 972 -73 984 -385 421 -415 136 -100 52 630 464 135 75 -262 -203 -387 412 -87 847 368 284 -169 -189 549 -134 390 -645 451 744 71 253 631 -345 -275 454 
-960 784 -382 -336 705 765 -672 -447 665 704 -165 -2 -463 -154 -160 146 -233 -685 240 -374 -302 668 -13 -505 901 280 -411 -596 155 -170 473 149 -448 4 -806 31 -424 -109 274 342 -841 -265 413 771 -725 -789 249 -817 -518 -121 -930 129 814 776 -385 201 433 608 -160 -561 364 -9 -326 -885 118 -375 421 -679 510 679 -796 -813 793 233 126 757 545 -495 342 -275 -499 -851 14 -963 465 478 -198 -218 -765 291 -761 -513 -872 680 -856 100 -981 -987 212 -389 
653 -773 -642 923 425 461 134 736 627 -332 230 266 785 19 -502 -231 219 -584 319 264 -266 634 -514 -636 -631 494 206 26 582 736 176 453 939 253 -933 -59 432 256 -633 -754 -773 296 -715 473 543 -686 -400 -399 193 -348 -526 -263 117 584 -954 422 335 840 -963 458 735 109 -329 -859 -587 367 -890 504 648 -566 161 -412 -488 -659 -571 190 -131 395 -193 767 442 -983 456 105 490 787 149 429 21 836 -676 12 -144 -402 -289 -770 933 272 488 -467 
411 -610 -776 -815 -678 207 -630 -604 -194 550 545 718 831 -65 -370 -221 582 -79 -607 -447 506 -64 -623 745 -885 -469 223 -576 -606 -853 421 590 965 77 234 -247 -466 473 -687 -267 -710 -651 -342 570 986 389 -519 718 507 843 -592 893 767 -344 879 -574 711 358 215 -702 776 -339 193 -691 8 241 953 777 44 815 -893 324 363 877 -928 -875 -623 -60 603 -806 601 99 -889 -774 602 710 -985 -788 148 568 -723 -624 -87 -588 -941 -403 -573 322 266 214 
0 78 68 553 -503 24 626 -122 -380 118 -67 456 -517 -908 622 -725 -468 -803 155 -670 -381 891 -224 -491 756 -106 -934 -546 -772 857 185 -101 376 -962 576 959 766 -844 -135 366 -398 715 919 532 -150 -571 110 336 -70 -943 -164 -287 157 209 -363 -214 335 890 776 185 926 180 -458 -676 -1 220 916 159 -50 947 -963 779 -156 -553 31 -127 469 -425 819 973 521 212 974 -223 457 -764 -77 -306 506 -490 203 -96 661 -799 -758 -651 -348 -178 946 -734 
931 790 315 -466 -686 -49 -210 -181 -748 372 204 907 178 -875 101 731 660 -973 325 548 515 -228 47 423 848 240 329 327 -842 -979 -921 -43 -244 221 531 -786 -597 719 961 -861 913 59 871 692 -293 291 118 -199 328 881 -121 -8 370 -228 -764 484 564 423 -666 938 -539 494 313 510 86 72 -817 -253 -985 316 985 683 39 -966 982 422 6 -874 981 -812 977 687 -64 -630 -274 -627 598 765 790 -357 -563 -987 711 -296 -839 -773 -266 -10 185 212 
-103 195 13 525 -465 -144 -233 -828 -911 -594 -20 -883 68 -592 184 -604 -716 82 -436 -6 935 -823 359 907 -865 952 -911 -945 -659 256 -497 -986 -153 -165 -64 317 975 536 388 -505 387 -753 36 -103 236 482 -281 689 837 -376 736 850 657 465 -205 125 133 158 -941 -628 321 737 921 -828 -493 859 446 -604 461 732 -210 -560 -102 433 37 8 386 -6 -125 860 329 137 -938 983 -185 -902 -908 443 890 -153 298 -555 31 -910 139 201 -316 194 -441 752 
-295 -915 -452 615 -942 -66 149 -660 301 -948 702 -453 351 -641 -865 -764 842 248 -426 260 -468 -226 -46 66 -556 -705 -18 568 737 102 -728 980 -102 591 -826 -646 972 -20 596 -42 43 -883 -602 -660 291 689 535 66 921 230 -898 -718 271 175 495 -891 -53 -818 -657 -648 789 234 502 73 -262 -706 -937 376 -580 267 -234 -473 46 522 -986 790 340 -377 386 450 991 479 846 673 -823 -36 -60 -423 361 649 -486 -910 -110 943 -437 699 -761 -25 -996 61 
-945 346 905 118 834 -483 99 -285 -307 -851 -511 492 749 -189 376 972 -152 415 -295 818 543 -109 857 44 -53 -667 409 -996 327 -853 54 -311 -564 -605 -211 506 -478 -67 -564 943 -326 910 441 62 -656 209 -735 -118 260 -225 772 876 -637 344 -775 530 -409 -344 620 908 903 616 -883 -693 -326 -319 324 -240 -778 454 -390 -972 -644 -927 -535 -883 352 414 874 -625 -982 -870 -636 -271 309 -291 -700 -713 -774 -197 337 114 -780 375 441 -221 -571 -2 558 -241 
212 -113 -293 554 -288 -373 318 577 -128 327 77 912 -677 -300 170 -288 965 -637 -693 -43 576 -691 -930 643 751 -675 -144 455 253 32 544 -968 101 -432 553 578 -928 720 -734 -390 623 550 55 421 -601 -66 527 169 241 -476 -993 930 -227 693 524 -564 -133 -103 -544 -636 251 -271 -418 279 -981 -540 -467 561 -80 -225 -753 938 -143 -891 35 981 40 -694 162 797 615 943 643 842 468 -904 831 -359 -361 206 147 -35 -674 -281 134 85 373 -975 -175 831 
633 -96 -31 470 120 -721 -188 574 281 -521 131 -275 -313 938 422 220 626 -21 814 718 -967 -41 -892 -651 302 554 -810 86 -182 301 52 -693 67 -92 771 114 212 -787 -268 125 132 -239 76 -587 -191 -838 -604 810 56 252 358 325 532 212 -723 -340 58 146 886 -906 390 -27 970 980 809 585 711 617 382 -53 -762 467 611 515 -250 -480 533 -519 546 248 351 606 531 879 -611 -436 -666 761 149 -430 291 -28 955 565 -11 142 -653 -303 117 -690 
-566 787 674 663 -758 340 -109 966 701 100 634 795 894 -117 247 519 433 64 841 577 852 721 564 951 -663 -225 -846 776 -205 454 -966 473 192 228 -220 796 -745 826 -852 -853 -10 114 -530 479 -200 -974 -463 770 332 18 -25 285 304 -147 -155 701 -561 22 947 -80 -320 270 287 -380 705 748 -149 -559 -394 119 142 -603 551 -51 791 916 751 454 -341 14 443 -8 -660 196 -15 -994 -800 -966 117 18 -579 99 554 -477 -126 299 396 -467 339 335 
634 204 -592 918 -929 969 -538 -887 -113 784 -522 517 -938 -311 585 524 -458 -550 319 781 -584 -896 464 221 848 -859 -192 -755 938 -68 341 -850 -584 501 184 -195 165 843 717 -929 -98 875 116 -125 -835 653 -871 -699 794 -28 -787 -338 566 97 866 524 727 -23 -414 -259 568 -336 -190 91 -433 -185 -717 -916 -823 -210 -116 708 -245 144 592 -776 625 970 474 -912 -682 -77 -505 -612 -495 -562 -349 -140 749 477 -749 311 -787 453 -516 -453 931 377 273 773 
984 338 305 331 -167 954 531 247 -774 -127 -74 208 -384 -130 -347 -26 542 -214 65 -647 864 132 -994 -626 525 -844 -319 584 0 489 339 371 90 -5 667 944 18 54 -754 -548 -174 -643 -3 801 70 -583 -836 -683 -255 -987 986 884 619 -101 -876 740 750 36 95 -650 -554 195 690 -67 299 -622 -992 686 251 -981 450 -214 -771 754 -99 116 -480 -879 -616 618 692 486 -397 -589 348 -175 -255 35 236 -961 181 425 20 152 -885 -74 722 -641 -995 -150 
496 -364 730 -138 -343 839 -908 375 -983 129 773 -223 -602 755 950 -88 -649 470 -284 232 -30 -863 -292 -372 -176 -468 313 480 -627 843 -874 -756 -851 22 -84 -690 -132 205 86 909 -478 -97 748 -777 681 827 512 567 -615 -568 0 175 -9 -305 -247 767 546 947 -809 430 -216 117 552 -211 -773 -267 -231 -699 125 -493 -390 -291 -394 651 -466 -826 -876 329 -952 993 -630 -914 517 408 -857 370 -388 -625 942 -564 168 715 881 723 983 -480 -877 223 357 -132 
339 643 -80 588 -846 -830 -466 403 601 989 674 -629 -686 118 361 645 -367 -879 -499 -805 734 507 225 634 834 -457 -233 -563 764 329 408 -25 317 -898 709 -817 932 -53 -853 578 -685 -514 -999 -886 794 -751 784 -678 820 -997 613 -315 498 -587 -173 -224 511 -860 -532 21 -846 -380 535 -398 -420 812 715 472 650 964 -805 628 -249 -956 -561 453 65 -535 672 -656 728 -767 -717 -198 -437 -500 -175 834 534 -200 467 -936 -753 -150 933 -536 -32 -71 -697 -580 
258 -185 -120 814 614 -25 458 -166 158 546 110 -54 -886 919 -297 -619 650 771 238 -719 -383 775 -917 311 570 84 -782 18 477 -282 687 467 -902 640 -478 -457 794 541 -653 109 -271 -634 -80 -956 -353 -21 189 -29 -531 -118 -138 -112 -176 393 913 -839 -955 -979 -806 -789 80 -519 190 374 -892 146 108 -828 -938 -279 -558 864 687 -324 786 -681 -125 883 798 -485 563 89 274 306 -252 741 265 343 -902 -720 -372 772 46 528 -743 500 -277 939 -374 -865 
386 323 596 461 -781 449 -418 750 -987 663 -884 937 -588 -917 141 170 -155 427 -465 -459 -587 602 -659 382 -892 103 -904 689 41 897 192 -610 508 -1000 935 -868 -173 225 -982 -169 -847 821 -927 284 763 177 -699 620 -791 141 -173 689 131 -330 611 -721 203 847 67 983 -161 -746 979 219 -308 -948 604 -643 -645 95 720 -78 737 560 1000 911 363 -960 -196 973 437 -304 235 994 -762 -403 -200 236 -615 436 -254 211 -696 -293 -874 305 1000 836 -885 -166 
130 265 -557 101 772 -283 -600 375 -636 81 198 -639 -286 -688 -920 -123 807 407 -521 -604 -593 -194 -698 -865 -458 -682 613 289 -646 -35 -226 441 775 506 548 793 -349 284 -211 -728 12 -937 -504 127 -803 383 -636 225 -69 -952 909 684 -651 166 148 -150 -939 85 424 737 -156 370 -978 955 -645 -272 693 -470 -919 -188 978 -99 128 -392 -931 -889 -217 117 -426 -898 -418 578 -849 -643 -851 382 235 -15 -887 789 -27 -31 536 160 -41 138 -386 -371 -518 -36 
-649 -664 -416 235 -437 190 -62 -836 993 -456 126 796 -201 -935 272 359 387 -305 552 410 41 -526 171 371 794 539 -642 -596 -582 -317 560 169 610 773 -354 -756 739 -195 904 205 -770 886 16 -618 -563 -80 -132 748 497 701 -616 -78 -245 615 867 -620 -766 -597 -456 -292 504 285 521 -715 -224 586 -208 -919 -954 99 609 24 -513 373 780 121 466 620 683 -994 -706 747 -472 354 781 14 -900 -213 178 -495 384 797 -441 -7 789 719 571 -543 723 -757 
-746 405 -700 399 -519 -607 -613 -834 -680 -28 -112 123 -3 -892 918 -81 414 -732 928 182 -597 724 112 -858 573 477 -778 -954 -767 -760 -868 -356 182 -428 785 214 -927 -30 -642 105 -154 397 -66 873 -876 -845 -64 690 227 948 -182 -219 429 -831 -352 -872 253 38 297 529 421 784 706 917 119 846 214 778 13 256 377 658 854 906 397 959 -382 479 576 157 813 348 -153 959 -790 549 878 -790 341 -57 -32 894 28 -167 566 460 -862 646 325 405 
661 397 7 -400 636 927 681 332 658 -380 -783 451 -623 106 -280 328 700 394 -271 -806 978 -870 139 -925 -147 791 -248 -901 -851 921 -844 220 499 -952 584 -47 209 -951 668 -309 -234 937 788 321 -53 101 -219 -363 -666 -520 -303 322 756 865 679 -240 -933 -450 714 -792 -257 -135 920 772 104 366 -520 -622 209 -260 522 -39 -589 -722 -997 589 -941 965 32 -868 997 -273 -403 -469 -822 -368 468 -646 -254 823 129 -333 862 180 947 -263 174 -816 -693 -134 
732 763 363 61 392 -372 259 866 -563 78 971 297 192 -685 -998 -394 -777 -439 215 451 -70 -702 -480 -179 478 -938 -569 246 -767 -411 -273 -484 585 -29 -840 269 504 557 927 -671 175 808 -587 -858 -20 -13 27 762 -784 -525 459 -637 -201 -667 107 484 -250 148 -454 -40 626 -118 399 607 -89 212 -510 -251 229 841 -245 852 -560 609 447 -797 290 -65 952 -689 536 231 607 298 547 439 -785 -876 -841 -808 -188 204 -711 -506 -803 744 -884 608 -738 588 
-508 249 -732 -455 928 223 -176 -714 648 238 -725 -556 497 -965 943 -923 -923 483 329 -248 840 -416 -43 301 175 -107 -300 -698 660 256 616 678 -42 991 -359 -373 496 902 -180 -849 577 56 616 284 -771 950 482 -28 -255 -854 805 376 587 -895 284 182 -154 286 405 463 -106 -296 238 -831 511 432 -734 -238 641 -345 -654 -626 -184 59 480 214 -783 -569 -602 -999 573 -64 205 -494 249 966 -618 655 865 -188 308 875 -90 -829 204 750 348 393 436 470 
343 -631 -957 672 360 413 61 476 -729 -508 942 699 461 -959 -351 -671 -199 -62 573 307 989 919 -160 622 164 591 845 219 -536 -442 428 -331 284 649 -530 -327 958 307 451 -225 -109 -397 -688 85 -572 -652 -218 522 324 573 947 -38 641 827 -896 45 -297 -907 -633 -497 270 -30 -947 717 -946 -578 -238 -771 -511 971 -225 -65 -836 203 -720 737 591 -642 871 122 -309 -608 306 47 406 702 593 -884 369 -707 647 -254 324 224 -185 905 265 -906 -57 284 
208 320 -671 -829 627 -254 25 794 898 311 -375 92 513 883 532 511 378 692 391 330 -403 -722 567 -772 345 -25 611 523 -847 879 -989 494 -871 -437 -585 601 -266 -35 -758 699 393 -954 -534 791 -463 825 246 -176 894 562 -638 -8 128 804 -316 274 88 731 -287 -960 -781 917 -913 750 387 610 490 -871 917 392 296 -391 -658 -930 9 -176 551 -252 497 443 -13 74 964 658 968 -756 766 253 524 -36 883 148 -408 695 505 76 -929 958 103 -967 
-560 -324 -993 -768 926 327 -197 555 99 -554 7 -801 560 -458 -710 -478 -122 372 -741 -930 -474 -68 128 -681 -411 434 -814 -140 -281 79 702 188 -911 -31 -374 112 -336 -825 121 676 701 -894 26 -205 498 370 312 -902 -964 558 -647 -653 -751 747 -764 -788 349 3 -320 428 -919 -156 -766 816 -319 -167 -859 -51 -998 -423 -984 331 -511 650 103 874 259 -892 14 481 596 -278 926 333 726 -391 875 -434 492 338 -964 628 -566 665 267 -730 -212 594 311 -561 
637 886 -437 25 -4 -310 878 -427 -33 -739 -91 -311 -535 645 788 -813 -334 -854 -579 -199 823 -502 359 505 -386 221 658 -308 905 188 477 -968 -949 -487 -141 477 309 -742 -104 -290 -863 -119 767 -917 187 682 -667 -686 854 -822 818 685 694 882 -492 -614 690 -504 -216 -310 -306 620 -136 -730 -866 689 -365 -235 37 832 772 322 -27 182 -744 -972 -409 -792 588 194 -182 -349 -658 125 -468 867 530 -930 372 350 548 -596 766 -902 361 859 -680 -162 -718 197 
138 -349 -532 -53 453 745 29 938 -246 -170 -904 452 -509 81 950 -409 -717 -261 921 972 -728 -786 -540 92 -900 432 374 -598 -368 -462 960 688 -394 -662 -337 -467 84 -972 600 -770 14 -980 610 -121 -313 266 212 311 236 -85 966 660 869 -972 -417 848 419 -480 303 649 -596 996 -456 -461 42 866 -454 -116 573 43 988 710 -83 645 -600 -808 982 463 307 657 904 224 720 -516 172 105 974 -45 -419 657 -2 239 127 769 419 -724 765 443 488 -66 
-165 587 300 -689 -501 461 -339 -871 -889 -226 572 -650 857 -34 886 -56 662 393 292 62 -1 273 -750 343 907 861 -402 -17 -987 436 -411 -28 819 980 -841 -546 318 4 61 -548 99 876 941 -827 -823 857 -680 265 -267 10 -425 849 339 -822 8 157 -659 -560 694 -252 -178 800 753 -920 57 -750 859 964 305 -178 27 487 619 -26 -842 528 415 814 708 190 -174 -931 818 115 715 -374 -171 566 -324 721 -99 -21 -765 825 992 -529 -849 933 966 678 
256 392 -888 283 -62 848 624 -903 990 433 -777 -969 -848 243 640 -183 -138 -755 218 -884 -441 -241 135 -239 -830 -331 -772 874 951 -213 -433 379 -829 -813 934 -833 264 321 -976 962 608 -27 -461 570 -312 674 109 -685 -596 96 -87 34 775 584 208 133 788 705 -85 -427 893 -912 -616 -672 -522 282 -591 -699 818 373 774 683 987 66 -270 -853 -67 -976 -856 816 297 730 -433 -816 -21 137 -495 424 978 -245 77 -695 481 -530 -814 -541 -883 273 -703 444 
-878 963 810 -544 -481 658 -893 -673 212 -19 961 381 218 442 -744 -797 -336 -707 -229 -833 -919 -12 -108 107 -75 13 728 203 -455 209 -111 123 -119 775 -126 224 457 -173 787 -664 -773 -524 804 717 -38 368 -919 317 -863 898 809 -230 -822 -838 965 163 750 679 -943 353 -130 847 -667 441 591 334 31 -270 332 -806 549 74 132 -957 -487 -48 651 495 -733 -61 61 -707 963 764 904 -949 -554 -622 39 572 -44 -455 -731 301 130 -476 -544 -690 984 653 
30 -923 580 73 -476 553 -104 657 -961 -886 533 213 -423 428 -853 -817 212 -413 143 174 135 388 579 -164 402 -672 62 -72 109 873 -970 639 638 -22 -626 -284 -489 -609 668 192 -264 530 -658 250 -296 -416 -599 308 -628 -796 932 80 177 494 -179 848 -453 -897 -665 -582 820 602 433 50 -635 884 208 384 -759 -699 -835 -943 -941 -470 -556 -548 291 -961 900 281 791 -942 -960 -19 -669 -641 -960 -815 982 25 265 -712 -564 -232 -31 -975 143 -511 177 -446 
815 945 -574 516 902 -793 -620 402 372 -768 640 -163 493 820 417 74 611 -560 -767 605 -618 230 -812 -664 -456 618 319 -122 590 -923 614 724 574 -181 -944 694 321 949 -25 -733 68 -482 313 129 545 238 801 -521 377 373 535 383 -883 -564 741 280 309 -444 591 -185 386 654 -180 407 416 523 -34 266 -490 -650 34 -939 -305 -795 747 398 -273 436 435 -978 -830 -982 -224 -703 -538 289 -997 743 -214 480 76 54 -61 -108 896 -334 835 48 185 632 
393 532 372 -174 -881 460 597 -808 67 692 -726 -846 -17 -73 402 -814 -822 -867 -9 680 370 -660 -542 -726 546 173 -353 -997 -319 772 -868 100 174 290 311 -609 -174 -826 681 -270 -277 -315 834 697 145 305 966 901 -901 -979 -461 -304 38 -440 867 -481 -806 306 -11 -972 619 942 -795 -945 -67 -288 -498 -823 370 -705 224 727 971 912 125 -819 797 -595 -211 -722 145 146 567 938 -170 -704 613 -192 -94 853 994 -388 25 402 -206 617 615 866 850 550 
468 -684 46 -952 -526 290 -916 953 304 405 -578 -917 -541 85 -248 648 -625 -306 -100 -274 -697 -614 -904 296 34 619 886 -114 431 -636 32 355 728 -728 -257 -790 -402 -637 693 632 403 704 969 -661 464 -838 -587 -156 -597 478 -259 -662 -343 -86 357 -90 176 521 -466 -959 -933 -848 477 -91 356 311 -767 -358 4 -115 841 479 329 -219 444 -981 583 -634 -377 -116 85 -229 -583 -296 683 547 -460 503 -545 446 392 347 -459 187 409 865 338 169 -675 229 
-552 -961 771 -268 -690 -912 587 -345 -576 -413 -353 -534 566 -94 637 242 327 -370 -95 -763 -219 -378 89 323 519 843 -672 -58 611 321 514 642 891 233 538 -701 901 -231 -121 -732 -769 -362 872 745 330 -433 352 -943 83 835 54 -919 -277 856 -704 -884 604 -568 -188 252 971 987 -60 -369 700 -877 538 -154 663 446 405 -491 50 262 306 72 -488 -580 587 -1000 797 397 755 -586 -809 270 47 2 -685 -934 52 -835 -618 326 689 -516 965 511 -471 -609 
-239 459 68 -592 -149 -723 -487 13 -204 860 426 -9 -87 -536 -654 -788 -580 203 -967 856 160 116 -848 781 -147 -288 -799 -672 -998 242 593 837 635 -699 501 786 696 755 -149 -609 478 -31 -239 594 -53 92 977 458 -545 851 -675 -127 -880 275 865 -347 -5 317 -956 134 -972 -5 220 128 -153 259 -438 661 -813 -98 -78 -730 527 -173 -828 525 223 -259 -264 -576 220 -180 -470 71 771 -632 280 -962 219 -262 808 346 -848 284 -543 -360 -765 603 -414 -195 
-483 51 887 229 -442 470 213 -246 175 -967 857 865 -901 557 369 221 -686 505 -778 910 -441 -149 279 -208 144 -213 -988 -392 807 667 -546 -95 72 818 -580 92 706 -95 643 397 71 809 -545 -979 -384 489 -692 103 864 392 -336 856 650 973 180 -912 -141 595 -314 -248 889 -844 426 -704 91 -455 -886 -160 676 697 -534 583 411 192 -693 -607 -337 805 801 558 941 490 -906 -113 -907 92 809 926 768 661 -523 816 288 382 -967 225 -730 -334 833 294 
-212 500 -51 -843 633 733 923 157 -551 -456 -446 9 -331 934 -50 993 186 16 -415 114 -711 237 -332 -513 66 814 747 -331 -242 431 -760 72 420 257 -485 724 574 287 686 -885 553 -528 -228 -969 -523 -453 -783 -470 683 815 151 368 500 512 584 -763 255 -461 -321 -21 -881 -945 -942 -621 -702 253 572 -791 -516 175 -859 -776 180 -920 430 -894 131 -208 909 -569 99 33 254 576 752 -357 -937 -460 -616 -79 -16 598 684 8 -807 384 230 361 219 988 
-890 228 893 -441 630 -606 -99 -811 -780 783 -333 422 -456 -977 -373 603 531 -398 -533 186 567 -835 -636 641 -85 199 588 228 -37 -761 -91 837 326 -199 -843 -28 875 932 -651 737 -246 508 -701 -386 985 672 -41 149 236 175 -621 546 -208 568 78 -949 -952 -606 -25 881 78 -284 -418 -118 266 157 -252 241 -837 443 -557 639 -762 -387 429 350 350 -66 -265 -39 -701 -829 -646 -46 -462 351 237 -971 -314 -799 -35 901 -403 -26 -642 316 -238 483 -723 -86 
758 669 -105 -603 620 -475 453 575 816 -716 -534 -821 846 983 230 -365 289 -346 197 -857 642 -159 -790 -4 935 642 -677 -637 -851 -107 668 -377 -150 -258 -38 743 -22 -409 -180 -76 -355 687 -787 165 444 48 223 488 -85 768 118 -333 6 176 512 55 -107 514 800 314 -318 -664 -802 -35 -26 893 465 714 956 -343 764 951 183 634 -984 447 586 295 855 -694 314 455 386 -659 541 781 -880 -580 98 627 -391 87 746 -384 222 -480 -637 851 -963 170 
-831 -483 -115 -850 -949 -122 112 870 -857 -523 -943 773 -170 -799 450 -700 259 -163 -283 337 -193 588 776 -691 111 -238 -456 -502 363 961 -319 262 69 89 -210 -486 972 623 -698 -743 -597 941 274 -666 -162 727 -252 -683 162 -38 -368 -899 198 821 -463 -974 857 296 -911 -58 -368 -638 -935 272 -69 -147 366 -124 -295 -895 487 -74 826 -612 30 135 -367 293 -626 547 -741 -525 -458 -661 -665 554 -417 780 918 -151 -771 947 122 -113 -189 -349 -378 -267 -376 956 
-777 890 440 -858 -581 1 -386 -856 -754 404 -116 230 -326 -433 -863 156 576 187 478 -747 270 -655 -202 -445 620 398 250 640 -112 -882 864 -839 500 350 -575 646 97 908 195 283 145 116 835 -900 -806 -241 68 834 160 -326 -524 -957 -461 296 -699 148 -100 573 -426 795 -967 333 -780 -504 230 695 251 -779 16 -32 -377 -427 286 851 -887 988 645 -222 183 783 -52 -739 519 735 -912 987 -230 -388 925 189 746 -506 86 164 -575 -968 -877 -357 -398 561 
-808 65 932 195 902 -314 -865 281 609 -974 134 -770 128 -463 -340 -348 326 -462 -208 -71 515 796 -315 -237 769 -722 -23 242 -78 -339 184 784 -430 132 250 109 -9 264 772 407 -267 -851 -539 -407 267 -48 495 -246 613 -905 512 882 -306 -634 597 -670 -725 521 837 292 -471 -701 -124 -699 400 503 780 173 -87 599 862 -92 949 605 750 988 -787 116 -68 -831 350 62 -604 854 -128 817 -173 60 990 860 907 348 897 554 330 -816 157 -181 648 -441 
-131 498 -42 -316 722 687 215 682 -722 -344 -45 733 468 -945 916 -120 -429 671 248 955 576 -770 299 202 511 736 -296 766 408 -386 -176 843 -114 524 553 -74 -656 916 450 -641 -771 126 767 31 -838 602 123 617 679 397 799 -271 957 -274 -954 -561 -642 -577 -776 -175 -9 685 556 -885 -315 442 925 -936 -617 -216 696 836 -144 -198 219 378 61 -866 -915 -299 551 -325 727 -234 494 -780 -845 212 910 -141 -807 612 -741 39 843 -566 -964 44 395 -16 
519 582 -702 548 567 -446 566 -449 -68 -271 158 -317 115 -834 -899 855 45 -547 766 -961 892 227 -510 785 56 671 238 77 823 512 -233 -741 -8 -223 -45 -311 -734 302 87 -104 466 -408 847 -314 385 204 -713 -174 458 431 -285 -826 -941 425 -562 928 -627 808 57 277 -260 -901 722 550 -771 709 -335 -568 508 940 532 312 -661 924 149 974 -312 -739 -594 342 -115 769 -61 313 853 413 -289 -410 -667 501 -540 472 -290 670 -139 -361 -209 -361 -103 861 
137 -645 344 941 384 -550 -873 556 138 -704 -363 252 925 298 -763 -915 449 -924 764 -572 -866 -778 821 -351 948 -367 584 -580 419 -553 -267 760 562 -258 -457 -396 393 -30 321 -552 154 119 -65 781 -5 -23 519 845 599 234 -988 -665 -913 364 554 -670 -428 -708 169 -689 -406 311 -159 567 -403 -844 83 105 -958 -852 -397 -351 553 204 560 313 -21 -885 897 -273 898 545 722 -842 -996 -131 313 -915 -327 520 750 689 688 -721 136 391 650 -910 -278 456 
670 426 -217 -298 772 661 -924 780 -951 -229 505 480 453 -716 -198 346 -828 -455 -920 782 892 -357 182 660 -914 -700 193 637 -669 -859 -213 901 632 810 -212 356 -423 369 -629 -359 -58 888 978 -321 -774 -750 -586 336 429 -207 -924 802 -638 -318 800 -940 614 -223 -408 -962 -991 -955 -551 482 -438 453 707 -210 -25 69 -415 -578 899 448 -956 -558 892 -742 -314 -587 474 539 893 -246 880 -843 -179 162 -610 -77 -627 612 -798 -744 -253 448 -487 -652 128 -959 
-961 835 -942 -606 1 -491 -455 657 -865 -64 -451 517 656 759 834 477 -724 -444 637 -975 91 858 18 -274 -309 259 -52 706 -221 575 -149 741 926 -444 797 -33 195 621 -708 -741 -665 543 -340 840 -782 -592 784 -215 -891 975 102 165 31 290 -525 76 -422 -480 755 -891 102 -968 686 -766 590 -104 -370 879 309 -582 -292 759 -652 -566 438 -46 580 65 596 -911 -984 382 -428 440 -736 -94 770 -998 -139 -3 651 227 505 289 0 -719 155 668 -773 226 
383 437 -141 -477 611 -561 173 -288 350 -191 -763 -302 -741 774 663 446 673 -32 -711 542 -802 -934 404 339 622 -335 -582 886 -257 -722 551 799 -493 -346 584 -313 276 -154 456 -496 906 638 -580 -849 -538 -884 912 -388 -402 -410 161 -229 -909 285 -718 -937 942 -961 508 688 597 -691 -542 -463 -493 -169 451 -718 765 -392 346 572 937 789 -698 49 -15 -323 641 799 -984 -859 94 -974 897 -709 -86 330 820 -825 357 334 -269 966 -443 446 3 30 621 -675 
-270 462 47 438 -663 -604 571 -259 -399 -757 448 -333 536 271 -48 -359 -141 -91 -809 -894 994 -796 -174 742 962 254 1 754 848 225 -574 -560 912 656 925 -766 841 -46 -666 -460 -880 572 -953 882 621 507 572 -842 124 439 -144 -228 -24 -506 -892 582 -94 739 466 609 -753 -280 -103 -535 -573 387 223 -837 683 -42 -68 644 555 -645 -316 -916 -631 -480 401 -697 -296 -336 -106 -236 526 -531 983 -43 -999 -55 505 704 577 -372 967 -741 -189 230 -275 -213 
-705 27 456 989 44 347 116 -649 60 107 891 777 -913 131 417 462 278 -702 361 294 -973 -208 613 -846 649 362 601 -101 -875 413 -214 304 -788 312 259 587 -809 573 -71 752 733 340 -981 534 -545 497 263 106 689 -840 798 334 -636 131 -127 459 679 727 -152 249 -853 -927 -529 870 -796 180 -651 385 -355 960 411 301 -26 -813 -872 -21 -802 511 -190 162 286 -242 374 816 -302 -28 -726 -655 596 -673 -15 -989 652 668 -338 283 -723 438 289 -567 
-61 -598 911 613 787 193 -912 24 -94 -393 -735 -735 -381 -115 273 423 106 -156 -486 -325 -167 4 -349 273 -123 127 548 189 -555 265 -38 51 954 36 662 -725 966 -198 810 484 782 -975 219 145 429 -839 175 186 -442 -628 -196 891 386 -939 752 -823 -180 -838 122 812 523 752 -960 100 -757 -95 -555 233 -597 -288 -547 286 325 -458 -762 -429 110 233 -457 663 928 709 29 -242 378 746 529 -464 466 315 468 37 572 371 525 508 -964 -294 885 833 
-139 -936 944 441 788 472 -64 283 514 914 762 693 -624 -991 -487 517 -603 54 -549 668 -431 -248 886 762 -412 365 -687 792 457 21 782 -645 -115 -958 -278 273 746 456 -771 559 -292 -606 635 -148 344 939 709 770 -369 483 851 -278 446 -859 367 -348 -392 740 838 926 -596 -521 557 814 676 102 126 -759 503 -821 -675 -881 573 -823 -144 784 766 580 729 960 -219 -543 475 -909 -931 -752 166 948 -25 -375 60 -461 217 -291 698 289 164 745 145 892 
-510 545 118 497 396 -637 -497 -44 203 -928 -627 880 774 587 -591 592 309 -909 962 -537 -93 418 -545 -587 855 -550 -800 114 -440 -528 -650 891 422 -170 152 467 -658 -996 260 933 -809 -66 516 -797 -310 893 223 355 -211 -43 -714 169 -961 -106 -697 361 -548 915 -951 126 896 -911 -116 831 879 -619 -381 -619 63 -300 -66 -924 508 -662 280 -131 124 385 328 -455 223 225 540 916 292 -26 908 -401 -344 -516 576 -431 620 392 -966 6 -493 -253 -382 866 
-939 761 -17 -351 -850 472 763 728 -777 920 323 -468 279 -422 -501 -828 950 287 646 646 911 401 900 436 783 -998 -889 -493 -496 -115 -350 55 -841 661 -192 282 212 -770 -860 144 -493 -813 169 378 -283 641 571 558 -712 -348 -702 348 -204 452 524 996 -358 677 466 384 -627 -265 -822 53 -169 -48 748 139 225 -170 289 -279 -381 652 509 -20 66 -746 -638 704 396 312 243 -943 -839 -374 -870 -127 22 -392 -798 -532 405 -225 383 -398 -568 -566 414 -826 
99 4 -558 761 -942 -418 455 223 672 -227 -113 620 128 -772 621 763 658 958 823 -256 -49 39 -115 -110 -886 142 876 -256 773 357 883 821 55 328 -190 -41 -602 -346 606 -328 -556 319 -414 806 260 -222 -968 398 -640 612 -989 859 -796 520 811 525 -792 -848 517 -838 -639 919 -673 -982 297 823 -880 664 -799 169 460 -6 884 498 66 689 292 -155 -159 488 409 -259 924 -961 -95 578 692 971 -710 -473 -934 -924 345 -728 -688 771 -845 970 261 -277 
-303 -801 400 98 -97 789 606 -361 13 -194 -27 819 846 130 -490 -339 56 13 -715 210 -207 889 651 988 -80 -627 -716 -20 -732 -207 -759 406 -465 -631 275 580 -75 928 19 479 433 449 935 677 394 -348 -899 528 -834 -855 152 -128 39 696 -410 -155 -96 275 -687 -869 305 -358 795 50 -703 -789 332 -1000 -536 -551 -331 172 30 -252 -709 -651 -772 -177 -939 959 -551 797 536 -499 -798 -192 -854 568 86 -566 581 -748 -796 -63 -111 -807 992 -1000 152 -431 
-128 527 -276 657 75 448 70 774 146 335 873 812 -333 182 -560 -829 -547 -885 -510 -700 496 -485 -492 393 -130 803 -631 -459 526 -661 120 -467 -147 894 648 -910 -977 -178 -725 763 -274 -925 -462 199 796 -150 62 -307 893 -828 -51 -911 -296 -729 -374 -3 598 -953 373 765 -361 466 811 -997 -381 379 831 591 71 847 -285 783 908 -290 573 -194 -287 -98 -47 806 500 969 -965 -315 -528 913 880 162 942 310 999 -122 -750 747 863 -757 681 -923 69 542 
-3 -992 665 52 842 524 150 5 789 -619 -946 -792 809 614 81 -24 554 -561 -120 39 249 -495 220 843 -562 14 356 -467 743 -165 316 344 84 854 -611 -18 710 -102 -861 937 -989 813 567 -25 78 81 869 -635 441 -727 514 -786 121 752 -432 -946 -254 170 -659 521 256 901 44 -368 -76 977 268 -471 589 789 573 -765 -645 579 -139 960 -423 -202 456 343 203 -844 -164 -988 -407 -286 -215 -420 -313 300 -816 259 273 612 105 -770 -331 -73 -910 -114 
864 855 618 -642 -538 -286 -784 -254 -59 832 652 264 -402 -282 441 553 465 345 102 -658 257 191 79 -786 212 -366 918 920 -901 835 381 -816 950 108 255 -280 -425 572 547 25 -965 944 462 -912 -573 -927 361 521 158 330 231 219 -980 -473 -799 610 643 -573 51 -738 -753 -398 -590 -433 718 843 203 450 -171 -154 868 -14 745 -559 697 -800 -931 -403 -105 503 770 887 804 -213 398 606 -372 532 408 -489 896 325 -502 -497 865 -590 -327 150 -629 -344 
-559 -437 601 -397 313 -70 337 795 -932 629 188 676 -698 -26 -248 191 647 934 480 868 -719 -289 390 -245 -273 -252 759 334 -822 707 -829 -445 794 -390 928 -775 386 -884 -499 -871 347 13 44 -173 436 -227 203 525 -372 -297 19 472 -869 673 -464 876 370 -87 723 277 990 -845 -264 853 992 -261 687 593 -92 -195 490 -168 830 638 47 -470 294 -326 -205 -582 142 -642 829 -171 -779 125 953 -322 282 -152 659 374 -60 -422 679 -640 969 -163 -555 716 
