-742 -577 529 284 -72 577 -660 921 531 -43 -930 893 -831 -112 950 -819 943 -873 236 424 687 -684 151 53 -970 -598 -423 221 809 -289 -419 -404 139 -38 -942 -950 824 415 -333 326 -360 -732 -109 72 166 30 -593 208 79 209 -742 -180 5 -483 816 -179 864 -331 -175 -245 390 -773 -950 -724 661 -781 842 535 525 -137 290 525 451 223 -412 -496 170 -289 -535 -597 -467 -737 198 -189 256 956 415 -366 -362 -648 787 -831 174 -456 -33 -404 -645 -314 -637 -890 
-915 986 16 109 -390 -541 -558 -535 -410 -320 -15 313 293 593 -315 918 -36 882 186 -699 -434 -742 -650 -1000 -933 -654 133 -811 780 -258 -684 113 939 -425 -42 -439 -887 -416 -56 -366 -79 -641 255 182 -691 -153 -888 -377 -665 -833 -78 -406 31 -597 145 436 -656 361 369 -986 -488 -624 157 310 -432 872 713 952 992 604 -683 633 511 -379 228 624 808 -136 -221 -863 199 68 417 10 467 -153 -416 -135 212 545 589 -501 -221 198 572 846 103 484 18 510 
-785 -406 32 -72 -629 889 204 37 -777 -137 -537 399 561 -678 923 316 -293 -113 791 230 -487 -18 286 725 -7 112 -991 -396 962 322 804 184 -661 458 -442 554 288 526 -109 -700 664 -972 601 321 422 -857 739 -502 -389 -522 -168 477 21 -124 146 -720 -493 332 581 -731 295 -698 933 -431 -384 101 -449 -179 -39 586 -495 872 -324 529 788 980 -450 -17 883 -990 -185 286 515 -881 153 -16 526 121 -164 -541 582 624 -881 -679 573 526 353 -951 -319 -25 
-693 -326 -112 422 -527 -687 -637 621 204 -296 48 287 -92 -446 -955 522 940 -652 982 -139 -315 149 -147 -370 939 -395 709 959 -307 -360 -127 791 782 -512 251 -417 672 659 -366 137 -1000 -508 592 537 -981 -158 857 365 284 -503 -693 -624 -268 -480 -56 -723 -870 -901 -823 997 -129 918 591 -971 -621 -120 620 268 -437 -925 454 826 -721 -149 -385 -636 870 701 -166 -344 -333 -905 -309 258 -164 120 659 850 -78 990 -159 -517 905 195 -852 -470 -269 -847 887 -489 
946 850 21 778 223 724 -991 895 771 158 45 895 153 -753 920 213 -221 -786 114 391 -188 710 -601 195 -698 309 -239 -68 106 -104 30 -994 968 573 352 403 -547 -338 -135 291 -545 -719 -687 399 374 963 347 392 84 117 -634 -586 751 -605 880 462 -214 -713 949 -137 -104 263 134 926 761 344 -341 683 428 578 575 -809 396 496 619 555 -365 264 572 736 -104 -51 310 945 -260 -896 -338 -357 -110 686 -386 -947 66 768 -32 -701 348 610 108 422 
-164 -589 -994 -419 124 634 511 -828 -635 57 -57 -842 -322 -661 16 -168 100 203 -234 836 -986 96 -460 874 -466 -375 189 644 -733 -858 293 -858 96 -395 -811 553 75 473 -11 982 -196 -568 139 -139 -452 -896 -34 627 63 -606 -342 137 -176 -263 409 -913 -27 -154 762 -54 -111 9 47 -878 -160 17 -997 -941 517 -198 524 52 289 -362 -698 -248 445 40 -466 -447 -679 -733 -411 870 915 616 473 902 825 519 -838 -63 -913 156 549 -151 -9 484 -720 -815 
-732 379 -793 -82 976 -448 907 -397 -12 125 -933 -179 5 -487 -658 563 -791 -666 74 -475 419 522 -8 389 -40 248 201 583 -704 226 745 -734 -580 -181 765 -292 166 88 850 -602 -910 801 -456 -627 -292 -985 -366 123 976 -921 775 831 -248 709 556 -268 432 -856 545 -491 609 -424 28 -135 -272 -520 874 391 730 -277 37 -273 835 -772 -70 246 -460 -33 -784 -37 383 566 -634 -814 544 -311 88 172 78 -765 420 -349 -621 763 -995 278 272 -416 641 -640 
60 -753 -176 316 -754 4 -566 -163 -713 406 -909 -651 -9 634 -663 -10 711 -127 -370 932 -228 -675 -274 793 205 -174 -795 -480 207 -756 -339 866 303 -191 -993 857 687 -173 -357 721 566 -607 -17 692 -106 574 949 -420 336 208 313 -646 -56 -824 737 -639 -277 238 307 -29 867 194 577 886 -664 815 197 -771 -522 -403 710 -280 -598 -264 464 388 949 -667 441 302 981 845 696 -892 -69 837 127 -74 -137 443 -944 967 296 -817 68 -677 -163 354 -579 -94 
-506 712 -248 -882 -123 408 -841 -339 725 -14 833 295 -862 -744 -334 -378 540 226 -776 -863 -689 -984 -685 -738 -177 360 279 373 -740 368 945 -544 -630 140 -110 -243 887 -506 902 729 -169 246 193 -358 -544 -665 -974 795 -487 715 614 837 -820 514 -995 -61 -3 -615 -101 628 121 853 -542 -29 -370 438 138 703 -395 -64 801 -887 -982 -772 -238 -615 134 925 421 169 -141 -256 908 187 23 519 962 -835 725 228 836 31 -854 -303 -593 -766 -356 291 -327 69 
813 45 -238 526 -15 327 -428 -946 -252 247 266 -847 -749 -559 843 -18 -92 -263 774 402 -279 -94 26 71 -839 517 871 80 697 941 -216 -508 -583 58 717 504 -529 752 964 790 -541 698 883 -135 491 216 635 304 302 -141 -724 -743 145 -764 220 15 247 -159 363 764 88 -405 605 338 -563 -851 133 986 -785 979 311 -371 -200 800 535 352 -800 634 73 -351 859 -554 -27 -11 -860 -35 -543 -771 901 -306 545 -301 -226 -331 -208 235 -976 -187 -556 223 
827 399 556 -462 -377 27 -501 42 -306 263 856 1000 380 -705 -253 -394 371 -84 -562 278 986 -475 -270 -298 653 412 965 53 49 -201 -454 261 511 967 871 125 -87 832 629 -75 990 -176 -325 388 337 588 354 856 -59 771 -299 762 730 943 -445 -606 -469 779 961 -578 950 10 -972 -34 786 412 -601 391 -57 -723 -801 982 906 -340 -816 -897 -901 271 -140 928 101 994 -119 807 431 599 47 454 936 215 -879 -947 -120 20 168 -739 226 -658 -262 -42 
-314 -666 382 217 103 638 -530 -577 551 587 -672 -331 -698 181 -932 -978 514 731 645 100 664 563 -84 682 75 881 -726 -410 -938 462 572 800 773 10 699 -285 644 831 18 -528 682 171 528 555 -157 136 -63 -83 64 716 229 329 -416 739 81 -179 30 -710 -757 -209 -2 804 -910 -482 459 204 704 930 630 219 -468 295 -499 224 678 -323 -740 911 -714 508 -862 964 -151 84 706 715 306 670 560 22 502 908 703 958 869 758 -730 480 853 346 
-568 531 -300 780 -997 -913 -861 688 217 -437 694 -919 459 -85 100 339 403 -251 -972 767 973 -754 128 -900 -108 912 -81 -457 -636 401 -551 -108 590 -371 -181 -860 -888 -30 -786 -572 349 235 175 356 254 548 -604 566 -996 -359 103 554 709 206 788 -864 728 911 -493 76 -509 -165 769 -942 -952 736 -113 -948 -243 548 375 -874 -511 -398 -793 618 781 -107 829 -894 -377 419 458 -90 766 90 147 714 -964 -595 -797 926 -133 96 -872 -69 550 -769 545 666 
412 -410 -277 663 734 -234 -204 -438 -429 -681 368 -836 901 45 -943 -6 -553 -535 152 -65 472 619 -504 -790 685 -921 -970 -769 278 -850 -899 68 -818 720 120 691 112 -561 -291 985 31 -386 858 582 -534 -514 325 699 -226 -988 385 -839 -462 843 -698 -326 -71 -237 -909 -383 213 -459 226 64 288 241 524 930 973 -314 -273 -839 309 -39 438 313 569 -655 -755 939 685 716 190 -993 -243 -83 730 372 -681 101 947 967 -405 -132 -664 -260 -704 60 65 -775 
79 -527 205 263 -418 -562 864 59 512 -725 -399 797 -631 864 986 -566 320 48 -414 132 397 727 -315 548 701 768 -526 905 137 175 193 458 616 -921 560 1000 -333 -608 414 -35 -124 -2 -929 -708 -883 335 -394 632 588 110 -910 861 -147 -439 976 -34 -60 556 -953 904 -753 -713 -428 -63 -451 737 -153 -762 397 -605 146 926 -572 -89 -154 -792 313 597 373 650 -217 -40 -544 -110 -559 -736 -492 873 -417 -935 -420 -1 125 908 246 318 -934 -486 -477 917 
-283 861 -519 878 405 805 221 472 -358 836 -499 -400 895 -509 -614 -126 -365 -577 545 -210 -229 126 -705 -295 -509 -985 -718 401 438 -43 -53 661 793 -219 -684 262 -802 965 379 128 599 502 -691 252 0 517 -80 430 -355 -764 -295 223 437 568 333 -171 -388 676 -52 -208 960 131 719 903 -384 -106 912 -878 617 -412 339 977 276 425 -981 -697 576 -258 706 -684 -223 751 -957 717 -791 -581 -92 763 -127 -163 29 946 796 -813 -877 -443 227 966 -358 -314 
-159 223 693 -455 -902 -990 -811 -404 774 -438 922 537 -130 846 555 -582 -346 357 -723 672 -388 -43 865 530 -836 609 234 496 627 -309 242 565 -559 427 -625 -522 320 -185 -183 -362 671 459 543 -382 903 -851 950 -108 312 -14 -917 328 -27 343 785 -729 -162 806 -295 90 820 608 -461 -469 797 998 -9 658 -656 -985 -924 578 763 -836 -263 -939 -792 -139 684 67 -608 453 -37 -360 152 588 512 -886 -572 614 103 -451 660 584 215 470 293 189 219 -48 
-934 328 -497 723 -86 944 -971 835 997 -455 -566 -825 987 -345 292 -419 53 884 -906 154 489 990 818 872 961 625 821 -492 928 359 419 -996 -781 -850 -868 -906 -268 -345 -313 839 246 300 967 336 -577 784 1 -383 386 610 -699 -197 921 -464 -988 2 612 -476 40 -60 705 964 105 -83 265 763 -364 -890 54 -64 -660 149 -555 837 -427 -695 -607 -445 609 82 296 571 -596 626 26 -951 609 279 197 -85 -592 566 100 33 830 -819 -804 128 802 -910 
-293 -911 109 606 242 -973 -809 -509 368 -479 513 432 205 -792 -887 329 -27 347 679 -715 -292 -109 -846 784 -665 819 353 -709 -141 524 755 552 42 -693 -25 -230 355 -936 883 594 -700 799 -768 488 -298 -121 -301 880 -296 692 -323 -96 983 -379 -207 475 661 709 398 823 -230 -365 898 -680 -500 -323 317 385 672 311 588 -386 -427 -426 -808 -638 -231 793 -289 30 866 915 952 536 -18 710 -673 -508 777 -565 171 -435 -956 424 967 -605 -817 -74 257 -739 
515 -328 244 -454 -156 -864 -211 -479 -666 -863 -138 -39 432 -959 -956 -165 107 -783 752 413 -879 527 497 336 637 -101 169 -752 -259 230 926 921 440 726 931 371 70 756 -130 737 -274 -364 -391 280 -897 -588 426 984 -211 757 -674 -392 -720 381 -301 376 998 578 259 309 99 408 -554 735 213 155 -763 -845 -732 176 383 -69 44 229 34 745 737 90 -48 -31 -544 -338 596 -273 1000 -847 690 -737 77 420 -581 -994 823 -650 48 -791 -102 94 954 -474 
623 379 32 381 845 -326 -27 667 230 -289 -762 568 981 730 664 702 -728 439 -502 337 321 912 559 632 671 -137 -532 -25 948 696 99 126 786 928 491 585 590 -855 -540 -804 -404 -575 -851 -30 774 305 828 179 -200 -930 522 786 -392 811 -164 234 234 -906 825 -798 -479 526 869 485 210 530 -888 -259 166 -151 -54 -700 461 -373 254 -674 -975 -560 322 -75 209 -801 263 -158 -75 -344 92 497 605 -133 -773 -773 456 -94 -357 -357 -534 -301 688 -277 
348 988 449 995 -988 -34 -951 -153 -803 53 -186 -40 -184 558 655 -235 -413 -483 200 -971 -178 49 -560 297 46 -941 513 548 703 680 -648 -20 -760 768 892 67 771 724 -844 428 123 280 442 -814 566 754 873 -754 -744 695 -307 -267 688 -898 -834 -901 -593 -676 -696 721 331 480 -156 -864 686 -844 -398 359 -947 -320 -43 -995 286 190 -818 -383 821 780 446 -710 280 -994 -774 824 -522 274 333 488 -451 -430 702 -515 923 696 -750 340 -760 -646 -632 158 
-983 -267 79 -721 -357 -616 522 -731 -858 922 699 575 -694 -732 -308 260 598 -570 -606 -440 336 917 -725 -115 707 793 439 271 -26 585 -842 20 -617 -881 -400 -15 -353 734 -151 367 310 -656 -591 715 484 -813 473 -775 -917 23 -476 349 672 406 329 780 -1 166 -978 -921 59 130 -37 -224 507 522 -195 -624 248 219 -14 -655 501 1 -256 -991 -706 543 -57 353 711 698 -371 -778 -166 -741 958 -989 656 343 -458 640 -228 -305 992 -135 -400 -842 -935 282 
88 349 -543 -688 599 469 -897 573 -908 -612 -30 -891 -121 148 759 915 880 677 -367 -108 370 -85 496 690 -12 279 -607 842 -843 -751 -694 5 900 500 23 802 -918 -66 -223 -325 -892 -117 695 905 -150 538 496 555 807 602 -629 -745 807 -75 555 188 -972 -520 761 -357 943 179 335 -487 282 -387 -434 468 369 -633 668 -905 419 -69 452 709 -428 -604 -613 -381 -421 -691 824 630 398 593 -601 927 -331 -232 798 -34 -112 -936 118 127 -225 810 -678 -808 
227 -20 -586 -88 -758 -110 414 -899 564 -949 217 -713 556 -557 -42 -262 -233 601 -363 109 203 -989 834 643 264 381 423 -37 -226 -319 -937 -150 301 145 -501 -336 46 -306 581 -994 376 -420 -68 -235 -226 -47 -241 515 229 -868 808 -132 -849 564 -834 241 -750 -568 -192 604 230 -73 -532 609 -421 957 251 -658 -48 -786 -723 357 -328 206 585 -118 -132 -819 -521 -872 428 572 -392 -25 905 971 -444 -373 543 688 41 -347 -578 -405 870 -655 -892 -336 0 -812 
808 -952 -722 1000 847 635 -524 -364 575 -820 -566 -939 446 871 -153 46 364 623 439 -741 -117 813 851 829 -146 -169 -410 109 674 -119 -654 903 428 -801 807 -886 -432 -749 94 -125 446 938 14 -770 -679 -834 -901 -516 -781 222 -585 -41 -329 345 687 -844 709 -237 336 879 -167 -79 737 -707 595 -299 -273 -981 -744 542 204 -13 87 -580 -14 189 336 180 -105 699 -709 -887 -846 931 975 954 -144 468 650 112 248 381 -45 685 168 503 -557 -80 775 -948 
706 -581 -708 999 417 320 993 108 -761 879 -626 -596 695 -714 -597 9 778 -987 -459 773 -473 48 4 -602 766 -922 -737 85 -382 319 740 612 810 117 -880 579 538 -678 -287 -829 -971 756 -947 -66 -178 199 -606 849 241 232 -308 57 484 905 -706 -84 -893 455 629 154 494 863 613 450 -491 246 515 -668 169 879 -665 819 575 799 221 201 -98 -704 909 -220 -101 616 -352 -251 86 -918 -421 529 -774 516 281 583 193 -500 -398 -640 -274 -714 892 -707 
-283 788 -129 739 329 17 162 23 118 824 695 229 -108 645 -31 -688 -338 603 880 988 158 -337 946 991 -516 -905 -636 492 89 -922 -310 878 216 509 204 -329 800 -28 -45 -204 -699 117 -14 -469 75 912 962 -530 -183 -119 -235 435 122 779 13 210 -758 -233 -881 -845 -904 -986 776 407 -769 -1000 895 475 -323 -710 990 -735 631 -834 -868 -795 -212 207 806 -545 -882 462 760 573 257 162 -941 994 301 455 246 88 -883 30 531 -924 190 430 -299 102 
804 -92 -902 846 -194 -781 -199 975 -33 929 -413 -521 113 620 -78 -155 32 70 -129 -107 134 934 380 197 -125 687 -859 -95 -564 -773 553 -69 95 -31 439 136 291 703 -724 -233 -832 918 901 -226 -698 192 159 388 -201 -590 -898 925 -564 -30 -409 -769 972 -284 -663 -460 70 -679 389 -35 696 244 604 -121 -74 202 177 256 885 -63 309 279 -982 -740 468 95 365 450 641 625 942 507 583 359 -475 787 -778 341 334 221 -164 -562 815 -997 -727 907 
669 321 -42 81 -170 -577 -533 -505 -454 -302 178 -69 830 131 206 361 -565 976 405 -790 -764 308 -439 56 740 -753 -477 -768 -180 -662 565 -788 262 -221 665 -790 -966 -735 753 389 28 544 -275 942 112 -87 227 -509 -419 -375 742 -500 -490 9 -814 -916 497 819 941 -728 42 173 58 -397 702 -883 300 921 72 637 -874 -189 185 -229 627 871 -702 -518 844 -806 -996 -487 -96 70 -39 139 927 727 693 248 -761 -458 804 299 -278 -951 -297 -849 -137 338 
710 71 -271 -388 726 -82 -60 238 -913 -188 44 457 -542 -830 159 -438 -537 312 -979 261 39 -318 -266 406 426 642 -382 252 72 -749 -310 -607 -694 443 -71 165 -121 -457 994 890 830 799 932 754 -611 -33 -101 367 -414 169 321 -77 149 54 431 -569 424 -719 397 -351 640 -92 244 536 303 618 -500 391 -665 -947 -106 -395 696 -813 641 911 -622 300 -850 740 613 316 768 363 -853 926 -508 611 -921 -757 67 -655 -910 -334 -429 257 -627 -823 681 92 
-545 45 -760 425 487 168 -956 274 85 417 350 451 724 55 -924 712 823 719 293 -242 887 -267 -515 -8 -18 -277 559 675 325 158 652 -249 543 488 -101 908 728 718 132 -24 639 -384 796 -921 -817 -367 928 -688 507 -206 709 -910 573 -319 542 767 892 645 -127 508 -40 -785 793 243 658 -126 -818 566 -263 996 -258 -244 712 336 -500 -99 374 -472 175 -91 312 483 -881 499 152 -193 -292 -638 192 -385 -285 -768 -677 -922 -763 -369 -958 -974 -278 -821 
-408 998 655 -649 -195 -935 705 -292 -177 -837 -567 -379 193 -170 -411 -568 -561 809 -375 -456 434 631 635 452 288 516 987 -758 -112 -546 -498 514 -254 500 673 973 -750 21 -426 -476 -185 -369 650 -234 216 -514 -873 762 66 -794 -979 351 -180 -207 -529 -780 -538 156 883 11 -931 281 -203 437 109 900 593 -316 917 -550 -826 -743 -786 660 -927 -851 875 411 -43 391 227 761 500 395 -12 -694 375 -536 -792 -756 148 -233 608 -893 -237 -365 166 357 -646 -146 
-110 583 975 -813 505 -844 -996 -568 949 -560 573 -358 96 -254 54 -18 342 676 651 -527 -735 189 -240 309 -502 -908 -182 -899 623 -55 145 -626 -548 -494 -726 -369 -186 -576 43 -258 -912 644 897 110 22 -25 424 377 473 806 602 -877 261 675 93 -962 -772 632 160 358 -79 -413 -851 251 255 47 246 -370 318 -44 -514 -131 53 -944 87 -970 521 137 623 -386 714 914 -24 569 -339 -656 -435 905 -907 -975 290 -866 -810 -857 714 555 398 -890 -472 107 
811 -708 50 675 88 582 332 196 391 608 601 518 597 544 231 541 -796 -762 171 -201 1 -903 489 -21 -486 217 439 711 301 -306 -251 -987 503 744 -775 -568 -168 -569 -128 903 -848 -85 670 -425 93 -644 -610 -90 -156 -974 -229 -436 686 748 -711 891 -397 -33 -563 236 75 -62 -746 -867 129 211 -417 575 -9 -762 505 -831 -1000 922 -762 -526 934 -431 856 805 -66 776 14 -721 -195 -750 243 623 67 858 357 -251 420 890 70 -469 -316 614 66 704 
767 -105 -883 18 431 -603 -677 -95 515 -239 -419 -162 -728 -117 -814 -214 -742 653 179 989 -770 -231 537 735 -137 -243 -292 554 647 274 961 830 15 -244 -871 -548 792 -399 562 -689 -789 -784 -539 -801 958 701 -757 -585 214 935 -70 -495 709 831 -661 202 339 520 571 -366 -25 -424 -442 -307 -211 745 -240 -591 -281 109 353 -116 491 -631 595 -718 456 627 52 -842 830 -965 -711 39 -236 -54 771 403 -807 -570 -891 -493 -104 -788 -349 -94 -50 -259 582 667 
469 -839 627 -384 631 826 998 812 -636 -140 335 687 -950 -292 -545 -543 740 -919 -436 -260 41 579 950 -85 862 -922 462 -230 -227 393 744 -293 887 -316 24 739 682 -326 569 745 729 4 235 -989 96 698 -37 847 717 681 957 -320 584 598 -854 -560 -586 751 180 -189 733 162 -309 -327 58 827 -772 -259 44 462 547 202 368 -643 -158 368 -785 -427 -549 807 57 554 674 451 621 793 -20 -574 -253 -483 248 -130 223 -688 305 -729 -890 -665 691 736 
957 -599 217 499 329 -335 823 420 -930 197 546 496 -681 -487 831 -909 561 529 961 -238 -785 709 -842 -395 422 120 -519 -801 -820 -902 -383 -742 560 -299 -163 956 546 582 980 -421 652 248 941 -583 -132 599 752 650 -984 -598 -522 -40 612 864 -919 350 980 -61 687 975 -813 9 -932 308 -126 306 -684 -224 826 514 -409 616 907 -336 -520 -272 -88 -313 -117 788 745 -531 -757 -504 220 762 149 -270 -43 487 -554 743 -355 630 413 -732 -685 682 464 -141 
213 209 302 -312 730 -569 -593 -508 -308 -22 992 -110 90 -602 -955 -853 -396 423 -370 182 653 224 121 -356 -880 -854 42 862 461 874 -254 132 347 331 584 808 750 -308 -127 -878 -267 -176 -69 823 -517 68 923 -633 151 358 -400 998 452 -506 156 -518 613 1 246 964 777 -811 397 358 -339 -446 180 186 986 -23 -292 813 -124 -753 768 -498 279 -877 -159 -654 126 -874 -228 108 242 96 108 75 -628 636 -889 133 -173 -546 940 -397 -719 -699 -246 -349 
-945 825 468 803 -424 -229 968 -384 87 616 311 -976 137 77 878 811 297 648 -147 501 453 -158 795 917 653 218 916 925 851 -284 -15 992 16 358 -309 65 -237 108 140 191 722 841 -36 822 254 -593 -423 598 10 -97 -917 -730 735 -513 60 327 27 -98 918 14 -428 420 51 -419 292 278 943 987 628 -497 -333 -235 -438 617 -508 488 -242 736 975 447 642 -942 523 968 970 -111 -564 67 677 -652 467 -464 726 260 -657 729 988 -469 333 -491 
-550 104 -754 -513 827 123 158 -10 881 -263 48 438 666 194 143 493 348 672 -481 884 -375 931 -588 844 562 179 -509 -395 418 -867 -339 -589 475 -924 79 -662 991 -406 -669 214 551 628 250 22 92 831 -438 852 608 526 162 -453 784 355 706 -122 -279 63 -971 -111 -520 73 -765 -160 -785 -536 -195 -47 -471 -364 839 -88 -251 701 267 -997 -32 -368 507 -839 -687 942 -474 -775 995 764 666 851 639 -620 -592 607 -189 -641 -148 248 80 -680 99 925 
969 692 136 918 831 11 323 -828 -52 683 241 -502 -386 -431 -440 11 -121 666 776 -216 -502 899 282 484 971 -154 -281 83 54 161 575 76 614 245 -833 -347 -719 -417 75 435 196 -448 -684 87 -762 -219 -249 480 10 619 -212 -113 911 -686 -734 714 860 -35 747 223 3 787 -788 -385 -686 396 525 -995 -728 -929 103 637 -738 -509 242 219 -618 161 194 378 111 -722 -494 -871 -314 933 860 664 12 -983 -632 189 37 -122 -7 -262 -741 293 -302 70 
-511 -91 991 561 -382 -929 198 109 -780 94 -937 -483 -498 -327 661 -737 -702 914 -870 252 150 -604 -667 65 -524 -429 847 635 -105 -550 -394 360 183 195 -722 -575 -155 357 -232 753 985 652 -458 -831 -274 670 792 762 899 -643 824 -697 95 513 -844 -570 500 -540 -597 -919 311 -12 -60 -668 964 209 786 -242 440 -912 -434 -985 192 -372 -493 29 133 -32 -169 732 -788 716 744 24 389 -343 -358 796 566 554 929 -742 -752 -886 -294 -36 704 -566 954 -492 
-157 885 817 -143 252 178 -324 593 8 -259 16 521 582 -452 -64 480 403 -215 -478 282 564 -779 367 -580 263 349 602 -88 173 863 -132 -155 -645 824 -884 520 457 982 -770 -183 988 -771 230 985 -113 381 307 -828 269 -251 -655 -809 -761 -135 433 -939 -274 367 280 572 -618 325 -152 -927 -466 -707 -690 -65 -908 -216 -664 454 -581 -859 764 868 -516 -889 -837 689 651 -650 607 -163 65 718 -847 759 -786 307 -739 4 -24 -451 -285 -891 -333 -239 -539 13 
703 731 -152 820 -484 734 -50 -779 287 90 -696 302 -720 350 -881 -100 -239 126 549 -222 -359 -734 397 55 180 914 202 503 885 -605 -513 -197 903 235 -104 -286 334 -437 465 797 730 438 732 987 -650 444 711 -562 -434 -486 -304 483 -571 -542 -18 979 712 -1000 310 -619 -321 612 783 -639 -805 -254 -727 -256 -325 68 -932 -929 -758 654 438 170 799 674 909 652 -482 772 -547 584 -662 -954 -575 -434 112 939 -672 -149 -134 151 -278 -913 805 212 -345 -662 
-457 245 -445 -863 -499 -300 -832 887 367 972 954 -127 -490 407 -122 -465 -647 472 389 373 602 321 -552 -899 -53 950 -730 -206 86 -612 -332 -767 -870 -295 341 277 -578 532 863 309 -839 -462 -560 -544 139 -700 -19 -710 -83 276 678 -752 767 640 12 721 413 -723 -987 -369 -962 -39 -80 787 418 -795 407 740 -410 -191 -624 -334 -460 -417 -959 408 85 -634 -27 732 371 -899 -742 -309 -347 465 -281 24 497 -407 414 366 719 -55 -130 803 -624 983 888 -369 
-457 -416 -859 -901 -499 -122 -181 197 -362 80 577 -198 519 413 273 -586 166 443 652 354 330 -300 -724 -726 -313 390 -71 -902 965 -226 660 -886 373 -561 -352 -27 -155 -575 -3 467 574 373 23 -495 378 -489 -249 -79 701 148 -431 469 -5 -156 -320 16 782 703 -793 872 213 653 -931 250 449 -994 -439 -442 -145 531 -875 -716 -57 144 -942 803 492 -180 428 400 -499 -49 692 79 266 -725 498 69 -511 -633 -390 790 -624 238 -687 84 223 201 905 187 
-927 -398 -673 -911 744 -831 497 221 -641 146 109 -197 -540 988 -885 -277 201 -90 -966 -507 115 941 -129 -141 530 353 637 765 -266 -974 -644 -778 214 -408 282 -711 265 -349 -942 407 -38 -920 -129 -634 229 -353 -734 146 -997 154 220 -936 442 947 578 -781 -310 -655 -818 603 -242 831 -638 -433 106 -421 70 -599 391 -675 -585 309 -295 -933 -153 -493 -95 -657 -100 -251 595 -206 -649 77 49 461 833 -984 816 -344 259 -200 350 205 755 -470 438 -841 785 -98 
869 -648 529 -86 -123 437 245 886 422 -699 713 -428 408 -936 751 21 698 504 -69 -303 -472 122 -793 290 550 1 71 -792 -722 752 831 607 115 -894 483 -644 -845 -98 935 651 165 -448 -533 -912 -936 -639 544 238 -660 -277 -92 676 -406 590 45 -760 -381 -70 -16 -455 770 262 649 -998 323 -206 32 982 118 -407 -417 -833 -283 -287 -847 -605 902 -180 -122 -763 -786 449 -924 -954 -978 591 91 206 535 651 -867 340 699 884 -711 226 559 620 442 639 
-861 -817 381 -424 198 -122 974 -788 -536 -220 327 -638 607 921 -664 828 972 -215 665 -592 -185 594 662 -811 810 169 -69 454 -22 626 -768 260 974 741 -392 486 -294 439 104 575 785 -554 210 804 -852 830 348 181 484 721 -861 680 -444 484 -578 379 -61 -313 -56 167 580 -904 -650 889 852 6 -666 675 -489 742 15 129 -957 -995 609 653 -232 72 -546 -108 298 -71 -153 592 807 157 484 772 -670 993 85 442 168 -823 738 -587 367 911 -300 -999 
490 1 441 316 12 714 -549 977 761 759 -304 197 287 -890 -370 438 -268 450 -228 285 -320 -740 844 -863 441 -376 -229 -877 482 -222 994 -497 -12 786 -355 186 -49 -643 69 161 -942 -889 -866 -954 399 967 723 -32 -824 -613 -596 879 -25 587 -891 -692 95 -320 -590 -997 978 -403 -327 -423 -989 299 447 -761 932 48 -689 79 -401 66 -958 -755 -125 821 861 160 10 -901 348 176 -156 137 -652 -884 661 968 509 -688 -848 -890 -367 893 -892 -104 347 -644 
-493 594 544 -194 -180 -681 365 -27 -192 415 -567 -396 788 725 -14 19 620 -925 337 -182 400 262 -862 847 767 -153 -980 -283 -638 725 262 -290 -633 -210 456 -485 463 683 -576 376 -247 -126 859 450 -321 678 -404 226 -423 -135 -816 -149 533 713 -905 841 -616 -212 648 108 -178 -608 -965 606 132 -963 7 -844 824 966 -420 -40 359 231 947 765 -534 585 -199 -568 -429 208 584 -665 -664 265 501 -69 -797 630 792 -446 -943 669 -282 798 682 -254 -55 -76 
-802 -244 -783 24 150 167 431 685 229 -389 -854 -550 -461 -942 138 717 -341 297 -327 -250 853 148 962 -374 -157 485 -109 -474 -187 3 141 -939 -933 406 658 554 -381 -86 980 112 -407 455 694 -867 -454 -196 548 -471 -78 887 503 -985 -606 -358 394 234 -439 372 88 566 979 -547 885 596 802 504 -831 -237 511 -92 -415 -995 -616 766 -295 559 726 412 -361 275 571 310 -203 -352 -131 -994 827 501 -854 772 -921 854 187 -288 504 -215 740 129 987 964 
683 168 87 -85 -639 -412 -466 705 277 485 756 843 875 -376 459 214 -997 -542 897 -325 981 -615 -167 519 -162 489 669 735 -830 -530 -170 449 172 -506 503 399 734 386 -419 497 647 773 268 -890 -658 383 -605 -567 -28 -447 776 -693 489 531 936 -805 -800 708 -204 -582 871 -181 162 -71 284 826 80 -603 997 450 417 559 27 -516 510 442 125 0 999 65 -739 -57 556 282 636 561 -26 -891 -594 610 722 -112 52 -71 -954 246 189 -881 -766 -532 
514 192 -171 -994 -560 -429 339 -87 -269 555 210 669 -371 584 396 708 874 -820 753 -718 892 224 105 822 -366 886 630 -874 589 121 14 354 730 -921 623 -998 -958 322 -831 659 -818 -670 682 826 290 -709 -791 -333 -774 486 412 862 -31 12 699 -441 -54 19 -991 924 171 -200 623 -978 -747 855 280 -812 653 -650 741 306 -112 -285 -915 -661 162 293 462 833 759 400 -320 253 -688 -300 800 -358 -674 -438 -497 -797 -433 844 751 -621 154 -428 149 327 
625 -523 -990 -77 375 -231 253 -591 -383 860 -19 648 -642 112 -973 -157 197 -737 313 300 -845 -201 806 -127 949 -673 970 518 -35 -756 945 -968 552 914 85 -268 669 322 910 724 -330 402 -379 585 299 660 352 416 480 641 466 927 619 841 -952 -924 -707 -218 26 -200 -654 368 825 -528 85 -618 -513 -750 767 148 621 -52 -647 -902 -277 639 903 825 -152 -132 863 -346 -393 941 -909 734 -55 952 -327 -146 215 504 76 -167 -181 682 910 97 -42 837 
623 458 759 861 -891 668 -417 156 29 266 605 -390 206 -774 846 -458 -754 419 -535 -293 803 422 -232 452 494 -445 130 -716 336 -94 611 -378 937 -485 -26 -218 -697 -701 -261 -942 968 377 -359 670 -334 67 939 -125 -502 -99 669 219 -507 -957 740 662 -998 304 -788 459 792 110 605 -891 -947 181 -257 457 -65 -268 -4 949 643 758 -260 -905 783 -495 -284 -515 -668 827 -63 164 -259 -647 -269 -33 -738 813 -35 -137 836 -416 -181 462 778 56 888 530 
-91 -334 263 -811 -401 -760 -897 632 620 -728 -383 589 -310 981 -199 136 -880 654 -368 -708 144 98 286 -234 -112 141 -302 -620 492 -172 591 -619 247 653 907 -358 275 541 927 478 630 -873 -329 -563 -922 639 564 227 -474 -407 810 954 922 483 -821 500 632 -950 -940 -522 836 -260 213 584 626 -913 990 -997 132 -986 -843 421 -963 -18 -908 438 -918 -32 218 -332 -278 157 -360 583 623 150 636 296 -260 17 287 235 -410 994 -375 -668 164 146 -736 -838 
764 -15 -925 -691 960 379 224 -960 311 -386 178 -79 -52 311 -435 -815 133 -310 -664 -260 -886 -820 -44 904 748 -43 -917 -226 -138 -569 -417 498 634 671 -523 217 -249 -482 892 -451 772 -391 150 -271 625 822 739 906 904 -719 -880 -645 277 323 298 38 -24 650 521 -791 665 -541 815 870 47 -427 30 -835 544 208 -555 851 481 288 347 -319 958 638 488 660 478 487 -216 652 -255 -86 642 -518 733 -604 -47 -435 712 -888 865 -199 -776 751 244 213 
473 -745 541 7 -900 595 580 318 67 667 380 503 -497 -978 718 -129 15 -292 179 912 413 20 -424 744 738 744 117 -657 -734 -913 -41 -798 -243 -967 -939 149 -385 956 -358 482 610 285 68 756 -884 -245 850 -818 -288 -41 -309 280 278 0 426 1000 -417 -6 663 412 716 530 -505 154 856 100 771 226 924 -709 -796 -41 296 -502 929 597 829 -879 -657 -644 -738 -613 -210 475 -439 437 651 -672 27 -451 -201 157 679 -549 896 224 336 357 945 617 
621 -203 -637 -253 -480 569 377 294 698 76 -765 44 -162 485 188 174 -520 301 -302 -349 22 -191 -49 770 855 -553 56 -25 -112 -561 629 307 -634 785 377 -731 -128 260 534 196 -438 699 -602 726 130 -336 -285 -817 532 430 59 -913 518 -4 -575 -205 678 -990 -859 966 -201 59 939 -826 -11 289 -84 196 860 -379 297 -820 22 51 425 635 521 -527 61 831 770 -12 -962 -660 708 -249 163 196 327 -601 27 -990 182 -206 -934 707 162 -93 30 788 
-505 772 -857 59 -643 -704 266 -352 -450 -601 695 -97 74 -864 435 -485 -694 -939 384 -396 -637 232 958 471 -209 714 892 -438 162 -419 107 244 256 969 34 -97 -690 603 330 648 -694 -597 -669 -249 -788 879 -442 -586 -914 -426 567 578 -98 690 -457 975 338 -192 -734 942 454 33 -110 -755 -173 847 731 259 688 -914 220 380 -170 -202 340 -755 189 288 726 -768 491 -633 582 -169 972 -203 391 -443 969 385 -978 282 -567 879 421 203 361 533 146 984 
-270 -704 -74 896 476 17 -507 617 206 -712 -738 -166 876 -105 -299 -434 358 100 -708 -675 945 301 431 148 15 15 652 -799 674 -307 -514 288 -732 -289 -794 -666 -68 62 -503 179 503 -617 -61 21 327 -288 24 -119 -74 65 -12 -476 -719 -373 -207 -940 884 -819 -178 131 540 162 579 304 213 703 931 -747 337 229 -897 -889 705 813 151 -281 -427 50 -226 994 278 -166 740 506 -475 -722 805 -389 -382 811 611 13 -90 987 -669 625 315 -529 848 47 
493 999 -98 -233 -732 -973 618 265 -548 929 -88 -420 -729 941 524 -577 909 625 564 94 -8 486 661 859 -128 887 311 485 -185 -169 335 -989 19 971 -850 -479 895 -819 -269 -463 851 916 -843 -664 756 370 -330 74 94 -477 -260 825 -648 802 578 931 989 -773 263 526 -42 809 -125 -253 -384 -273 -92 17 613 -785 -374 -415 -609 992 179 -736 828 889 -297 262 -220 59 328 229 120 811 628 301 748 -712 -797 -610 -827 157 415 -800 -201 -885 -197 229 
643 -948 838 -108 352 76 -892 891 975 582 -57 820 -361 -311 686 498 569 -369 -522 -319 7 794 -788 -400 -291 -895 -753 -230 639 -655 903 -555 -977 995 10 -754 256 805 -723 905 476 662 -138 -638 -353 -483 863 -400 -301 677 -204 -530 -524 493 383 -783 0 -205 73 172 917 625 553 913 -929 725 458 584 -599 488 662 -140 -908 316 -310 274 -673 747 -558 -789 -686 -118 15 -551 464 -552 -799 -318 -779 303 173 386 759 -678 -225 -271 951 -108 510 -700 
-290 566 87 -620 140 -140 -398 267 256 332 322 168 -895 -663 507 -588 585 -585 -395 -931 528 275 19 213 769 -198 -95 798 -545 944 -889 885 24 -609 -573 -735 35 -845 304 -470 -451 -490 -328 688 -587 -28 -951 -100 -799 606 -784 734 -588 237 780 117 812 -782 -723 -261 -686 698 598 927 424 -694 -302 -465 -901 94 -337 500 -980 -251 -142 -967 -931 -910 626 -170 -59 552 -562 -640 -455 256 956 89 706 413 -202 197 -807 -513 -31 -399 886 -552 923 101 
-753 -275 -833 -836 -818 -253 -915 797 918 -192 -79 -433 392 450 282 -311 -352 -25 -785 980 -916 -818 -912 -423 -734 480 -644 -77 -85 -945 911 731 431 35 -721 478 56 -41 -443 -416 -601 297 -780 -763 260 -629 842 100 -888 344 809 -525 -918 -833 437 -671 693 321 -599 414 893 720 740 610 -993 -617 -544 -469 109 98 934 870 294 562 -282 -350 613 -882 -222 195 307 937 777 215 -666 -778 170 408 -103 -10 554 496 111 137 675 418 -59 -111 -542 -320 
759 -218 -242 92 -288 -956 -49 328 -971 115 75 -463 -443 -427 -421 344 -152 -310 -57 61 15 306 697 142 973 -223 -253 601 -234 59 560 878 660 394 -591 -443 -916 -424 -934 418 385 -222 -364 -935 -641 -488 -585 -938 907 -216 837 -801 -378 -419 -323 564 -864 -183 -941 -640 506 561 706 -875 -595 -553 -209 -72 -741 -412 0 -472 -16 971 217 872 -934 0 725 -691 -731 247 590 377 -479 513 769 -473 238 509 -40 -724 -451 581 11 -141 -992 -499 823 716 
12 -801 702 -753 479 38 -310 -592 747 -976 966 -453 82 977 595 -484 439 -389 630 458 381 955 -581 -90 -938 689 587 247 -45 -869 131 -217 70 271 -473 651 -237 -908 -750 336 -104 -135 291 -738 11 919 -804 -397 -42 -66 318 -671 -118 129 900 -753 578 -254 352 -800 -577 -345 -661 -819 -597 320 -566 -431 -245 -261 -381 -410 -395 -524 950 620 -157 -941 192 611 669 -304 430 -733 934 -348 53 -50 479 423 -823 604 -864 450 -41 123 219 -770 644 -219 
-184 505 -794 -682 578 434 -760 -144 -597 -875 -735 -995 181 276 -491 -958 -946 -383 -243 702 964 -999 -453 -973 -486 600 237 591 -129 -849 -494 477 -194 -45 -305 -327 -515 109 74 78 -397 -764 767 -280 -57 112 -365 190 -500 789 -500 790 -137 527 -605 46 755 -249 -128 -288 -14 390 -972 -253 913 -4 396 -363 795 887 657 -191 16 917 390 -628 -109 -523 -932 146 267 90 969 -794 743 -875 969 624 -993 492 863 -138 -979 -452 845 -695 141 -763 588 205 
769 234 -118 824 -134 231 627 349 280 965 -254 694 555 98 435 950 -398 -362 973 -227 644 52 511 141 386 682 988 664 613 -476 -75 -972 432 372 801 471 189 911 -151 -282 682 838 854 -837 -805 305 555 764 947 -436 42 807 -441 57 -252 -524 217 -874 214 404 672 11 -136 582 365 -922 170 -793 -965 434 -37 -842 682 -14 353 -329 -358 -677 698 -238 -252 426 -706 933 -405 393 -994 371 312 -274 114 -627 398 342 -25 8 -5 -982 440 685 
765 -112 -846 151 -973 -582 465 -655 -877 -557 -987 -203 457 39 121 -762 -195 385 397 -11 953 -985 -324 -446 944 -362 -379 -968 -192 -687 608 -573 -747 369 589 192 -566 -428 408 -669 420 132 -112 -541 -207 -997 -469 779 -786 968 -459 188 -819 302 -403 -214 542 -878 752 -150 599 303 -71 898 -908 786 -345 -350 851 -464 -999 -11 -676 -161 -437 727 747 -638 -345 -697 962 132 -110 40 478 936 598 493 -86 252 -46 -357 -66 -393 -88 304 900 542 555 -882 
907 -31 -95 617 379 952 444 -70 565 535 -523 930 -362 431 -428 -723 -884 -312 617 -734 726 -217 -989 -111 178 487 -683 -41 -845 746 -329 -971 333 -879 977 -292 -530 125 -300 -496 541 390 28 -913 151 -73 -94 235 430 -716 243 762 -338 -734 -853 813 -118 -601 550 -988 -464 89 -216 393 257 -971 281 -926 989 348 922 527 -415 -313 692 -109 -438 762 -517 629 -917 -292 -934 -317 -955 758 -741 665 365 466 -827 -107 -762 581 454 -327 -576 385 -502 821 
873 -499 -999 -710 548 931 312 -313 514 917 419 -289 196 171 899 244 555 -632 -656 -104 -774 -896 633 259 -10 749 139 997 198 714 -626 288 -929 -813 -957 905 -50 -791 455 616 876 176 850 -940 537 -684 -729 970 17 -615 17 538 -92 -739 603 943 -704 616 954 45 93 -865 -628 -565 281 281 997 -129 753 -821 -231 -235 57 530 -898 669 977 623 834 -893 915 -127 396 992 651 -783 -639 506 -262 -335 755 -2 -519 208 -763 -83 562 -439 81 650 
-292 698 -332 733 844 679 876 597 -385 464 316 330 506 251 950 -883 939 -342 54 -85 -873 -616 -254 -202 -720 -127 -950 815 -747 -45 -273 362 92 679 -224 -200 -108 -626 126 577 248 343 -958 -568 -811 -869 -547 -416 -484 -704 -469 218 -100 378 210 476 -801 -505 79 -595 -362 -230 181 -614 -904 -310 472 865 634 994 -781 -667 21 550 -578 630 625 -444 -501 103 981 767 930 643 398 -824 787 186 -482 762 739 -643 -94 564 402 -313 -539 181 -86 534 
168 218 609 393 -769 -407 650 889 848 603 805 -6 615 -867 783 634 80 -942 986 97 120 -378 543 458 403 -259 -278 -504 -692 113 -328 476 137 -747 794 -893 400 -573 408 -199 106 982 174 886 -491 389 -891 622 597 931 330 -911 675 -301 -171 -596 885 278 205 74 -159 209 589 -432 -92 -946 143 234 563 -476 659 646 -861 -102 -355 939 791 -762 -896 -146 275 -839 461 188 -372 -998 -546 9 959 -9 825 -730 818 963 164 695 -428 543 -654 -478 
-448 -699 675 157 16 -67 56 -746 -344 -920 -122 -467 9 637 761 387 -120 -481 227 151 -44 507 89 -911 728 472 330 -288 -280 40 490 81 -7 713 234 -297 984 -339 -184 -979 515 -797 -653 772 884 -49 301 -944 -974 928 -603 532 766 196 -492 480 -100 -752 108 -909 466 447 -982 672 908 -16 47 -457 295 -17 -714 802 -389 152 -855 -498 609 666 192 903 -764 496 -548 264 462 -755 478 -842 12 -734 -815 -458 864 487 416 -415 -221 -712 727 -254 
680 426 453 26 -531 5 606 19 476 -598 505 192 594 466 575 -213 -976 -141 166 382 984 -998 -101 806 788 -489 -634 -641 1 440 -453 970 957 601 -469 56 -859 86 -881 690 253 -366 115 74 561 399 -619 925 917 -731 956 -19 -246 486 -267 -636 -900 -410 258 -660 696 -848 616 -26 -535 -22 479 -949 980 -377 -985 1000 703 -546 -921 -471 -504 8 712 594 -544 -346 -138 111 -801 727 -938 715 670 -846 -152 859 769 -443 -604 -585 963 663 560 642 
567 -968 -246 -435 -203 -505 -391 43 771 628 537 134 110 -70 -133 332 845 -416 -947 -963 622 -534 711 -772 -154 63 -323 -52 -509 -823 242 616 -88 270 938 -530 670 -546 -10 480 252 -416 -836 -410 803 -193 426 279 -274 438 -137 -162 -170 233 -947 757 982 -79 -89 958 -469 -456 52 297 152 -119 -880 498 -108 678 561 742 290 -192 -249 -764 -113 -961 561 642 633 378 -681 -479 769 -848 -149 -185 -123 -419 758 324 -691 -372 325 -383 484 -69 -291 -264 
868 460 -319 881 578 -295 -363 -412 74 108 213 134 359 -51 -687 47 -899 -799 248 107 606 -556 38 699 619 541 -847 -25 761 731 574 982 706 -940 -576 42 240 950 853 24 625 2 224 -177 -438 256 -534 -350 177 -74 494 -201 -500 -498 -348 954 634 520 -401 316 966 68 -345 993 289 256 -881 595 -708 -792 -597 -1 437 -470 -669 -364 267 610 918 494 630 -968 411 -395 -46 915 -51 -271 -390 -810 123 635 495 -294 -1000 755 -208 -918 345 -796 
-12 832 263 -570 -674 -214 -804 431 981 -801 -242 739 -600 508 -339 745 -113 -465 369 887 973 -453 -170 587 -342 -448 231 -180 743 911 815 -66 678 770 610 -47 -987 665 208 273 22 -953 332 -811 -584 13 -145 -247 826 -153 726 -743 464 739 97 -916 -166 -21 518 797 359 -542 -792 655 534 -338 -409 -52 501 79 -107 59 225 -525 89 472 -438 -5 -760 131 251 656 -595 -964 -293 527 585 597 652 -786 -79 22 142 -563 -369 755 -381 -619 -417 -591 
-252 354 243 -619 665 789 -873 876 427 -73 -608 153 611 -160 -894 -102 -419 475 -48 -187 476 -781 -304 -248 -630 -325 -573 -136 -535 -235 839 -192 -466 793 -119 384 -784 -434 -929 -956 298 -916 13 182 409 755 877 811 184 -735 382 -351 -793 222 -730 -957 -444 -246 -786 94 511 668 -336 -308 928 585 -878 861 -248 -830 735 -338 -102 -384 -620 -58 -509 674 -790 -494 477 236 581 -673 591 667 -367 642 -518 -826 -918 111 417 166 62 -186 978 -238 679 -772 
166 -691 -818 4 -121 411 338 332 391 28 934 -381 908 926 -86 -147 843 -121 -744 893 744 -781 -861 -754 -555 -775 -450 47 -891 411 682 517 -792 178 -7 -474 -789 -246 125 -123 230 714 -864 -743 -332 -642 236 121 -455 -290 -299 -955 -856 624 422 -605 -94 -528 232 677 -836 499 -458 209 879 -82 -768 -370 -866 602 77 563 -248 339 744 -57 -483 -185 -900 -895 -139 -291 -442 234 -52 159 780 567 266 -415 -2 -615 811 -177 -967 802 -439 378 90 232 
-510 -955 152 739 -494 390 -822 -551 107 867 540 647 -862 300 311 804 545 921 169 -50 155 -545 856 -957 -120 -587 634 234 553 861 -696 -353 96 -291 157 -923 -363 637 -657 -897 -898 863 -279 553 378 -810 -259 -872 -450 554 621 -71 266 913 -196 -891 142 241 655 -499 -945 -252 -604 -42 -755 331 -811 -626 863 565 70 -465 -510 25 -638 -89 -332 639 728 82 318 -989 -747 -221 -243 -789 193 -230 383 -477 -935 991 676 444 178 -623 -873 -206 300 -989 
630 -170 -712 222 75 476 -798 -805 -748 156 -506 -313 -638 378 -367 -30 482 391 -323 -114 -262 -795 -42 -554 -81 599 258 -440 112 353 -631 670 -966 -408 811 -586 836 -663 -529 132 -488 568 225 -42 145 711 -470 801 141 443 -325 265 331 -924 -483 -621 129 327 -160 -60 -344 649 966 -153 -404 823 -660 214 744 115 664 343 -127 738 449 -535 173 -545 -188 -535 979 928 713 -188 -822 -380 -216 -389 982 48 106 743 -106 -56 400 -314 -166 -879 -141 21 
-672 -818 -568 965 -751 -596 383 995 -295 -119 -77 -998 152 847 -654 692 -847 566 -74 189 846 295 927 907 -740 -476 381 -735 -426 -320 -332 680 -20 272 -760 14 829 780 -607 307 17 563 260 554 102 116 -62 -308 -469 -410 -71 -121 -23 272 -431 -509 -339 -843 734 570 605 -862 148 -222 -914 234 -934 462 -174 -726 234 256 210 855 15 -572 -31 -687 422 348 600 803 601 -565 -787 253 544 564 -213 -531 673 399 -166 -590 879 -659 159 754 658 -554 
-71 355 852 14 82 968 -675 197 -911 -253 -840 -800 -16 -185 -502 225 86 -370 971 -222 30 495 -837 138 -340 -269 -164 -987 950 -844 596 520 145 241 418 -858 992 -895 496 -409 -716 -585 343 -591 -839 -404 278 -671 997 402 205 62 -474 161 -780 440 128 -841 722 513 -520 -274 -681 -356 -155 707 658 -238 -116 925 117 556 977 454 -771 803 -35 -202 -431 920 -803 957 -690 -737 -390 417 585 -650 892 430 671 -139 -89 -851 451 -246 851 168 -912 380 
205 -717 578 -924 -166 -116 63 -21 540 911 -832 -167 -4 388 890 139 -684 -294 -424 -306 204 -794 -542 -89 -920 -44 949 937 -535 127 807 526 243 443 -989 -861 583 -590 186 33 -438 781 -118 111 -888 -392 893 805 -785 -251 -882 -45 -404 -381 -90 374 -755 217 363 -138 -2 -221 871 702 33 -120 648 -732 569 -999 -873 -650 127 417 821 -644 780 -354 302 263 -837 586 -891 -998 -12 -203 -221 40 -141 -602 -828 131 -103 -973 -219 -567 693 409 -803 -983 
331 -174 554 272 -395 749 708 551 -581 89 923 -9 502 -313 -369 -365 180 -220 -285 202 -811 -905 -734 425 -669 397 965 -182 245 131 874 -353 -290 959 612 -490 -474 -281 -150 -634 707 976 127 -451 -549 -799 756 222 -329 259 396 -34 -988 943 -10 -658 820 -429 758 -762 -261 744 -714 27 -438 712 -538 -123 -680 -132 445 909 770 473 740 -253 769 399 -144 -908 81 516 -184 554 329 282 -642 33 -708 691 443 971 848 -686 929 38 -244 -955 -844 -389 
396 -97 -969 161 -497 -148 115 -348 -734 966 79 -287 -544 510 -383 291 589 -207 984 -550 401 473 -147 -836 438 -591 -999 -909 -755 597 937 613 628 426 -720 -310 -503 176 787 -807 -826 -398 730 396 -206 -629 -829 -244 -775 44 -174 -306 116 -712 382 -615 -682 417 -809 -701 -902 556 45 -134 712 -50 666 509 -729 -813 -615 -828 -673 -486 199 -484 351 613 37 717 970 -681 793 152 14 -827 -917 -139 354 139 -515 792 -144 28 -453 -41 756 705 327 -114 
-17 -630 908 -641 261 -581 -867 500 850 176 440 -564 -397 -27 -172 930 400 328 -48 367 -806 730 501 -452 -447 743 34 191 73 -985 187 300 -180 -82 -38 -421 -58 -752 564 -416 -415 119 567 163 -427 -181 531 782 -903 602 699 -679 193 494 889 -170 -438 -365 402 857 512 -164 -301 759 -568 588 914 -973 -366 -679 703 -186 148 115 689 707 -534 635 247 123 616 142 178 811 -73 637 -57 148 -144 -680 3 -70 -508 771 133 243 -373 -97 190 919 
-762 -999 -333 92 -901 -430 -367 276 -221 -837 358 -748 426 737 65 276 449 -470 669 785 -771 520 419 289 108 191 -290 579 -140 -137 285 -905 -174 -785 -799 998 419 -948 517 -261 -477 49 -427 -668 -584 287 -231 13 636 -559 -883 -401 -731 -614 -799 -181 59 880 -512 604 473 426 131 -411 -292 -448 -215 315 -984 -824 -614 -856 555 -799 600 -409 294 512 701 648 982 -293 -785 -287 -861 -864 742 -149 -866 67 -132 532 -2 -348 -606 -720 -679 526 -781 -34 
-491 831 720 -597 -431 -670 185 171 543 244 -419 -534 825 606 315 538 786 -353 682 219 305 -532 -668 -671 -645 313 517 -606 689 917 -851 -51 -642 -492 -254 -608 635 370 -720 -944 -799 727 -210 -882 963 941 312 735 225 -916 933 833 -928 762 -283 511 -168 -548 -613 -481 445 -748 -830 -807 400 142 126 -681 59 -430 -248 800 782 760 418 -372 776 595 -227 396 -66 -996 731 612 166 419 -758 -375 -184 896 -17 555 0 -813 962 902 506 -564 -478 544 
106 -541 167 -280 -373 866 -847 -623 -723 -459 -201 -362 878 -262 132 -756 205 361 -5 -415 575 629 463 338 -294 -792 569 -972 550 -517 -422 -279 -505 78 -723 -724 -310 -984 33 933 -432 496 -80 -66 873 896 -465 -474 -624 -345 -83 -969 -692 269 -994 144 -649 55 260 -333 668 390 -234 352 980 -358 472 825 93 510 -786 -973 -410 -230 51 -523 144 -737 -902 -835 -192 365 -49 747 -577 635 -492 929 -150 912 -88 -958 -95 201 159 -964 151 406 690 -272 
-642 91 740 468 797 -358 -118 29 -599 -274 454 253 451 -516 802 -428 878 -930 279 682 5 939 192 -218 -706 883 -916 -691 -809 380 -989 -146 -486 10 -49 159 440 865 -512 200 284 112 -498 46 220 875 -98 975 941 805 -209 603 -340 133 171 653 -814 -282 888 -164 -302 -792 616 546 311 -821 443 -281 -423 -10 532 795 -24 406 961 -992 833 465 671 597 517 264 888 -995 -439 -969 784 548 105 482 -332 -112 556 -376 -698 23 377 -614 -778 -960 
235 -128 -286 -859 -615 532 -143 -997 -941 515 540 565 408 932 826 980 943 430 -760 -358 -772 -146 -158 190 149 -450 734 -258 908 869 -676 11 -218 -782 896 -932 192 -441 223 -276 -38 727 -315 -519 490 421 513 274 -363 282 550 -471 -384 -905 592 -32 -933 -803 -793 695 -69 -173 -161 95 173 -868 -90 91 301 323 366 16 -497 -344 749 742 489 -280 730 -2 -213 -176 -197 907 248 -722 502 776 836 -503 -325 938 143 680 -52 613 99 984 -491 -39 
659 -699 -760 995 31 919 -17 -588 352 -906 312 -117 -765 -502 -747 -152 767 -947 975 -909 963 -395 391 1 938 440 34 -139 -690 928 981 310 -915 -998 668 888 -153 -942 693 869 -272 -918 126 -954 -740 357 113 565 -568 -577 -703 -288 470 935 -475 -428 -122 573 -447 -413 -353 565 259 718 -923 265 -506 981 -970 -510 -11 754 -466 -545 -427 -44 -277 1 -325 399 487 418 444 -333 -819 554 -660 -449 631 -455 -717 616 747 -987 -969 -183 556 477 -682 -311 
-476 -239 4 649 -338 -509 -161 739 -773 778 -677 809 -700 -996 85 479 -186 -409 305 -633 -483 512 -262 -69 470 -759 341 -295 -442 554 207 280 -952 168 365 484 942 -510 -97 893 236 -2 242 -836 -575 -14 77 -960 754 -990 687 98 -87 -962 -185 678 113 35 -97 -65 -23 39 -292 -538 -187 -685 -245 -31 -900 -173 -911 -516 594 222 -108 -235 -52 -509 -520 116 275 -682 -418 -204 289 502 -333 749 -676 -568 309 -726 -486 -952 -512 -144 -440 638 -479 923 
269 91 334 483 800 298 -148 -314 183 488 -420 -781 -735 798 551 343 815 962 879 -32 926 26 -202 396 -880 -86 844 793 393 -962 451 26 -216 669 -550 346 -686 502 -691 44 -738 -295 -695 650 -452 904 81 -789 -638 545 -71 371 -691 -629 404 262 686 -556 64 -463 717 597 -886 -94 783 -250 -805 -930 -419 47 -720 401 -332 -16 339 796 938 -263 -170 261 -305 871 623 -244 783 617 -56 -685 933 -653 -149 -948 926 335 -282 -967 -111 81 117 345 
936 -545 274 55 -317 -713 -562 728 216 -288 -599 881 579 -131 781 897 165 -909 336 -23 694 -750 -786 555 -727 -583 165 90 -234 -747 101 809 -801 418 -670 978 -200 -660 548 678 322 128 -723 72 -684 450 386 382 475 -286 287 -494 579 -527 -620 -405 727 989 -481 -414 164 -728 -878 -440 -529 201 -148 230 -260 -733 459 -469 -904 61 584 410 -93 743 718 -181 132 -918 270 988 0 -200 -109 198 -466 -230 -270 941 350 151 -183 538 132 928 773 -173 
