196 388 -838 -79 -393 -564 -74 996 -240 721 545 -69 -354 -212 -943 -30 332 -852 392 452 -226 983 857 411 672 836 -205 -103 321 701 -137 -567 165 -9 -784 186 -105 -318 -80 819 119 481 514 -377 290 623 -723 577 11 890 -101 -204 30 22 -635 772 -876 -352 211 -257 -531 -906 -654 598 -29 -742 579 618 133 956 -209 -481 -870 660 -351 -375 -354 -624 218 -559 -732 -764 675 -333 642 287 422 -991 823 613 -114 816 -898 196 517 -752 338 -147 834 -149 
-991 838 429 -422 758 -42 -147 23 -806 -271 -409 -4 752 -931 550 -452 462 839 50 403 450 -361 -470 -153 771 788 -380 337 145 -742 978 476 -196 -893 752 220 -377 708 -687 923 -460 -986 -670 -616 -347 517 -638 -465 -405 -124 234 663 534 91 -439 197 -732 -360 -249 130 597 -767 -211 579 282 -603 415 523 -525 734 69 47 -378 484 -496 -267 -709 -917 372 12 -225 -130 -471 494 -444 915 99 -197 -95 753 -846 -778 143 -488 281 901 662 -611 -61 -221 
-128 509 -267 -29 22 826 -501 521 831 287 -140 88 902 -662 -695 581 -504 525 -308 187 -341 304 -715 625 95 119 -589 -845 644 -354 -191 815 -417 154 -682 135 803 -266 563 -608 -708 23 -415 -98 455 -270 -473 721 -804 543 -141 -920 473 967 463 950 584 -28 206 -354 -692 452 -184 32 922 -976 898 -97 450 692 -59 351 542 -324 796 -262 -582 -274 733 -672 371 -689 -401 971 -940 -389 -730 366 -105 607 -15 -52 -820 225 -321 -526 -237 996 -475 -690 
399 -523 -594 148 987 -957 -530 -129 -899 746 67 492 -187 -868 47 -221 313 -942 -411 754 4 -882 615 -167 252 776 -906 644 970 362 -113 -148 -775 422 898 -483 -524 424 -530 -583 -196 417 -26 -569 -796 608 -360 -322 -343 179 -132 -743 183 -316 -5 -327 -827 -216 8 -714 169 311 758 354 -852 -530 -892 -610 -341 756 720 414 223 907 -888 -603 -836 152 993 -806 378 -230 758 190 -285 -737 595 944 580 622 809 -256 -832 -851 -123 -78 -517 436 176 337 
-967 735 434 -539 -113 2 -66 10 -110 -833 84 -115 280 -416 -414 -97 683 -335 83 233 296 -379 -195 64 -29 -932 -641 -698 -655 -147 -814 -173 -658 -355 -172 938 -803 635 227 84 -162 543 -899 -394 482 379 -198 86 242 263 -529 -972 -198 -809 501 -862 -852 562 359 -116 283 771 835 875 -968 -489 -889 -728 4 947 -279 755 -26 -550 429 782 -853 6 84 846 595 -1000 -59 177 -330 140 913 -64 -238 747 100 -426 594 -791 558 -312 59 -575 523 -730 
-497 65 218 446 266 612 411 -484 -463 404 222 -367 20 166 580 195 730 -384 924 618 -683 986 600 253 -552 -974 823 753 -487 817 215 -124 634 52 989 394 -898 486 -843 -107 459 -679 -767 -284 -464 823 -567 -507 -134 -328 257 -606 104 -325 259 100 867 524 616 -259 -554 -819 -943 -832 -274 -248 -993 -491 296 895 971 -513 487 473 643 -794 -204 621 266 335 621 -941 610 15 -275 309 203 390 -166 -184 -39 411 -739 -454 56 474 122 972 -713 833 
193 505 -791 216 288 956 671 198 776 -693 40 -900 950 -24 156 -426 47 683 646 -97 562 -453 -962 -567 196 -718 70 -185 919 411 -65 365 922 -955 -766 552 465 -622 505 330 -226 -782 -435 825 -917 -913 -402 -118 466 -65 397 -863 -271 -90 -316 -10 55 327 848 529 -554 697 385 -746 447 525 -934 -875 -683 -331 -429 -916 6 -108 -103 995 219 417 -367 182 -330 -730 914 875 226 15 -24 462 537 -705 666 -1000 -653 214 962 -413 906 614 148 10 
983 -119 -178 -173 861 -939 -667 -879 201 -819 708 558 640 -179 897 52 230 -321 369 -610 -90 -93 -676 92 -892 707 46 -773 841 167 924 34 604 -251 -361 -377 -511 170 797 -576 -532 -557 467 963 -899 -501 -199 855 287 556 707 -801 -961 -620 -352 -556 -393 -734 -727 291 269 -349 762 236 -666 -997 -774 435 747 701 -195 438 65 -946 337 -161 -220 64 852 -48 966 935 -385 -629 -578 685 -184 278 472 -929 56 -741 -257 -346 -834 -702 -372 89 -517 -521 
790 674 -566 934 149 -553 -200 -721 625 316 714 878 430 -108 573 -874 -35 860 -747 -728 -611 -91 -935 645 818 -165 74 170 -10 292 -221 427 460 197 -57 -843 954 -623 -303 -808 631 633 -503 409 239 493 84 -313 691 -654 -284 25 -985 -409 506 -164 658 546 684 107 -375 -344 761 837 -639 588 -233 -274 185 -431 952 871 -330 -41 258 -825 -225 -778 184 -59 -137 -399 -982 -362 334 -317 895 520 602 -155 -670 -726 -949 -404 -241 525 -22 -30 709 296 
-333 121 915 -301 461 -655 549 183 851 -861 476 418 666 30 -32 875 -12 859 227 -686 -463 -330 925 245 -746 131 -443 442 -451 40 621 -394 -615 -593 895 -471 -798 -21 -318 -335 -89 892 -530 685 86 871 -12 -325 -218 -611 849 -823 -279 144 -415 -321 202 -731 460 -14 247 -637 580 488 -929 843 -96 -25 -90 949 -275 456 509 -212 808 -441 -418 -272 601 -22 835 612 239 163 -875 -397 920 521 247 -808 -887 -352 -521 -335 -908 447 -3 -809 813 -766 
69 -612 103 151 451 -470 441 -37 -97 -314 374 -384 -814 127 -427 -832 986 317 630 180 -919 -758 301 -442 104 945 781 -323 328 341 417 683 12 -937 360 -401 -759 -843 87 -533 456 922 -489 880 212 262 528 -362 165 -598 475 -218 -327 153 209 466 854 -270 -251 -172 -529 -605 -221 583 -833 -561 -254 790 -605 -901 -79 -472 625 468 423 -10 468 18 169 167 719 -444 199 702 568 383 574 -479 -761 666 554 -255 -838 -624 851 -545 -576 -75 -611 -637 
-944 -630 498 145 122 -599 -551 544 870 844 -194 861 -598 482 904 -97 452 -34 898 790 -127 -168 -595 -181 515 -200 -644 686 -112 974 501 -198 626 629 119 758 413 946 -308 923 -15 -35 310 -630 345 197 134 -527 919 -52 -431 -608 -772 882 681 326 -498 -134 -820 186 539 -793 -416 -31 -58 814 748 739 -770 93 880 715 588 -691 -191 -451 989 -736 227 777 -172 -687 908 -989 284 -968 -302 823 811 -4 -241 222 64 672 -640 -545 -802 79 -358 -988 
-989 575 527 -640 550 -17 958 -852 913 -401 -275 429 21 898 -614 236 -58 737 -892 617 5 197 412 833 203 103 -645 -102 451 -801 -623 -878 183 915 -52 -425 -333 -444 134 686 -965 -662 542 -971 741 -291 27 782 -211 -16 -227 -662 275 -919 -748 875 63 -615 664 55 612 -863 -32 729 -234 461 -917 392 323 400 82 -273 334 -475 -333 -949 -926 143 -525 871 -623 -123 -951 91 -921 -556 -850 -150 -978 691 -445 900 318 148 -324 744 41 219 -637 -457 
-316 -259 -385 264 908 -635 -970 -557 55 -13 -789 -369 -580 -104 889 488 930 -205 -999 790 -134 310 244 389 760 932 612 266 -741 196 -7 -367 960 476 688 -180 94 -718 685 -820 651 -753 -148 517 -9 -475 891 974 683 578 172 859 -475 -62 -941 73 -158 248 959 846 -422 -650 634 -412 -476 388 -872 -812 760 342 785 145 850 846 -773 654 -187 -827 -170 -319 -769 -538 999 -765 310 -792 -982 -459 -604 -325 339 -524 727 879 -332 17 110 339 -430 34 
805 -155 128 -908 -334 -439 -458 -793 -910 -391 648 -604 -554 -372 -45 -667 -29 -404 253 -256 -703 851 -250 -362 253 974 403 -164 -774 989 655 -881 335 371 -552 210 968 564 -322 -906 -228 695 -182 41 -456 -285 604 -317 -213 906 -172 -534 287 834 673 392 100 20 589 553 -923 -174 -44 -989 905 20 397 779 -559 -571 -299 604 -743 673 961 -803 382 -688 391 -354 258 -883 -889 138 686 398 -623 -692 731 709 230 183 716 -213 865 811 854 424 -923 554 
346 -316 -887 618 -430 463 -580 -888 372 23 -166 -202 48 88 542 583 995 -149 -60 392 -646 -201 515 775 -281 169 98 20 -568 -926 -597 -474 131 764 160 -919 686 -761 -285 419 421 667 -549 914 -959 -323 822 571 -396 654 683 839 -366 -113 40 -70 -702 889 -219 -452 -224 859 -253 79 -244 988 286 -364 -233 -85 -608 611 -487 -320 557 871 423 -854 -626 -499 -77 913 -192 -193 67 -132 366 239 623 340 -711 700 22 -524 -586 741 -302 988 -919 -501 
509 -904 667 -473 -104 321 401 134 324 -51 425 -746 706 -401 125 269 -29 759 479 -378 325 382 792 -556 492 -545 425 -106 -20 434 -186 -400 -48 595 360 -721 813 138 -936 608 -29 -593 -482 255 335 104 129 -598 -984 -679 -472 -226 -453 266 438 208 930 -697 777 814 294 444 889 449 157 -757 838 -122 789 -250 -141 193 -625 -81 -323 -774 827 67 170 928 -19 326 469 -498 -138 -260 294 -314 -384 149 940 712 -409 -833 -865 -940 -920 -479 297 431 
683 751 122 -447 -25 -683 -603 -328 -380 651 618 -615 -623 -927 444 729 -409 745 47 -364 -138 309 434 -218 62 -346 -930 931 665 382 374 -112 -22 621 -130 239 -937 -274 418 -151 -721 -946 -961 526 80 750 -321 207 -833 -723 -363 527 -446 288 595 -538 -340 679 -415 -931 623 879 542 -964 -79 -845 -88 844 482 417 813 -161 407 -753 686 -568 -296 645 -716 508 -917 341 530 -699 281 -732 509 373 -818 303 -12 456 48 210 -359 -357 -411 -774 -858 -429 
-656 -25 857 -560 -778 865 -595 797 -415 421 499 817 733 -264 527 -989 -852 -13 -942 465 -469 706 -455 750 423 -595 603 -880 338 423 975 169 250 -330 -331 840 448 461 -783 -730 904 -123 258 -652 -991 435 -594 837 81 392 -688 124 819 861 556 250 544 785 -406 -398 853 166 -529 -455 -806 362 203 -475 631 498 -496 -183 -285 70 -328 -265 23 -747 236 93 471 491 711 219 -271 623 973 71 695 791 955 -938 186 9 -918 638 239 -285 -164 -480 
0 884 714 214 -738 205 -96 328 -822 -999 -409 -56 185 -25 564 250 -968 -577 748 -725 988 521 -376 68 -864 977 -973 247 742 341 -854 995 777 -20 533 958 130 -664 -185 -585 701 106 -137 -157 -558 -452 488 417 56 205 34 -211 -464 149 637 -309 -555 752 -62 393 874 -24 859 -566 714 697 297 -703 -166 863 817 -421 397 46 -788 665 -564 976 -622 50 -763 494 836 200 38 -432 -640 715 445 868 874 387 234 975 -78 -637 380 -738 662 46 
460 -533 -885 -903 -546 678 -941 826 635 799 419 449 487 340 482 -651 -572 953 -593 844 650 -315 412 77 -885 479 299 694 -96 504 67 195 -401 -977 -996 -951 -721 -330 -576 993 54 521 200 -248 -335 -349 -384 941 -515 -539 -97 131 -413 461 206 -951 -243 357 909 -19 822 -108 511 787 -22 -505 683 426 -816 -556 757 790 -470 74 -164 -688 -288 -924 -386 -110 479 -791 370 905 -871 -62 317 669 411 -966 -529 294 129 -413 -690 61 -37 141 785 -497 
106 -148 16 554 -963 8 -29 -703 -57 910 -84 -527 -146 -39 -423 -366 -721 290 -549 -212 -14 -807 236 79 218 -508 255 26 -221 -618 294 93 -319 -497 -941 999 -622 -114 -737 203 963 352 -994 475 -639 166 826 -135 -999 -634 518 -912 669 -423 902 175 -713 746 195 -232 255 91 564 -142 448 936 752 772 -934 169 61 -635 789 -913 -607 -61 891 -197 -527 558 -194 -521 -511 -315 859 -410 -143 336 -63 -978 -477 702 -892 348 -558 -952 480 -539 700 937 
-254 670 -281 -493 1 450 319 -333 191 776 607 617 -152 968 959 937 93 843 -879 -230 975 673 206 -100 -838 407 427 452 447 519 -365 -230 -354 258 -730 138 163 -233 140 693 366 689 -152 992 -59 -165 -59 606 -168 -872 903 343 148 451 -804 -809 919 136 466 820 -354 285 -423 702 975 341 796 655 -126 641 -813 473 -211 781 357 -96 -849 -788 -245 340 465 -434 -926 -454 100 814 -991 -174 420 815 293 334 -875 263 407 -243 -173 -705 -109 296 
814 -346 -92 939 221 495 -756 -908 977 -257 -65 397 -799 -14 -772 -600 762 -561 838 -703 -892 -119 584 237 -174 727 236 -813 -887 -288 344 391 -499 333 935 114 -967 -825 604 282 365 135 167 38 805 -471 -145 650 -776 818 -194 -890 -844 897 664 52 -589 894 916 -759 902 125 959 -35 -18 825 -795 218 650 415 554 14 -315 649 931 -508 289 -812 -999 -463 -66 -348 567 -305 201 -733 -44 -256 -330 -305 -470 -814 858 495 -966 400 -35 205 -382 -139 
-636 709 490 -142 -303 -467 -604 -340 -967 110 470 238 -367 -610 312 -566 -758 -615 958 263 498 -538 -832 576 785 -877 -672 912 326 891 -269 279 928 -623 -399 -192 801 -10 799 -534 -168 88 -775 451 -50 238 701 515 342 -126 -853 -671 446 -312 292 172 458 -424 552 -829 -187 394 -772 506 748 -354 -423 -687 302 -659 328 195 -239 -452 -880 858 983 13 933 -914 122 -994 -440 623 -672 117 739 -278 -650 306 -725 -474 900 -36 -118 -447 281 -735 -861 246 
902 -119 383 734 941 779 772 390 660 -47 448 990 129 -462 -764 -23 -903 -757 -872 655 -686 691 -95 176 -698 218 -660 -293 -406 -849 695 87 -412 -769 612 618 91 966 -994 -784 -776 773 336 -718 -579 453 -554 -581 552 846 283 86 216 -334 393 474 476 -146 -821 -189 641 -104 312 -291 711 678 697 799 568 -988 181 -524 293 369 247 -296 801 117 -709 -304 -601 606 -514 735 383 -439 437 886 -635 675 470 595 969 -383 739 -292 893 791 628 -495 
-109 943 103 -510 -576 506 197 -186 368 -22 250 32 950 968 685 -521 -58 937 346 260 234 -690 300 -34 447 23 6 36 886 289 -793 -447 102 654 -308 530 -79 284 44 -732 401 580 -584 -947 -863 617 564 -87 -519 855 459 -728 118 911 -528 -44 174 -84 796 -590 464 103 -764 594 846 265 -233 -63 803 -575 -519 907 872 98 694 -762 674 365 890 -486 -216 -145 -251 103 532 -35 -836 957 -923 973 -1 -782 -42 502 708 351 112 -445 -721 -445 
-780 -251 580 861 970 70 -545 520 570 764 -815 856 941 -876 842 -142 375 -102 -817 302 -653 601 511 725 -319 615 148 215 -60 38 -141 39 -873 -844 -687 711 -723 -640 2 -942 -50 541 622 -578 114 -718 186 79 115 -313 -206 165 858 -836 924 -744 552 -843 570 293 216 -967 685 845 -369 495 861 702 350 -769 481 -498 776 -702 26 -406 -177 262 100 -55 936 -812 -519 249 -366 670 -10 -896 439 -974 384 -969 -967 192 282 506 576 -40 -49 -443 
-426 476 334 832 277 180 950 -888 -585 -303 252 549 653 -834 -581 922 -824 -707 752 -936 -987 -785 388 135 739 360 115 990 708 801 995 675 674 -652 142 836 -193 67 383 -261 520 -238 322 -244 663 607 543 -461 571 -769 148 -267 -533 -738 679 -591 -836 -880 -808 -4 -935 209 262 139 -656 -809 -634 418 427 583 -369 837 -932 -930 452 886 -818 -608 -275 533 -351 -165 -290 -579 115 293 -385 -614 -25 -893 172 157 -780 526 732 -609 -570 52 956 724 
91 -511 -239 138 -149 904 -327 -375 522 -225 -833 -624 490 -447 12 -35 905 -903 27 48 -62 358 856 188 892 -896 418 -390 -554 -143 -591 -612 401 -19 703 370 -498 778 -968 -470 -75 -693 -937 -907 -341 -433 994 122 344 -923 -365 -594 151 -546 913 654 651 239 -845 88 430 848 -36 971 254 565 -296 334 -815 -705 57 -566 -171 515 541 -60 -747 -224 270 779 -859 -203 274 -360 -949 -223 952 -73 -741 -598 -388 918 -888 -411 -56 752 187 533 850 615 
-179 -824 -193 -567 -140 435 757 855 -812 -446 -871 -303 362 -529 -582 506 -281 79 -697 418 -813 396 -693 745 -715 -65 -521 -162 -686 574 604 991 -503 -454 -624 83 -666 -440 -896 591 -579 124 643 132 747 214 428 585 337 -18 -391 434 140 -963 552 -734 371 -983 947 -594 666 -264 891 -123 -597 -880 606 -556 231 -412 -79 824 -718 -973 912 -342 -703 534 -181 -476 953 -87 295 107 -326 412 889 -340 73 -617 -660 590 171 872 635 314 -604 372 -912 442 
-316 789 295 93 -765 595 -126 801 -292 890 39 -155 -873 414 301 -684 157 -193 612 -215 897 -964 867 535 122 687 -429 706 -766 -818 262 918 -409 19 -883 -125 -339 381 -792 -623 -579 472 886 180 -100 -132 299 -763 -793 -319 552 825 -640 1 -961 672 -491 662 -659 -754 -814 -485 -582 -231 -932 39 -65 -954 -179 103 384 350 707 -74 752 -148 84 -583 976 357 -116 830 -687 -985 436 644 465 -605 -921 670 -781 -257 959 980 -903 -548 244 722 915 286 
-113 802 -558 -975 811 108 57 -876 -201 208 -40 -652 -173 -510 885 -291 -135 341 697 -556 -757 207 955 -541 -995 -281 -855 597 -813 -747 155 524 829 -763 913 567 175 -138 398 -677 513 602 -155 -222 -53 -383 -623 -398 610 -552 -766 -791 264 460 466 -234 -483 436 101 734 -520 958 -940 805 850 441 54 -427 -617 -361 -294 -985 244 427 215 924 -236 -773 299 -71 261 41 -915 915 361 100 -459 226 455 -794 -850 243 589 720 -203 5 -687 856 -610 785 
-46 -348 493 852 136 637 241 -400 -402 410 -807 438 834 -335 -168 594 -944 -462 -233 858 -342 441 269 -556 -871 -383 -598 -865 -328 440 -784 833 -39 701 -637 -514 905 393 -260 294 -94 -469 -808 -886 -969 -836 -777 -335 890 91 -2 -178 -908 941 -264 -684 918 -742 -279 558 -436 682 885 -89 239 -240 435 -682 653 85 531 473 -165 -718 990 900 -939 537 -715 989 37 -754 -454 335 -312 894 965 426 -420 -162 458 -955 -38 753 -776 -440 -159 -432 -348 732 
-646 798 837 564 869 206 239 -71 277 461 -570 -340 -374 -383 -208 845 -593 555 78 281 581 -765 990 83 -206 382 620 846 -374 -612 534 -709 843 -891 341 112 -315 -581 -667 -583 -692 -658 666 -72 234 412 196 -524 -153 131 -203 -566 618 -576 703 -167 -121 131 15 878 -580 895 -168 -622 -94 -253 -213 28 -883 -882 -603 -30 358 -633 -129 -392 675 862 930 -389 -595 -266 696 -276 874 -911 335 700 77 -989 -561 -988 -940 -718 322 405 -165 21 920 881 
-101 207 -635 -675 -521 377 -321 -918 -46 962 649 172 929 -920 -363 -118 -428 -315 -577 28 286 350 -273 481 433 903 -601 649 -623 -942 -803 250 -55 465 -797 -251 -454 -269 -872 8 239 -8 -4 -39 -82 782 -488 442 520 289 -510 -24 -473 970 710 -912 113 652 -676 418 -554 -457 -685 717 -8 609 -196 710 268 -255 805 574 -200 81 -981 -948 -528 -622 -546 424 -819 62 -664 170 369 799 -63 -501 -843 -713 -99 647 621 76 -691 873 -110 949 -695 -240 
-481 56 258 931 -849 902 466 -500 -192 26 737 -216 266 917 -560 971 486 -800 3 157 -253 136 420 123 -745 528 -816 -113 -450 -989 -169 -622 533 -281 -651 672 623 700 623 -640 -176 -978 691 189 -101 -752 225 -482 -30 385 951 103 -356 277 -222 -156 -698 -719 325 790 48 452 997 85 536 977 380 705 -629 986 -836 -508 103 -797 -455 -545 238 775 -445 480 679 -903 548 30 -633 220 445 -994 764 -977 -280 -687 663 -965 -73 425 -373 -21 31 -959 
-910 -758 573 611 -646 -953 326 -736 918 -655 701 762 -659 931 41 916 448 462 -287 705 211 983 370 783 675 701 -430 911 -684 611 640 -90 779 -984 -521 -862 -164 -856 -432 317 150 731 709 -140 -174 -898 361 23 645 95 -932 498 214 -149 637 -503 -997 222 -409 861 840 -565 -735 770 905 -420 -791 -698 223 -453 -674 -33 64 148 881 -105 -103 278 632 464 -282 264 -622 -826 309 -166 852 -49 525 -53 -509 26 797 -338 102 173 482 682 -135 -291 
-541 -326 -827 -367 157 798 875 -268 -109 -629 -484 933 -579 -482 -961 289 -344 -533 -65 -698 -104 402 -797 -862 155 234 -586 699 812 -528 -534 270 -476 -11 -86 849 -820 859 -62 863 -659 -474 130 821 52 143 -791 281 819 -395 838 533 -903 -940 203 69 772 108 -868 -203 -287 968 -27 754 -498 -339 57 19 -98 -93 -885 101 974 -761 -96 -754 -830 949 -310 -18 -300 703 556 -372 30 131 -637 -939 -441 -26 -296 -563 465 -124 203 -249 -721 1000 -485 -629 
-278 -127 989 -132 636 386 73 160 491 206 273 -807 -838 156 -823 -925 975 645 495 19 -620 -793 913 525 -903 110 250 -730 -733 -567 -984 -181 632 -559 958 340 973 -407 -153 45 384 387 -335 618 43 424 -454 -321 -150 514 509 128 554 811 99 -932 78 -225 -154 -815 304 -733 -889 584 466 616 -330 84 354 247 278 -584 314 -952 615 634 70 981 840 524 981 -459 -495 -997 543 -409 50 594 211 559 -132 793 912 -69 359 -865 597 -526 249 527 
-191 -742 -421 783 682 905 392 246 -352 -193 21 -475 -585 700 -119 741 -18 844 958 84 134 -456 779 710 -596 411 79 -195 221 291 104 -242 -999 98 19 740 -410 302 814 209 271 -921 -568 -523 -645 700 214 -123 -446 -405 -523 -887 -493 136 529 -753 825 993 -534 -51 940 942 -475 -744 740 327 -834 710 810 -330 -1 -186 -346 471 649 812 156 439 493 -577 -914 536 -786 342 889 740 -272 44 -473 -447 229 -59 -189 615 -448 967 -24 229 -527 -990 
-578 -722 -351 -316 966 -528 41 -779 -615 -885 -518 707 249 557 -217 969 408 -289 435 -684 -6 -698 -923 -147 25 -705 -594 734 -588 264 777 299 51 -351 -994 -223 -579 -672 706 648 -677 -818 -740 414 232 -216 -346 -575 78 -447 735 667 939 421 797 806 -44 -501 222 -202 -875 -447 111 929 -87 871 -538 153 -484 -717 264 266 -595 -433 832 501 399 -379 690 442 844 -700 254 -44 822 917 931 718 -174 -28 -124 364 263 -922 -254 206 897 -161 -136 -91 
20 216 -563 -971 -434 -998 -70 -135 -28 -724 -668 976 89 -272 863 -622 711 -587 411 710 552 933 458 592 688 551 658 -190 913 70 278 831 -426 -859 606 -454 -89 -344 565 437 -174 -347 -726 -796 282 337 284 239 -766 269 65 -721 -78 869 -369 252 -282 746 597 -746 487 231 863 -488 965 -972 -395 -902 -521 -541 766 -548 977 -210 -236 -588 -205 -391 940 -881 -456 -989 -728 -137 -253 152 -286 541 999 -484 -451 593 888 -665 47 -582 197 -931 -604 941 
820 -776 379 -258 345 679 369 -316 -216 -631 -74 -122 -246 425 -368 -440 380 -240 107 130 -427 641 971 433 -188 344 341 752 -907 156 357 -154 -553 953 -245 388 418 -285 -548 768 -256 181 303 347 -755 88 -879 -55 -527 -765 -830 75 691 -521 358 256 880 -176 203 -984 -146 -712 -368 -796 941 -606 861 710 -295 -626 -277 279 389 173 -232 590 711 -914 800 385 -794 -576 104 324 953 -558 357 266 -475 527 607 -873 -409 181 854 184 390 -63 955 889 
-172 -774 414 -209 803 913 -599 -498 -113 -40 -436 -853 -161 128 -822 717 -369 604 -196 -902 908 315 -52 966 104 506 970 -940 -602 399 8 930 -591 -116 58 -231 818 -552 -439 -10 -295 303 791 -149 -448 -659 -675 50 -5 779 314 714 861 -646 821 -831 -442 170 -37 684 -152 -510 803 863 237 135 -758 -557 -281 969 255 -150 479 398 -148 -736 -223 -495 -274 718 603 594 417 8 -285 193 -686 155 -808 792 722 719 814 -586 859 590 -391 630 -688 206 
-404 -739 438 397 605 183 -233 63 17 621 -311 680 -632 490 803 -599 -656 609 -791 710 -642 94 488 860 695 -398 345 -14 673 119 -614 -752 -105 261 -165 -664 865 -8 398 257 886 -417 868 -711 222 -80 -818 -241 901 41 -959 -878 479 157 -839 255 -682 -693 -385 -56 -223 991 884 172 -760 740 595 29 374 851 -438 -910 407 -601 213 975 -973 -422 793 541 -625 339 738 -166 266 584 330 933 728 227 -477 -376 -105 89 322 -581 -443 357 -290 -802 
-69 542 622 -606 981 552 347 -158 -174 -461 718 36 849 153 151 770 -203 -182 57 -557 477 -724 -961 849 977 -969 -295 -876 720 -469 -921 -445 -784 37 -203 -218 -583 94 -340 -368 452 441 565 -463 920 -246 148 -866 -526 938 529 -161 -447 -820 286 643 -811 143 -194 254 199 -383 450 -989 501 381 -814 886 -892 -385 -470 861 727 -816 168 807 -373 -474 -756 -101 565 -476 -76 -561 -513 578 921 -737 872 -907 665 -84 -785 896 -761 142 -395 -326 -972 -333 
129 -368 449 -493 449 -961 -951 100 -78 613 -941 217 27 288 -793 754 -597 276 -330 29 953 677 -952 -917 -739 -763 283 -289 -348 -509 -490 -304 524 -849 -60 -846 527 -629 -243 -48 -712 413 382 -12 -524 -811 879 613 -312 -762 575 -92 -567 -908 -123 -326 -435 316 -194 449 539 917 478 -302 426 -628 38 -273 488 309 723 176 -246 -430 -764 167 750 -526 -429 -323 339 675 290 -149 -204 590 281 -560 897 41 426 833 124 -916 -837 955 12 375 140 776 
-132 -556 -191 -594 528 44 706 930 -262 976 -407 -227 -756 -512 -195 -807 -932 390 -32 106 -385 -296 768 762 605 -314 396 -52 726 333 -219 690 803 -819 -565 -652 -722 436 -947 -403 -614 648 -132 -665 183 380 -841 -728 -831 -517 -259 490 925 439 -69 -491 -198 -861 -275 50 950 931 806 282 604 248 138 816 -957 706 -422 -176 23 -586 -364 -708 -348 -949 -616 -275 817 -839 678 278 60 251 220 358 298 173 511 -640 240 -540 192 78 221 -104 459 790 
236 -324 -36 44 -302 727 -809 44 -734 337 -106 230 -20 563 -777 -744 850 616 -744 802 993 916 64 -504 602 -742 -476 -452 460 499 -864 799 -576 679 503 760 448 700 412 465 -73 819 550 -261 700 91 -524 -640 -212 59 -155 383 852 -971 266 -980 727 715 47 397 941 156 -932 794 639 -735 370 154 -372 521 -955 -619 615 250 -596 460 -968 -46 -653 232 79 -443 602 -381 63 -328 397 -135 -720 490 985 -71 236 -174 -388 -788 -724 805 -235 908 
-529 83 989 622 827 703 29 -508 -461 -172 112 284 -733 -710 -932 -168 239 327 -331 -614 -251 969 -388 -378 -305 582 -465 -364 -5 310 -422 -647 -881 -282 695 -2 -826 -319 213 -459 -39 -722 306 -522 712 727 -833 -251 -999 122 -904 103 436 803 -559 882 671 -382 -981 238 653 325 906 49 63 342 320 890 -49 843 296 411 -978 -544 -295 -909 -543 -219 -693 -611 194 -358 709 656 -66 -535 -744 -301 570 276 558 -612 43 34 -627 730 600 -10 781 970 
257 900 -304 -38 -874 710 856 -248 -243 781 516 -169 566 -474 906 661 -94 871 -296 -313 -966 -744 721 -754 415 196 -257 361 -462 -968 886 783 476 -300 -893 271 -372 832 100 965 -605 494 433 -477 -582 -840 485 307 -803 906 751 580 -675 -269 -585 -838 -617 290 425 -548 490 249 829 307 676 459 941 0 -725 109 93 -634 -65 79 -927 557 -890 -408 703 176 -734 -44 -882 -550 -367 682 237 -661 547 -171 176 -792 627 -757 -461 -627 978 -359 -454 -693 
274 705 -523 739 676 -222 758 -555 546 -684 205 578 923 -684 708 -506 -606 -972 595 890 -440 -82 -591 -628 934 -544 25 676 -581 -94 676 -902 718 981 -906 -435 -694 874 894 335 -230 371 435 764 406 716 9 932 -177 -372 -25 334 931 -487 -670 467 -107 75 -168 -640 246 -464 480 373 -165 741 -937 579 -488 -646 567 179 -281 844 -289 -120 789 -804 -178 -977 908 -871 743 709 867 584 483 470 167 199 -169 -150 687 -33 169 -631 -665 109 -768 167 
397 -836 -9 182 -132 637 -44 -243 309 -714 898 37 -481 361 249 -29 536 -31 134 -448 44 -931 -447 637 -250 -843 -251 716 -120 -866 295 -756 541 -914 -903 -991 -417 -888 604 790 426 -741 -806 -797 -925 -457 -543 723 -751 -3 884 -386 -541 -721 -77 -780 377 -391 -942 856 -873 -817 73 -448 -994 -925 999 745 -62 -119 -349 883 478 -763 -916 524 108 -74 -716 277 829 -902 -53 139 42 156 -477 -744 42 -100 -600 840 794 796 -690 91 -437 235 442 -26 
-609 -370 500 -363 -932 203 -744 -713 -716 243 528 892 412 526 122 525 905 135 -385 940 -949 -740 414 -265 -29 -351 -696 214 569 -855 861 -443 -90 -389 264 -452 403 256 379 852 700 73 -504 445 291 -879 -397 827 629 114 880 -193 824 969 681 625 153 165 -123 926 118 313 958 -490 385 -550 870 28 600 365 -302 64 180 970 -452 -659 226 831 -63 -146 251 873 -897 -822 -16 -59 17 18 614 -192 292 -273 -864 723 202 957 -960 -204 -694 28 
988 453 316 197 898 441 -591 919 -125 422 -483 979 515 -277 958 -523 -297 488 -432 245 -104 571 755 6 -192 40 -308 696 -659 -257 -266 -653 -88 -213 703 -235 -137 503 220 -260 617 -152 -617 826 -111 426 789 343 -825 -576 600 -69 -379 516 498 -890 -310 23 199 170 850 -644 -65 245 123 -641 -563 -219 806 -538 -676 253 -798 345 -364 -974 442 74 822 799 -603 -686 -436 -954 302 -897 -999 574 144 -52 125 141 -833 145 727 797 309 -264 -961 -776 
-284 167 -246 -212 -822 99 -275 -589 961 84 482 175 -724 -938 -65 -837 466 -160 604 28 -399 -891 868 727 -271 -694 770 -905 134 -343 -986 -705 -153 641 536 738 324 648 -166 990 -994 455 -914 745 -394 -750 348 -918 913 -802 -521 -558 783 428 -746 -218 -926 651 -84 -907 -794 542 529 -191 175 -106 -561 326 -757 6 -984 677 -189 -85 634 87 -592 199 758 790 733 218 -968 306 -979 295 -970 -308 818 655 -539 -677 -474 54 430 543 311 -41 832 -603 
662 -765 -979 253 -146 529 248 458 967 609 219 -386 117 -680 529 -897 780 -60 -350 -842 824 -458 699 -330 218 -853 -124 354 988 226 922 -277 967 302 -754 770 -481 340 131 209 -49 -176 -844 25 768 600 263 -78 17 891 709 493 955 676 -44 709 978 -977 -65 -652 166 932 614 -824 349 870 -965 722 -782 -690 -935 -297 918 722 676 -582 388 735 786 873 -609 -716 -208 661 -843 517 -896 -360 -371 -442 -194 381 238 -993 -899 553 -786 800 -272 -422 
667 447 -142 402 -191 797 -281 548 -731 -427 623 -490 795 -683 68 353 -963 290 -601 722 -578 195 592 63 812 960 145 234 -921 442 548 -677 624 -189 -905 290 -261 889 547 552 -939 -792 -790 -354 604 -800 -979 375 811 -794 -119 644 -971 -10 -607 -962 209 -426 -278 322 -991 -512 360 402 629 -470 745 349 -610 716 626 604 411 -476 -371 236 930 -72 -758 377 860 -430 81 -439 629 -188 -388 -786 184 -762 421 121 516 -678 479 -651 -992 768 -8 563 
849 -127 180 -285 94 -776 500 -243 -242 483 500 35 -127 -996 360 846 -629 -634 -350 387 301 865 682 -213 391 -761 -29 957 -984 -874 -379 375 -182 771 71 678 -561 822 313 -606 -736 764 397 -212 595 958 -36 -558 330 854 -131 720 -258 -421 660 315 -425 799 448 438 658 -710 461 453 -811 -483 -610 67 -781 -785 -256 645 -680 -483 696 339 -352 101 -816 340 -623 -334 -442 -564 44 696 640 186 18 -11 -939 -249 726 665 237 -337 678 -177 853 272 
475 -822 -953 235 -332 -406 489 994 673 784 291 -269 -535 -671 461 -547 -20 204 -47 -225 271 24 -585 -286 -895 -413 441 405 -887 -845 74 -178 -992 -299 -743 -167 310 -253 917 930 -631 -68 814 -870 -782 993 -383 119 -481 837 -515 136 -209 103 -972 -918 38 -375 250 172 -581 -474 562 279 -302 839 -385 774 507 578 -308 343 551 -365 -905 -44 442 191 944 -323 -215 -697 753 -305 227 -585 440 -927 954 -818 28 -773 886 966 11 105 -835 373 -418 -458 
-431 -751 529 703 -892 -525 -417 259 115 -108 597 -286 174 7 562 307 941 558 953 774 -332 -817 424 -820 -689 -407 -981 -404 -44 595 -1 503 277 717 531 155 464 -645 -558 357 718 -311 569 344 285 752 -995 407 414 -302 979 88 -946 -962 636 354 -606 722 -815 899 -115 -956 -760 941 729 -293 -768 879 181 774 -595 -431 -25 -319 354 -573 -206 -746 -146 199 -987 653 -793 -581 -975 666 -675 -524 91 747 -121 507 333 -820 -634 -470 362 -520 553 -598 
752 -117 440 340 -107 564 516 -575 945 -494 -389 608 -531 523 -367 0 941 523 -561 516 -738 -206 -64 -484 343 835 854 -882 -573 245 191 91 -146 540 -359 -526 -410 -136 584 -446 541 817 -977 -850 110 900 -263 -506 -377 -920 989 72 -606 -654 -952 -407 16 482 15 834 193 912 -285 464 -840 -384 777 700 658 198 412 710 -398 -696 234 -899 -366 -447 312 -52 -748 -995 238 808 585 -124 -777 493 -822 53 -363 11 -565 549 -343 -654 626 566 506 855 
-260 955 -597 -80 665 -839 -912 70 -379 -917 922 -159 470 867 -760 -448 -760 -197 -965 680 -299 -981 588 452 132 -762 276 584 -899 -151 985 109 799 784 -839 227 820 13 -539 -858 -928 133 -648 458 813 801 526 26 -637 -411 930 -129 -493 -757 139 -248 -975 -47 -461 -781 721 242 -900 213 363 281 270 298 -591 207 -320 -138 -969 677 -383 -102 325 471 449 -420 -681 279 -153 -793 914 389 -634 147 -34 -909 27 346 -99 -856 -172 -611 -481 -700 -710 -288 
172 -954 27 -256 329 286 -156 371 -623 -249 -595 376 394 -842 -285 696 -356 -106 745 570 -76 423 -822 985 755 221 -897 841 -747 -646 527 758 -268 -385 280 -53 793 723 897 445 155 443 951 109 210 -989 289 340 61 239 697 -351 -594 892 414 938 8 -22 642 -448 881 537 -860 -345 271 -407 586 572 -701 -639 515 630 -763 84 405 -747 -713 -248 -727 118 -609 -264 433 132 -884 968 390 -662 858 -461 -981 58 -620 -87 -23 929 642 573 866 -327 
-172 -697 838 219 422 -123 -503 -353 512 4 -732 -343 401 -670 -900 -767 188 -458 -301 572 -964 -209 -767 959 185 -613 979 243 604 329 -884 786 873 678 168 -175 965 -573 578 281 400 567 -172 -61 121 760 -352 -639 -952 43 730 -766 69 390 -309 352 -873 -306 -40 -475 -268 -779 -699 -209 118 -473 -831 -453 -6 441 792 -8 -314 145 -398 604 -618 411 584 441 397 499 929 746 -316 565 -958 463 808 874 -640 791 30 854 287 -381 -749 160 232 -575 
809 -896 -300 -935 772 -925 69 508 -64 8 -314 895 -63 -532 194 747 -380 0 -785 565 504 332 611 783 -885 -140 -637 611 536 194 -307 -737 -911 -740 -957 758 446 60 -389 -751 -737 607 559 -770 253 5 -862 -908 -243 -37 -425 -733 23 374 -770 642 831 -236 -807 -833 -431 660 -351 -851 -295 -921 -47 98 552 -765 237 -556 710 958 603 536 930 33 802 -3 79 -870 -75 -213 -89 -460 754 439 -745 80 -474 -270 -664 -856 691 578 419 14 672 793 
683 -683 -829 -670 -916 -69 -932 16 -270 -20 75 -879 863 2 -860 -191 797 -823 -590 -719 855 101 162 999 332 116 140 70 893 -713 400 -816 -510 -980 576 -615 312 -237 -705 397 -560 -475 -447 -476 -574 483 614 -219 400 -10 207 414 228 418 926 692 -899 -446 -863 707 679 -368 -167 -171 124 220 -904 496 -607 -618 -419 -614 349 461 -514 -388 -426 912 782 -779 755 -380 289 683 32 -499 -213 -53 -887 -229 -307 -580 525 39 -475 -193 252 611 -92 464 
-472 731 -939 938 -10 -564 955 -21 -22 -678 710 229 -146 217 -699 -824 241 -708 -625 188 101 -295 -223 993 1000 50 556 -622 -974 -618 -537 944 -323 -603 152 -208 -292 -66 -854 -690 927 -808 -671 -296 705 -144 753 -448 -146 -37 136 484 182 -423 522 -795 -472 99 -652 -122 710 -649 877 23 915 1000 38 -9 723 -588 -455 -218 -896 -585 481 510 -625 -950 343 -537 3 834 -216 -691 -837 -656 -269 843 -886 -584 883 -83 59 -360 -764 709 -902 -88 -180 822 
-688 -209 -628 272 -421 -559 -753 -674 -134 -430 786 783 470 -328 119 402 -165 699 -463 298 -955 720 -692 795 -417 592 432 -376 223 -12 471 -3 199 -609 172 81 95 -414 -954 531 644 728 -484 925 -245 -375 -406 -514 -292 -10 28 -120 -297 -768 991 452 -463 -425 676 -853 77 704 -729 978 234 326 393 -501 947 983 -132 -564 -843 -25 243 672 -258 242 -651 -122 -495 390 404 517 673 494 -724 268 781 493 -316 -215 -342 -736 595 -781 858 482 -996 -333 
-110 338 382 -251 103 -775 372 -428 -144 -727 -257 915 401 269 390 453 -994 -293 491 750 267 -321 362 -732 943 172 -731 -721 -20 -559 -248 -155 -738 -1000 -113 221 318 -162 87 621 53 -275 -767 606 678 -362 -520 -567 351 -462 -326 981 197 -245 -445 -969 776 -426 305 680 965 523 -28 508 414 -979 951 750 15 896 -736 505 786 244 -226 -20 -444 768 -846 -372 936 547 142 -533 348 -518 250 -865 617 -159 -312 970 834 723 105 -3 959 1000 374 -234 
393 -204 764 -755 -962 -670 252 -997 -637 -546 130 983 -63 972 969 279 847 -384 292 942 626 971 790 31 -288 -357 -122 603 821 -194 411 258 -420 663 -686 -405 876 -856 584 -477 -235 -915 202 229 26 45 -858 -826 -648 -173 -127 -36 -212 713 61 23 -725 -830 103 217 130 867 620 -495 218 648 -717 942 120 402 -245 -576 -85 -838 710 220 -697 627 -138 126 -525 622 -635 367 -478 -841 -784 323 252 -377 -616 552 466 409 -177 23 -388 589 -956 35 
-403 663 -674 -453 -654 -77 256 772 218 -444 -742 887 863 973 493 941 123 853 523 -477 184 874 473 100 557 -674 -451 -953 -531 265 -585 -422 118 256 218 589 20 -255 -360 17 -766 839 792 -451 -563 -377 16 -942 506 -35 -742 989 389 -952 184 211 625 -556 -586 671 -263 -1000 921 204 609 -379 -366 -477 806 666 206 485 -694 -637 -162 538 -446 702 593 -616 569 882 -977 420 663 75 -914 -994 257 116 -948 409 -693 126 -225 205 -801 -458 -422 353 
593 -309 383 -78 -757 681 303 78 -550 76 -354 347 -822 338 -729 464 490 914 226 -706 -465 -5 14 -550 688 -926 458 314 -170 44 395 878 441 -215 531 142 -278 -526 -789 -999 121 915 -729 337 793 789 437 730 -940 -389 -722 -304 402 224 719 -129 851 26 317 -988 566 -317 -894 456 -970 281 -770 -706 -762 -723 -537 -315 -191 -929 -376 109 -192 -675 -123 659 779 -199 -523 -89 -131 496 -977 181 790 -98 482 292 -200 -264 -396 -369 -103 236 238 128 
-331 -920 -986 -70 892 498 383 453 547 -251 333 -664 778 -391 620 -137 -120 -921 38 411 336 -790 195 -674 -123 -659 299 447 547 -306 -950 331 -19 544 -430 -153 522 221 292 -970 458 -747 742 531 -59 -812 -750 953 -368 43 -782 -523 670 794 546 10 -97 -587 -94 284 -481 -532 1000 743 785 -133 -576 411 -251 933 584 -199 520 556 -530 311 -377 -582 376 190 -656 849 934 -766 -142 -664 814 -919 519 -569 -652 -630 -325 196 415 -634 141 756 -195 -70 
-973 -743 -334 -907 589 -773 -180 -200 -79 -820 -116 874 -85 -724 921 -345 -354 301 -822 -69 734 -14 211 567 933 463 711 -705 -427 492 -371 -972 -53 405 -663 433 -544 -565 574 -896 873 965 -844 834 279 663 912 -599 906 345 -774 -993 703 -354 329 -484 870 -655 -527 -169 412 2 -842 -337 -522 -597 517 0 -619 720 -56 761 658 -247 -581 179 724 -215 875 -56 -77 227 126 -415 494 248 -459 -186 -243 -394 -712 197 84 -527 34 -12 554 719 -87 613 
-493 659 -649 -890 415 104 -326 810 -881 828 122 -531 -523 -24 -894 -209 349 428 671 -227 781 969 809 -59 329 572 -180 6 276 -364 686 563 -537 420 732 802 -295 629 666 -388 -924 729 275 -636 901 700 -57 -11 877 -752 -936 500 -991 -615 907 25 842 207 -436 578 597 -525 781 894 70 141 167 -22 322 641 300 576 498 -437 -953 49 917 -965 179 312 -519 -870 831 -440 -100 413 967 661 269 825 626 -291 -952 468 447 818 -551 400 818 640 
34 879 328 951 477 -779 993 -55 785 652 -775 597 -613 -956 -322 -870 909 1000 -366 528 177 -399 -498 767 -111 819 -958 -273 163 991 627 946 452 -302 783 -237 295 44 -398 -696 -160 42 -202 -558 593 444 -918 203 816 -570 542 653 76 532 -8 -842 -658 357 -311 37 262 -328 -521 568 -851 717 773 -603 -618 85 739 176 835 152 791 163 -626 478 105 364 -421 319 -879 925 404 -111 -181 149 8 -459 -530 79 528 -501 142 -126 312 -939 -84 -315 
-97 493 30 701 -423 -607 371 -592 752 -667 -413 798 -462 209 -760 72 554 326 352 -661 947 82 -116 57 -372 -648 -803 552 -498 782 -675 -141 -679 -589 8 -567 132 -764 -888 575 -720 -609 276 426 656 -889 -190 359 -905 187 -368 -246 -256 17 -74 350 718 815 718 -373 933 42 868 -158 -548 238 218 -644 -125 -776 511 -109 -50 410 578 -498 205 -491 -366 298 352 724 -354 -477 -861 -942 -914 427 -267 -279 212 -285 -134 504 -515 846 -137 -29 629 531 
518 -801 -828 14 -398 660 882 -108 970 384 -239 465 444 410 -842 794 932 -979 717 -182 895 -299 -679 -373 868 -61 155 459 -884 -908 -76 -880 36 -303 -377 265 -489 473 -159 499 -786 -763 -171 825 -224 -189 988 -448 -112 -170 -556 -979 219 -72 -147 183 372 -724 -643 892 736 973 833 -675 -420 179 -251 6 -104 220 -738 -202 454 590 -612 -884 186 529 -685 -871 -408 -555 -575 244 -941 436 128 481 912 685 741 -418 891 -9 363 -958 930 604 401 565 
594 25 742 444 161 -972 -838 -811 357 777 334 454 611 655 781 -788 729 734 -784 -862 769 -608 824 328 581 504 -255 110 -940 -787 163 -550 233 315 499 778 556 585 968 -891 186 818 199 985 -376 263 726 -254 6 244 957 -142 -192 721 -530 -37 324 769 -990 979 939 -437 -211 137 -233 -634 -672 -1000 -399 824 -149 -600 557 299 -917 -649 -895 -597 -544 442 528 860 396 -856 547 231 325 -27 -300 880 142 934 274 479 371 -490 -195 603 -831 -311 
903 -823 473 394 713 -119 -221 -435 746 -406 -621 283 -990 -860 -521 -421 607 -281 -848 -40 701 -141 350 -791 -530 708 -45 -107 393 -691 -215 -235 -7 -169 -897 388 585 914 565 -634 -927 -371 648 558 -871 623 233 47 425 -35 719 180 -670 -534 411 544 -685 -932 -106 811 -476 -1 950 517 972 409 -720 312 -441 -901 -693 -599 116 506 626 -645 959 -785 -764 657 -753 -777 395 -92 475 -580 421 273 -767 -630 -456 750 822 5 853 -979 255 941 506 -242 
-194 -218 183 -319 -815 81 -780 -803 -270 316 186 -554 -1 -715 868 -641 329 -133 -268 -838 543 135 -57 864 756 462 250 19 -804 85 -965 -116 158 -67 15 542 -691 -846 584 -429 -524 577 -192 272 -716 775 511 854 674 -799 -880 -883 -185 -996 671 -852 -822 -115 193 -386 -224 553 259 -11 -942 -700 -866 -164 -66 16 53 -235 50 -346 -92 -754 586 980 -151 -72 48 -518 442 915 -80 204 -280 -192 637 -971 222 -452 -864 837 366 126 403 346 -254 -356 
908 -608 -198 -143 224 136 625 727 799 -145 906 -930 752 -768 913 -474 363 10 -561 -55 949 -138 473 73 -933 -182 941 -646 -89 541 478 -321 124 -301 -836 397 517 -929 -499 -118 493 238 -52 665 223 -595 529 859 893 -523 -836 82 938 644 -667 -557 635 -461 441 -112 -531 -88 -509 474 -335 950 -905 659 301 -17 389 535 -412 597 459 -77 -824 242 530 -841 856 -827 -661 -943 -943 -448 -460 382 157 517 674 312 228 937 117 138 -25 -652 -803 275 
-853 -643 -368 437 794 -412 -890 671 -424 494 -610 235 449 178 -491 -495 -737 141 305 -864 -901 817 -30 565 -810 498 306 -847 -881 -218 617 179 -721 904 834 837 683 607 708 3 147 893 527 -784 778 814 829 322 -663 485 278 -369 272 -507 -200 -340 -757 -27 898 370 394 -198 249 172 -361 -975 -74 126 271 631 269 540 -980 953 -853 -91 -359 -158 -945 -913 90 186 -88 620 411 643 -708 48 -76 41 -991 166 915 941 -519 164 -653 -564 179 376 
283 705 -271 -903 -354 476 -218 -617 -146 -305 676 -130 -370 -926 950 -278 611 238 -720 -30 109 -4 -978 148 -259 218 371 -784 885 208 529 105 312 -645 390 934 367 956 -32 -434 -662 -468 -777 156 -833 184 -162 -761 -479 -110 167 577 -251 984 549 134 421 623 528 358 -63 209 -135 -840 -321 374 487 -864 -332 -224 -406 -541 -357 155 -127 -765 -814 114 126 928 169 632 424 -658 109 283 -196 -612 -578 914 -246 -298 -870 231 -679 35 496 -351 786 446 
459 859 -961 -106 -615 -770 709 327 -84 763 -951 706 -889 -602 843 430 -370 801 -795 938 -266 -259 -398 262 -148 -306 457 509 29 26 16 -316 -422 -254 547 52 420 325 -781 -254 463 797 -219 -346 -446 -337 431 -837 206 -141 804 120 23 -925 441 818 -967 592 86 663 863 655 436 -263 860 747 -872 734 -738 -82 420 -668 842 707 114 900 -809 -455 698 -287 -849 -519 441 847 441 942 597 -557 -489 255 -335 170 694 -375 840 187 621 756 -377 -207 
-61 -534 -985 914 305 -842 -823 -421 -843 -238 118 -96 -281 765 -321 743 114 347 929 -946 -571 -813 -33 928 -363 660 -246 439 4 -51 934 82 918 854 622 831 -89 -459 -536 -724 -739 -659 -434 194 315 -800 -973 825 260 482 474 838 -78 680 -3 797 965 837 279 467 -146 -860 -37 -171 859 811 -120 -20 896 -841 677 481 -464 122 -647 861 713 -95 838 826 595 -792 -681 -266 896 -485 -226 633 310 319 651 238 821 558 337 893 -695 554 -985 138 
-357 839 -279 896 814 522 -90 -903 -973 719 -860 -668 452 -543 249 851 915 -634 -74 733 142 -626 101 -617 490 484 660 404 -792 962 -418 149 422 -615 882 523 -969 348 75 -119 -65 -810 -11 -41 -997 150 -755 406 -8 -721 779 569 -544 -564 -722 328 368 -872 219 469 266 93 -608 -985 -996 621 -55 489 736 -740 -805 123 -659 -836 965 -792 338 -26 -738 334 898 938 524 684 -705 281 369 892 -318 -652 -59 453 -391 -581 -640 289 726 5 574 548 
148 876 -201 -803 -71 991 427 -310 239 -753 -362 -686 -505 636 -135 894 -637 -538 708 751 -919 -519 -985 663 -743 66 267 -537 453 189 -970 -909 121 -77 -199 742 -470 -478 265 -32 -839 808 843 421 585 449 645 -627 964 927 -822 180 -890 217 848 826 570 976 623 517 -557 178 734 660 -466 -886 -743 -958 -250 571 913 450 572 749 138 -857 -959 969 -994 -55 -490 974 803 635 -285 -511 249 542 105 913 805 617 -59 -87 610 385 843 -60 788 329 
-365 -808 -772 967 -780 -445 354 -926 168 709 -669 104 -274 194 436 568 -251 -755 -503 979 990 -279 -186 405 -74 -932 -432 -662 837 -555 242 -693 -600 -519 620 -354 681 663 -384 -874 828 -745 157 -228 382 236 786 422 496 -524 -751 -250 951 785 -580 -703 522 -339 500 730 -980 29 -156 439 318 31 551 831 24 -749 440 783 819 306 509 837 267 400 909 -9 989 552 -524 486 -706 330 -89 -842 -15 -248 -877 994 464 79 448 -425 462 -517 709 -626 
-391 -671 -755 -2 721 -972 555 978 343 481 -929 -17 -97 -54 -37 872 -815 950 -401 -66 274 -369 6 -269 -948 231 524 -177 664 338 -280 -961 343 721 -870 575 -929 -131 153 227 -334 -376 -832 -962 889 43 145 -816 415 897 478 817 701 -957 -798 616 -812 -379 -899 76 -819 794 724 730 688 645 219 -456 855 -590 623 -862 -986 -199 404 450 -578 109 -580 -893 -698 -377 -803 979 119 -576 558 198 -549 475 814 87 -233 -279 -116 543 -765 -956 708 53 
552 -804 -475 -809 -583 -481 394 209 323 -971 392 -224 -723 816 -608 -632 202 -693 -55 -499 -207 -797 -578 668 -352 473 -448 461 -52 -959 -455 435 -826 352 792 -487 -786 -836 -911 -433 -255 -886 -909 -121 -677 394 54 -928 155 197 -117 779 14 2 -603 -333 -292 -874 597 -308 943 765 898 355 -767 50 -225 411 101 -432 971 416 -61 -646 -820 160 946 -379 284 154 36 675 -898 265 -318 -808 -618 -753 -482 953 -863 338 -28 356 360 776 -860 4 -237 337 
-766 113 -17 -657 693 632 938 -425 -279 -845 -232 294 -457 -415 734 -385 -239 -156 -345 807 -556 775 372 494 -285 92 -731 -424 459 -304 -95 -248 -841 837 -108 56 -961 -489 -387 -139 420 -990 46 -162 381 -150 -678 -116 78 -697 260 382 -181 132 -595 -340 -333 613 -389 229 -470 -986 452 230 -677 88 999 -62 -955 865 843 831 -926 892 14 -82 366 -856 887 637 82 -843 465 -739 -328 -335 -29 695 -961 38 -288 360 882 885 645 807 692 310 253 468 
-347 131 -685 -90 -892 719 352 22 -298 255 -215 -814 -103 -527 450 -437 852 652 -600 901 -705 531 -768 414 -470 -865 741 839 -82 -670 -628 774 -913 -207 897 395 873 -100 -533 -669 866 781 479 488 121 -25 115 202 -481 447 -697 764 468 956 65 390 277 609 922 653 234 636 -185 -10 -214 -184 -287 323 267 24 671 320 -744 251 -177 114 -976 -567 595 591 -741 -471 -511 -350 -308 -466 954 798 -931 451 665 -132 -709 171 819 -405 835 -728 -214 -126 
-862 624 -968 -620 -646 546 642 -429 -563 253 353 -426 995 797 -105 517 -73 -657 -375 313 -77 687 163 970 66 -609 519 -887 -688 418 -89 -750 83 -38 -116 236 -92 404 163 -181 830 194 -499 -981 -809 361 -662 727 -84 -601 -896 910 -143 -553 -144 211 -46 -236 -732 -506 -374 -440 21 282 914 83 967 -538 -705 -817 160 637 462 937 932 75 -537 720 -336 52 206 -401 954 -548 -114 -768 -104 382 -730 282 -341 640 5 282 277 -447 -133 32 -397 -994 
-510 343 -446 676 -632 108 692 -606 652 101 -55 945 143 -592 898 -11 -522 0 799 391 -256 -444 454 -572 -869 -915 796 -506 534 601 -665 -738 -287 -296 524 -334 -649 844 231 350 893 252 -875 -640 -409 -864 -747 -409 427 238 -683 420 437 526 -29 -888 -192 483 694 -507 12 965 679 986 -401 923 626 901 224 -452 270 966 -182 -432 -424 -267 581 815 -426 880 -204 758 591 -739 -322 -592 421 -123 111 -947 -612 -955 -744 886 877 630 867 805 719 840 
-875 716 819 -376 984 417 16 16 -45 -513 470 874 -124 -877 675 977 -199 -907 999 -848 -51 -255 653 773 -211 942 -888 -375 857 -976 15 -719 203 -61 442 -88 -943 -941 -580 128 -23 790 264 605 600 -727 -820 503 -631 12 731 -185 -611 -470 946 -375 918 784 -368 973 -815 -110 -922 559 -712 -948 -602 -892 -169 622 194 849 -330 -50 839 182 29 -353 135 197 261 -59 -759 -444 -285 612 -534 106 -873 -578 -172 -1 304 -703 78 178 531 -440 -451 -599 
951 820 -464 278 -925 907 -795 837 -253 168 867 108 -863 -167 452 -782 631 -886 -598 -244 -903 -885 965 708 -315 468 429 73 -267 -654 284 389 -606 471 815 -335 -550 547 204 486 -732 -913 -220 500 -979 -474 871 479 -417 660 -209 -632 -106 251 -231 855 76 439 710 -870 -165 -55 -221 -58 -853 -613 754 262 452 -981 934 -917 218 -448 334 701 -288 -66 657 -937 224 -425 -262 564 -696 935 -721 228 -446 -162 -471 636 -919 223 98 -321 120 785 -405 448 
-932 -246 224 -116 680 513 452 847 909 -141 201 255 -161 835 -185 -840 -124 31 967 -658 438 227 -619 15 293 -691 614 125 182 -537 -856 769 -55 -384 -827 438 -775 475 -598 379 427 -742 -958 -3 373 282 -614 237 615 -724 338 328 -52 53 -847 801 147 -883 792 -664 -370 -527 389 930 -210 -994 -959 -751 -123 -270 -571 423 -306 -731 -506 95 -171 -124 -279 673 151 -377 413 683 -936 507 -998 352 -152 785 -183 -752 83 690 -711 922 21 -542 -159 -896 
