67 7 27 58 91 88 81 72 65 90 92 21 74 27 22 17 29 82 92 3 31 26 99 49 48 65 69 1 38 2 22 16 20 66 70 19 11 99 16 30 92 74 80 6 98 18 81 16 21 15 95 43 14 63 29 9 76 3 43 50 73 17 23 60 81 50 72 49 72 66 91 12 78 82 60 75 52 50 88 69 13 68 27 35 94 4 32 73 71 36 6 52 10 85 95 57 34 93 58 51 
85 99 50 80 72 87 17 83 8 30 58 27 27 65 70 45 95 78 29 24 2 59 34 38 1 36 10 37 46 26 13 19 28 50 48 76 55 82 50 76 46 0 12 49 8 93 81 97 1 74 35 69 81 25 10 16 93 53 47 63 7 20 99 5 35 79 83 57 35 54 63 24 3 36 83 37 4 25 17 87 82 28 89 81 8 60 38 21 65 2 24 13 35 53 54 1 56 36 54 65 
56 88 19 99 21 49 6 14 27 55 9 18 2 30 30 1 60 92 3 50 14 49 44 17 5 54 34 92 51 63 42 9 35 95 56 96 52 45 30 44 57 73 71 10 66 67 98 73 3 79 0 60 11 32 85 10 94 11 85 86 34 41 37 15 57 62 4 70 72 43 22 29 55 52 17 28 68 15 22 99 62 9 2 46 91 72 95 92 59 11 75 82 11 45 57 47 86 4 2 29 
21 6 27 6 68 97 94 49 16 43 28 29 74 54 58 35 38 44 64 93 65 29 3 50 62 48 9 26 37 34 61 56 94 50 99 93 84 74 49 12 12 79 20 69 7 72 58 50 93 30 98 87 31 46 15 50 88 57 20 32 69 36 93 69 64 79 27 50 29 6 36 58 19 14 34 61 54 2 96 27 32 26 20 11 98 48 67 90 34 72 33 96 62 66 29 18 7 26 55 7 
32 55 5 55 74 60 74 98 12 98 68 75 17 15 66 36 93 63 84 25 72 91 68 25 47 87 26 88 93 44 93 15 59 54 38 55 92 9 17 20 64 35 47 99 16 69 38 86 96 94 4 22 72 9 67 40 72 61 53 82 48 71 88 16 68 13 18 14 35 97 38 19 84 70 63 17 29 64 57 14 76 73 96 89 95 30 42 75 68 3 89 31 44 96 92 20 13 19 82 70 
99 45 47 46 69 32 13 74 55 39 13 78 29 86 98 88 57 40 25 49 22 15 10 78 40 3 72 7 74 78 17 85 18 35 71 35 0 28 47 18 65 51 98 23 54 38 9 65 21 79 0 89 5 67 31 87 21 78 52 32 4 4 11 88 78 52 72 26 83 60 75 60 12 56 54 30 51 76 20 15 81 84 70 73 16 45 53 58 6 28 0 67 88 18 93 53 55 13 62 38 
68 77 93 8 65 52 92 1 41 64 74 86 75 33 6 20 0 31 10 44 29 61 53 21 80 90 89 43 4 7 69 89 12 97 99 63 17 66 46 29 13 16 82 15 25 36 75 32 41 24 10 38 39 6 78 9 28 98 98 48 70 27 87 35 37 27 37 60 53 54 32 43 96 54 51 88 70 66 67 46 39 92 0 62 19 87 20 63 41 59 65 63 16 55 92 39 47 99 60 78 
84 19 57 64 44 13 56 75 65 99 2 38 14 58 88 77 0 4 24 95 40 64 78 70 92 82 85 14 1 25 61 82 12 71 54 6 32 58 70 6 4 6 3 69 40 0 2 76 17 85 25 76 86 52 57 82 69 29 79 5 23 39 79 52 34 75 76 34 80 16 40 59 86 58 85 68 95 83 63 6 88 87 58 72 20 62 95 58 13 48 32 76 72 52 16 35 3 52 4 45 
7 92 73 58 37 46 64 35 13 6 33 44 75 74 86 78 54 82 74 88 20 46 79 58 55 53 41 50 4 41 92 3 24 61 94 0 41 48 4 29 50 30 13 47 36 12 61 52 35 60 22 50 30 55 11 8 16 27 39 2 27 76 89 95 37 31 57 65 62 93 93 86 31 18 65 75 38 69 59 42 0 55 39 95 90 82 47 33 98 63 15 20 10 62 8 76 2 71 29 43 
82 72 55 43 59 28 11 38 33 12 81 95 64 69 96 35 3 4 86 73 18 42 29 65 94 96 85 97 90 50 39 32 12 80 92 31 59 92 46 83 81 89 90 19 67 4 85 3 52 69 80 58 7 47 95 43 4 86 53 88 37 51 78 42 44 45 72 94 68 18 18 28 78 84 96 16 14 15 49 18 56 72 72 4 3 93 43 11 27 69 63 88 85 66 96 39 94 50 75 32 
55 36 24 28 93 80 90 67 28 2 84 9 7 46 68 78 58 87 97 91 32 27 0 38 27 62 38 27 53 48 1 24 78 25 0 92 37 95 63 10 78 88 92 99 12 51 27 97 85 11 62 40 73 76 28 87 19 77 12 80 8 71 91 22 9 78 55 54 8 67 52 23 3 4 65 25 96 54 2 11 0 84 66 6 24 85 65 71 66 76 8 4 32 87 25 75 44 46 98 11 
58 81 87 0 85 76 90 8 21 18 27 2 90 61 83 53 41 59 51 62 2 98 22 97 73 9 59 6 27 82 43 89 53 36 5 76 15 10 65 84 78 99 37 85 36 3 44 23 57 30 71 48 86 23 40 19 16 72 19 71 18 44 97 63 7 71 85 51 10 61 55 6 91 40 17 83 38 66 51 64 50 11 64 90 67 94 17 49 85 55 26 15 7 6 78 42 14 32 31 62 
2 23 13 92 39 49 88 15 76 99 15 99 88 35 96 94 43 15 89 83 55 83 83 20 33 77 1 81 31 19 44 20 89 9 84 63 58 50 8 66 57 67 28 18 33 42 52 28 46 18 11 23 71 17 15 46 89 92 92 89 95 46 98 97 15 59 48 75 71 55 78 89 93 4 99 64 74 12 64 24 18 30 42 13 24 41 79 99 26 85 50 75 51 56 29 5 6 10 37 6 
65 50 8 32 60 64 64 97 23 25 26 60 80 83 98 17 47 83 38 26 73 89 16 28 26 69 90 36 83 3 49 74 59 39 43 98 96 55 49 73 59 4 93 62 96 59 76 76 81 67 44 45 32 37 32 4 94 94 17 80 7 68 78 8 73 84 78 19 87 34 50 64 80 76 38 9 68 43 29 99 72 91 79 54 85 73 33 62 14 70 77 77 28 81 93 44 73 47 39 71 
19 10 33 93 29 69 19 65 7 27 44 98 47 2 68 41 45 91 11 13 75 40 83 50 86 25 24 78 82 13 75 89 83 86 41 11 92 66 25 92 63 30 35 44 53 8 61 24 40 63 37 5 29 10 62 3 88 37 82 58 65 31 92 4 20 47 9 62 73 41 49 73 51 86 2 23 59 85 77 53 30 23 29 74 86 95 33 66 44 59 20 52 74 48 59 9 93 48 98 78 
37 87 41 15 55 59 17 50 60 99 43 89 89 34 52 88 54 48 54 84 84 68 26 8 25 86 91 56 95 0 26 82 49 91 72 3 30 57 72 84 64 56 77 25 66 72 82 51 31 76 15 32 42 75 86 74 66 75 5 18 22 44 2 67 56 69 22 19 96 75 67 88 94 7 42 31 68 8 19 5 81 40 21 70 13 53 90 53 17 52 74 29 80 72 59 41 61 35 5 89 
51 66 36 22 33 10 49 2 10 54 30 24 89 97 80 56 65 64 41 92 93 77 95 61 46 22 3 61 11 5 4 66 16 2 36 5 1 10 91 40 70 28 97 56 85 6 29 23 14 17 33 44 50 99 29 54 7 32 46 15 53 9 17 80 89 24 48 78 83 7 8 98 64 10 82 36 84 96 77 93 85 89 53 69 88 6 8 96 8 13 28 59 17 63 38 90 61 83 15 64 
80 48 44 88 75 86 13 54 3 60 53 74 20 83 53 44 51 91 38 4 76 49 95 83 52 22 73 80 76 60 18 7 21 66 84 36 36 43 13 3 81 36 0 66 3 29 27 23 97 81 82 2 69 62 91 33 88 81 86 65 35 21 65 98 25 20 29 8 98 22 83 9 65 72 76 33 65 81 56 0 67 1 8 82 72 28 84 25 82 9 59 6 40 58 2 68 16 41 51 93 
67 36 13 50 94 5 28 10 49 16 92 46 84 5 23 17 80 86 31 93 62 5 73 3 76 29 62 82 37 20 14 54 79 85 40 87 92 65 14 84 25 27 8 59 55 70 87 28 71 26 80 64 59 75 16 17 49 98 69 72 78 18 26 93 73 91 95 48 24 14 93 38 16 73 72 23 58 58 19 58 47 13 83 27 79 26 48 7 48 20 75 34 36 90 13 61 23 56 26 79 
20 86 44 96 81 69 55 80 48 60 6 73 7 72 63 15 36 6 13 36 83 10 45 57 81 22 37 37 23 56 67 82 23 18 7 24 77 6 27 59 0 69 29 26 65 55 44 20 2 32 4 39 38 63 56 27 87 45 15 8 14 89 66 89 39 62 56 0 51 18 84 56 20 44 33 95 14 84 9 55 63 53 9 75 88 29 34 39 77 1 4 87 54 48 1 17 90 10 68 27 
68 50 18 47 1 39 68 72 63 69 16 41 9 0 96 0 76 72 75 12 33 56 48 62 48 48 24 27 86 51 8 37 41 94 6 11 55 16 27 43 27 19 29 13 8 62 5 20 88 2 58 97 0 25 67 23 48 11 11 93 68 18 94 27 75 34 31 8 82 37 55 70 94 13 27 65 75 48 62 40 9 30 42 44 44 94 57 31 71 34 27 49 80 80 34 58 1 70 76 55 
49 70 10 70 64 57 53 50 20 86 62 36 90 48 5 39 56 11 79 51 79 30 87 74 8 73 60 34 88 61 97 24 57 88 60 77 16 44 2 22 37 47 26 49 73 72 68 43 2 58 0 42 0 58 54 87 99 29 69 30 78 33 52 3 57 5 10 76 9 51 51 46 21 41 23 94 34 53 91 27 99 5 37 28 76 93 54 11 36 30 74 57 99 70 26 55 63 66 47 22 
78 37 40 84 94 99 86 85 26 26 70 13 97 85 60 71 75 56 96 64 2 13 32 56 1 56 47 19 21 37 33 39 60 77 94 81 60 80 81 90 26 18 68 15 27 46 86 39 94 32 84 25 38 41 48 2 51 80 59 71 8 3 65 34 4 72 24 15 17 27 80 70 17 79 40 59 56 7 53 96 32 69 33 28 89 29 21 29 74 44 64 63 99 47 69 39 46 52 61 52 
47 81 76 83 93 8 23 61 44 48 42 16 38 13 77 80 70 23 1 23 24 84 31 50 99 8 65 49 7 30 7 35 55 24 60 78 75 30 89 51 37 3 84 98 51 96 84 30 20 0 94 11 84 2 90 1 79 67 11 28 14 65 3 20 98 53 96 38 31 57 98 39 32 78 19 64 91 3 23 51 86 81 86 38 99 11 42 83 64 14 75 64 0 89 16 68 9 11 7 87 
47 94 84 71 3 15 90 31 10 17 31 61 18 44 87 85 48 38 98 32 3 98 31 71 77 66 26 26 42 89 0 73 6 68 2 63 72 2 78 81 64 50 61 16 13 3 20 24 22 12 7 89 8 38 57 13 85 57 81 11 22 26 60 40 48 55 14 60 90 90 93 2 75 36 96 97 31 65 3 9 15 69 95 90 76 9 85 60 35 8 44 21 69 5 14 29 26 79 9 42 
46 81 1 19 38 33 41 8 57 94 17 65 41 53 60 33 44 30 0 69 24 46 60 38 98 39 72 8 32 73 51 81 27 86 5 59 5 10 13 91 49 30 36 79 79 1 20 81 7 60 14 65 69 39 34 18 57 53 51 16 92 74 98 43 61 85 25 72 92 5 87 88 15 70 19 93 65 92 58 96 20 55 55 43 67 89 16 86 6 48 34 25 24 24 84 26 10 84 50 40 
23 86 96 93 28 44 57 94 18 35 74 67 3 63 5 44 73 41 95 13 32 14 36 59 52 78 93 21 52 89 33 20 2 42 42 78 89 10 70 9 44 60 75 64 16 45 82 86 12 58 62 2 20 93 70 68 52 75 76 97 64 96 48 38 10 4 32 4 86 33 26 22 37 36 70 73 58 30 62 37 91 43 10 67 74 52 64 96 79 49 74 11 40 36 76 14 31 17 99 41 
13 32 36 66 37 13 42 24 21 88 44 38 56 29 49 88 95 60 77 50 10 35 9 24 51 13 58 41 47 55 48 2 73 79 73 81 57 82 0 20 68 77 81 13 95 97 94 42 91 44 33 5 18 86 18 57 62 91 12 75 57 9 97 69 23 64 54 5 25 48 36 70 88 84 21 50 72 86 80 95 67 15 63 5 34 84 94 28 84 71 82 7 35 58 75 43 16 78 41 72 
83 17 44 55 38 71 67 83 46 76 53 36 50 43 89 82 14 1 54 68 96 70 69 10 43 84 93 65 4 74 60 25 74 21 15 80 97 22 34 1 11 6 69 57 52 20 49 41 47 99 88 86 19 95 60 61 81 71 38 99 37 34 83 52 38 44 23 73 58 63 13 71 12 4 60 47 7 77 80 26 0 9 58 58 90 84 4 72 81 66 18 61 22 13 29 38 23 40 52 44 
54 88 41 13 36 36 80 94 86 40 55 50 46 1 82 99 56 31 54 11 92 89 13 95 33 90 5 15 54 34 50 88 82 41 91 57 1 35 60 85 1 33 45 54 32 81 77 60 10 53 16 0 69 85 32 72 39 77 26 11 47 50 16 42 38 98 52 11 24 39 71 14 0 53 60 90 60 17 48 88 12 72 98 97 27 38 51 38 34 2 58 78 20 7 13 25 57 18 17 51 
28 6 9 3 60 8 6 94 77 7 7 73 50 76 46 45 58 61 54 76 13 37 78 97 92 91 80 55 72 35 2 7 62 64 91 1 85 88 21 4 30 14 10 49 52 21 50 69 91 75 43 36 46 26 72 73 1 33 64 3 74 49 67 98 46 18 95 39 94 52 95 48 68 59 55 18 60 40 54 81 42 1 84 93 14 45 94 72 25 16 69 21 1 63 36 11 83 84 57 15 
98 9 62 80 53 37 70 0 50 97 4 92 33 59 66 46 68 79 65 38 13 31 1 21 86 59 69 22 69 19 36 1 80 68 41 95 87 86 29 1 70 95 37 25 91 87 9 66 26 87 51 65 61 52 19 15 43 76 66 59 86 1 73 61 79 55 76 52 7 81 55 72 38 15 69 69 90 48 33 49 83 14 7 41 2 45 58 63 82 3 7 5 77 74 21 9 99 61 75 41 
28 76 38 79 74 82 86 31 16 38 98 80 93 71 84 77 41 98 12 25 62 64 82 9 56 73 21 88 90 61 61 20 4 41 1 3 10 4 2 53 80 35 46 2 46 71 72 27 67 73 26 6 65 22 0 33 33 70 61 64 75 56 4 73 31 39 11 71 91 29 17 3 60 76 30 27 34 56 58 25 31 90 31 42 6 78 97 64 45 39 83 28 79 13 89 84 61 59 62 28 
86 52 93 30 25 42 75 7 13 78 12 27 8 75 90 49 99 43 35 34 2 78 29 95 44 13 42 73 76 85 62 54 64 18 96 30 76 33 36 53 26 49 75 32 13 26 50 3 37 33 20 71 49 49 93 24 23 45 63 98 13 2 60 39 11 71 25 54 58 97 29 20 17 4 0 68 65 44 18 11 72 3 65 92 39 68 57 55 22 90 64 24 75 61 87 30 35 31 26 84 
48 86 70 61 11 21 27 36 85 17 25 75 72 16 92 21 57 32 59 7 35 52 94 23 50 76 67 40 85 89 75 59 18 60 85 45 99 21 33 59 11 53 37 4 90 46 15 90 89 84 95 35 34 66 62 66 38 27 95 4 46 89 24 84 34 45 48 5 74 53 11 13 31 48 73 34 87 68 6 46 79 72 6 25 55 7 94 7 89 31 40 77 1 31 35 71 51 63 23 56 
38 92 62 76 42 73 22 78 8 4 13 46 60 41 34 24 8 74 43 59 8 21 80 58 34 62 14 55 63 95 77 44 90 11 60 1 73 39 2 85 10 66 89 51 84 84 98 13 61 27 16 92 32 95 14 69 93 72 83 76 73 83 11 58 58 40 55 57 70 89 30 82 50 65 56 6 77 97 19 10 6 60 15 23 86 71 79 53 93 20 0 27 87 26 44 47 55 1 32 78 
98 26 72 3 1 3 33 9 91 86 16 87 24 58 53 43 15 29 24 88 63 98 63 65 25 18 59 51 76 36 30 57 83 20 27 86 28 35 18 44 86 33 44 25 33 24 48 15 83 36 45 70 38 42 35 24 39 16 20 22 37 36 65 66 72 1 71 3 7 65 70 99 85 64 32 47 28 75 34 80 18 81 14 22 11 86 4 26 90 52 21 2 29 74 97 85 57 0 48 55 
12 87 41 69 72 1 59 81 99 49 95 56 38 42 43 30 2 87 68 33 22 21 37 65 9 45 83 81 96 59 51 13 43 43 56 71 58 82 97 99 73 0 15 15 26 17 68 8 41 52 13 24 21 94 99 11 66 99 32 16 65 0 83 0 25 97 21 72 90 44 49 64 39 31 3 72 17 99 0 14 46 85 96 97 2 64 8 24 18 4 72 79 1 7 8 60 57 53 36 68 
88 89 14 81 57 83 42 9 41 74 13 47 34 34 21 41 57 1 35 66 17 53 59 47 40 54 35 93 52 63 44 89 24 61 51 72 3 85 21 31 28 57 11 2 94 0 53 99 11 62 27 8 39 37 94 13 25 36 30 27 19 81 14 85 38 82 11 72 86 71 17 73 95 51 6 62 34 18 15 58 38 71 82 96 96 38 79 57 5 0 29 40 46 97 91 21 83 99 72 75 
80 63 44 62 34 44 35 33 53 14 86 26 60 17 83 33 83 94 91 13 53 52 18 28 38 42 48 5 47 91 14 0 27 3 13 48 96 6 65 48 59 16 53 35 77 80 59 82 24 42 0 17 48 10 72 55 95 23 80 43 37 45 94 18 52 53 65 31 56 1 83 40 79 45 19 90 61 98 36 6 37 80 86 13 46 76 83 69 36 80 79 29 36 11 1 94 89 10 4 43 
48 80 17 10 39 49 37 97 4 92 31 53 94 68 81 21 2 51 49 4 25 30 58 58 91 66 11 53 58 91 94 29 2 64 66 33 88 50 61 34 4 26 67 8 69 76 14 8 66 10 59 78 38 90 7 20 99 76 45 55 6 97 1 39 62 0 83 69 48 72 54 85 63 16 36 5 53 64 17 78 89 7 14 6 65 99 59 8 0 93 45 37 33 77 0 28 30 27 25 44 
40 71 28 20 54 12 98 47 41 39 77 62 25 33 6 84 38 99 73 42 95 72 43 92 19 81 48 34 40 58 93 1 42 79 81 27 40 78 15 70 19 37 18 92 2 30 42 24 48 11 78 63 58 61 38 82 0 92 69 80 53 74 33 92 62 74 73 76 77 97 5 61 8 9 68 41 61 86 61 95 10 89 86 4 98 39 55 75 64 70 24 65 70 11 16 76 40 8 60 63 
92 5 30 11 27 5 87 86 45 14 93 21 34 32 46 27 22 85 7 56 94 67 62 45 17 7 93 54 16 60 26 52 52 63 78 95 27 88 11 34 73 47 47 21 50 19 98 47 30 66 26 77 49 72 58 87 9 46 41 16 86 30 28 63 96 58 84 26 2 78 77 50 93 7 54 70 56 13 22 2 12 27 27 2 74 31 73 29 41 41 28 75 14 16 2 55 5 91 85 19 
27 17 33 80 68 37 85 60 72 41 97 89 46 85 69 57 27 92 80 92 5 78 23 40 9 51 50 19 50 28 63 93 98 5 96 80 14 27 27 81 58 42 95 1 34 86 90 91 26 85 66 1 58 12 45 8 36 28 1 71 86 92 9 71 76 13 44 13 10 86 43 93 83 61 43 12 75 44 30 79 83 71 32 66 64 28 92 42 55 57 2 73 23 55 14 22 76 59 39 42 
29 24 82 43 99 98 95 86 96 40 82 90 54 61 11 48 75 56 4 67 79 54 62 95 44 31 27 86 41 81 98 3 11 24 66 3 70 63 86 68 27 20 23 6 74 39 85 47 94 99 32 44 19 74 69 95 4 63 72 5 24 54 93 35 58 26 38 52 15 22 30 1 53 33 20 7 97 87 63 62 71 32 53 98 78 88 27 37 6 25 88 49 35 74 88 78 11 3 42 24 
91 8 51 52 73 3 94 63 56 10 68 15 61 18 84 11 43 17 27 32 64 74 20 20 73 14 41 54 44 74 69 90 91 17 25 56 95 64 83 15 43 20 25 65 56 38 57 26 14 95 61 79 38 78 26 32 33 99 58 26 36 9 18 39 7 0 93 8 31 24 5 81 40 55 34 10 42 86 87 91 74 95 85 10 32 80 75 4 98 95 12 40 70 68 76 24 8 74 47 5 
30 15 5 75 24 22 47 66 31 63 59 73 85 72 52 77 66 90 22 40 44 68 38 30 92 44 44 77 67 79 46 39 53 76 87 33 68 90 81 25 16 77 23 90 60 25 25 62 95 14 38 85 27 82 28 90 67 85 83 4 53 2 67 50 59 23 55 1 15 71 27 11 1 46 16 67 52 2 10 22 84 62 7 74 77 19 53 96 29 23 11 34 48 34 53 4 85 30 69 58 
7 66 44 12 84 90 58 50 16 19 86 83 67 97 72 65 68 28 5 1 83 99 87 21 54 95 34 51 37 68 93 44 12 85 13 40 78 51 28 54 17 76 51 12 26 15 97 33 16 43 29 23 85 67 65 50 62 11 5 66 84 58 28 38 8 39 19 12 13 96 44 58 46 9 60 70 52 74 1 20 11 22 58 3 52 59 81 40 48 23 60 73 1 48 84 8 18 45 32 2 
89 86 51 72 4 66 14 96 11 8 9 71 31 64 42 9 41 69 54 70 24 38 72 35 42 56 97 2 52 85 24 60 75 46 76 77 79 22 10 79 46 21 58 38 64 94 49 79 79 15 43 75 5 26 58 86 94 91 5 60 52 26 76 42 86 6 4 92 73 65 37 87 31 91 83 42 57 86 73 28 36 22 81 40 88 28 77 4 18 61 32 44 86 95 77 40 4 54 32 26 
56 79 51 83 25 98 50 79 25 16 67 91 76 28 96 0 37 15 55 79 10 72 0 81 81 44 5 45 36 63 91 57 83 51 28 24 78 68 12 3 87 11 3 75 97 82 32 56 97 37 60 87 81 36 41 5 63 86 36 45 76 97 78 89 46 29 85 38 90 51 8 55 18 9 86 67 53 47 30 83 63 24 97 86 68 53 72 62 31 21 83 26 7 49 66 76 15 1 41 55 
89 79 2 80 71 33 42 16 67 50 59 76 27 21 64 5 14 21 9 26 52 87 71 26 78 6 29 85 66 1 69 65 4 54 43 72 76 26 7 48 90 71 48 15 66 77 0 26 78 58 47 54 10 32 42 51 68 46 13 29 7 8 57 30 76 95 30 96 10 13 23 67 0 32 15 64 21 41 96 43 72 13 11 56 90 56 45 3 4 91 52 46 60 60 68 10 6 64 99 33 
51 27 60 51 58 60 13 89 44 0 51 4 49 3 18 47 94 81 82 48 80 60 50 80 63 66 14 80 52 38 6 52 29 90 65 66 90 28 96 51 64 69 19 92 89 98 16 67 89 96 40 55 78 14 72 21 71 50 5 20 18 89 96 15 35 49 4 22 41 99 38 68 54 27 57 12 39 53 96 67 75 20 77 41 95 50 48 34 34 84 84 94 88 84 98 41 15 53 98 29 
18 94 61 39 80 11 73 53 85 55 71 33 34 39 87 62 25 83 76 34 10 86 87 51 44 56 0 84 90 73 88 75 16 88 28 18 7 73 84 41 7 97 79 25 50 97 80 24 38 75 26 55 61 60 86 60 77 26 78 85 93 36 85 58 20 72 56 42 20 89 1 90 84 53 69 99 86 59 38 85 69 39 84 20 35 40 63 69 22 82 1 39 37 87 22 2 18 1 89 53 
10 50 17 55 37 11 1 30 87 35 53 7 57 98 59 24 35 56 51 32 4 76 71 99 84 25 85 2 4 54 36 31 70 33 82 41 31 95 84 34 59 43 74 2 25 89 60 84 50 73 37 13 54 42 14 35 88 58 54 54 96 34 21 19 20 81 11 7 82 93 21 78 3 61 98 63 63 81 82 97 17 49 10 41 24 60 44 35 31 28 10 35 9 9 21 49 41 65 79 11 
16 36 67 62 66 31 52 68 89 43 40 50 81 14 88 46 54 7 66 20 64 23 74 84 86 86 72 48 67 7 15 11 16 52 4 15 59 76 73 23 47 86 30 51 37 42 86 17 84 21 11 31 98 66 47 0 44 80 51 73 90 65 55 13 31 41 13 45 60 77 13 39 82 47 56 48 30 24 50 39 97 22 57 26 23 71 88 35 38 95 42 9 1 81 10 84 13 25 67 28 
19 17 10 45 57 16 42 72 62 3 35 96 78 40 15 0 92 5 65 62 36 91 75 77 53 22 81 15 14 15 31 55 47 84 24 26 40 68 84 83 57 76 48 10 73 17 64 52 21 18 21 26 30 57 69 9 41 37 54 80 94 35 95 45 5 67 63 91 78 89 70 44 13 80 37 42 59 43 71 11 51 20 34 50 99 26 60 62 38 31 66 9 87 27 57 87 86 87 42 14 
41 23 68 18 84 76 87 36 22 46 17 20 8 52 86 92 60 86 84 61 94 35 95 87 80 14 15 92 51 86 65 79 91 79 57 54 75 71 6 13 60 46 19 89 84 16 81 79 3 73 29 80 75 5 9 61 59 48 80 86 34 14 54 7 19 12 99 1 67 84 63 68 37 50 27 39 64 24 7 2 36 17 28 85 19 3 28 22 90 32 75 24 6 92 34 11 14 50 91 28 
69 88 51 24 99 26 89 30 16 15 7 34 22 94 32 24 99 68 40 39 59 46 37 22 57 20 47 73 69 83 43 65 3 30 51 30 41 99 87 27 9 76 89 82 13 47 40 58 41 63 2 45 47 56 57 78 36 58 53 29 11 9 58 87 10 4 94 55 0 83 13 79 62 47 18 0 77 28 69 7 37 47 41 53 87 2 64 58 63 29 89 98 11 53 44 32 57 54 80 66 
39 22 81 41 68 44 97 90 22 60 47 22 72 43 93 14 42 58 53 71 0 66 79 69 86 1 3 25 77 47 27 46 77 80 65 51 51 64 67 33 4 6 74 19 43 5 12 21 61 76 35 88 90 17 31 9 92 18 61 17 81 51 78 10 59 25 43 21 3 11 36 93 30 47 61 36 4 87 14 1 94 97 12 89 45 35 66 1 32 70 35 47 58 13 34 43 95 38 57 33 
74 22 14 31 74 96 7 96 4 22 6 76 91 40 43 24 91 45 28 64 3 53 9 71 82 60 56 25 65 83 46 66 28 56 6 92 8 32 62 79 15 45 0 56 73 33 46 98 95 88 84 71 74 89 58 2 65 29 90 51 88 54 31 2 29 11 21 90 13 11 88 0 58 64 20 34 45 6 91 35 85 41 88 96 23 28 96 64 82 89 84 54 74 97 26 98 56 87 67 72 
26 98 18 61 25 36 47 47 55 33 49 93 60 0 89 28 25 99 40 11 95 27 34 97 48 15 99 60 80 17 25 8 41 25 29 37 58 55 43 86 7 58 70 4 24 74 52 31 56 48 71 72 0 16 75 67 96 19 64 86 0 41 59 31 8 11 39 67 4 42 2 39 9 97 87 64 96 12 29 33 16 78 88 13 4 39 33 12 35 26 66 43 51 7 90 64 56 74 66 82 
43 36 30 10 58 54 41 77 43 24 99 62 51 80 72 0 35 90 59 96 82 63 3 59 23 32 23 90 30 85 49 23 25 11 11 70 92 86 19 54 60 14 88 71 67 38 96 5 52 90 83 25 90 82 62 10 8 36 77 47 80 3 39 73 73 7 90 71 50 55 21 96 65 98 89 42 75 6 80 37 60 6 65 48 26 69 39 51 17 49 70 88 96 74 90 55 44 35 39 71 
11 23 40 68 96 55 12 67 69 83 4 22 16 78 63 57 25 83 89 31 99 45 94 87 74 17 72 84 42 21 73 18 15 75 2 76 26 65 78 78 42 67 15 21 55 13 59 48 59 54 94 55 35 86 67 69 57 72 1 80 90 16 72 58 54 63 70 5 57 13 64 94 41 77 11 93 37 83 1 34 0 68 74 19 46 76 0 74 29 92 29 7 72 39 39 21 90 29 25 58 
81 96 62 92 32 91 94 77 32 7 42 86 65 73 37 72 66 71 31 52 27 8 37 98 21 55 25 8 44 3 64 46 39 89 28 63 79 76 17 67 81 97 22 92 16 35 10 78 82 99 22 29 92 88 23 53 55 49 59 35 8 97 57 28 35 41 96 36 38 16 6 66 17 37 27 82 55 19 76 49 77 65 10 64 53 74 93 4 77 99 58 36 65 21 48 4 14 10 10 25 
8 7 7 91 37 82 20 51 39 53 98 25 60 39 27 36 26 74 67 35 92 19 29 69 16 75 61 47 60 21 83 23 27 30 69 52 97 65 89 70 94 32 66 26 32 36 86 32 44 60 92 32 6 54 28 47 85 46 73 4 6 37 68 72 21 65 24 99 87 37 71 11 75 71 38 88 56 97 85 79 33 80 43 58 70 11 92 5 78 8 48 24 93 88 74 25 76 65 42 7 
94 39 11 96 88 46 15 84 57 13 51 19 66 51 9 83 66 66 55 64 51 69 38 12 67 42 25 86 13 93 82 53 85 58 88 52 94 12 31 31 92 62 25 37 48 10 30 20 14 27 29 58 79 81 5 61 57 38 4 72 21 63 12 36 24 36 56 95 98 45 60 29 15 7 78 12 65 55 69 50 9 69 70 40 71 23 66 21 27 56 73 97 0 67 63 56 52 71 25 17 
33 76 18 32 42 73 3 28 18 23 87 3 60 92 56 33 1 43 67 68 70 0 7 31 73 60 48 26 30 85 9 42 35 4 9 47 60 7 20 49 13 80 36 66 50 3 17 84 77 50 43 83 49 95 47 0 68 43 52 68 64 17 5 17 94 21 69 88 64 57 7 2 74 99 72 8 96 54 37 12 51 43 29 53 44 82 34 76 46 14 37 59 81 92 73 88 18 57 77 4 
52 71 11 72 90 94 5 10 33 82 14 82 81 59 78 43 0 38 68 6 15 68 38 34 98 57 18 81 38 71 54 28 61 51 14 86 98 52 11 98 73 78 49 67 3 57 55 53 43 11 10 12 3 22 60 7 20 97 74 53 78 47 4 0 85 62 61 21 9 7 50 84 75 59 23 33 63 10 74 58 95 71 19 52 88 72 87 28 45 66 57 7 46 54 24 12 29 18 81 34 
4 4 57 45 91 21 12 66 54 40 2 45 17 53 3 68 79 86 6 68 70 45 97 17 72 96 36 23 23 99 32 13 89 83 36 37 23 26 85 72 97 36 53 4 82 59 64 63 37 38 86 58 31 75 93 44 10 62 83 19 45 72 72 57 16 14 0 49 69 6 77 17 58 63 90 71 26 88 27 18 11 40 19 9 54 62 57 97 96 11 10 63 53 8 91 88 96 0 80 45 
97 91 94 88 55 11 13 39 2 35 45 27 53 30 91 12 86 58 8 34 77 20 27 92 97 18 25 4 91 60 28 18 12 36 16 86 21 85 36 8 64 18 53 75 66 84 79 53 3 88 6 78 52 34 66 2 27 15 99 53 33 73 50 25 42 36 59 12 42 33 15 90 36 70 99 90 39 15 8 96 69 4 28 34 53 24 73 2 81 12 66 80 6 24 43 66 70 72 74 87 
25 48 30 54 59 7 47 64 7 61 98 47 10 86 73 69 69 3 20 32 35 71 22 53 37 38 76 72 71 3 38 29 78 70 56 4 89 46 58 66 80 44 98 70 83 73 82 31 4 73 31 26 65 79 71 69 94 70 22 80 7 9 70 79 75 55 45 20 89 55 4 42 65 51 79 27 93 81 75 20 23 99 23 28 50 7 57 77 92 15 20 52 27 32 97 56 46 4 77 63 
73 1 11 79 34 24 21 63 87 2 36 40 85 90 35 89 75 7 28 58 15 31 21 86 3 98 17 9 83 31 3 38 75 57 78 32 77 46 96 59 62 75 52 78 75 11 60 81 22 62 74 59 55 69 99 71 74 93 34 41 82 98 69 25 69 68 7 30 24 23 64 30 9 26 3 40 38 17 65 64 86 85 3 40 62 76 57 10 78 98 12 85 16 10 19 48 57 64 22 17 
16 85 11 83 53 54 5 40 3 5 6 35 95 32 21 73 49 90 66 7 26 65 54 48 77 18 12 72 86 79 42 79 39 95 8 94 92 14 51 30 87 14 51 62 15 87 25 20 6 97 70 67 55 23 19 35 68 97 98 87 79 10 93 3 97 80 17 91 87 27 73 88 84 94 4 37 85 82 74 34 68 34 82 25 66 81 62 25 78 14 32 70 58 89 9 28 27 88 57 36 
28 66 26 97 63 17 21 81 25 73 13 27 42 57 44 39 88 38 43 0 57 36 80 37 39 88 84 14 48 54 65 16 92 39 99 2 89 26 52 47 61 78 17 9 0 30 88 8 95 44 76 17 9 46 90 98 91 10 40 30 78 73 87 26 77 94 29 67 15 51 91 30 61 57 73 95 56 53 99 81 95 42 91 21 97 96 11 72 69 92 32 30 39 86 28 78 5 4 9 29 
87 86 32 14 4 31 6 22 44 36 86 25 67 2 61 25 15 19 19 12 77 35 13 67 3 6 88 77 33 21 72 31 29 83 13 74 22 60 76 30 13 74 2 89 84 26 57 8 26 38 56 97 69 85 48 93 19 68 7 11 45 63 76 20 77 25 34 89 94 7 55 98 46 54 53 12 89 62 54 43 59 41 13 54 5 47 29 46 37 65 40 49 86 98 18 71 53 16 39 52 
53 9 54 0 50 20 77 42 99 5 79 76 63 69 21 33 95 9 54 0 98 56 84 90 73 23 9 92 16 94 96 14 61 13 69 91 30 54 90 26 86 27 26 91 49 89 52 52 65 19 17 45 61 11 13 61 55 92 34 42 64 70 1 93 81 97 79 56 57 69 27 58 94 76 47 30 40 71 87 58 68 43 90 59 69 88 36 17 98 13 10 61 47 79 46 12 21 49 82 32 
88 12 58 41 50 66 56 49 51 74 29 53 55 83 72 82 82 19 31 45 43 60 23 90 13 46 94 94 54 64 27 70 37 11 26 33 73 57 0 44 41 89 13 49 52 7 47 59 83 66 84 80 62 71 86 84 16 37 13 92 87 21 92 16 63 11 42 6 31 98 45 95 74 2 56 4 91 75 53 94 94 58 9 62 94 2 79 43 46 10 85 99 18 45 5 31 6 66 58 56 
49 19 49 4 62 16 77 45 89 72 75 61 76 33 39 51 55 56 99 19 66 18 67 33 35 23 52 25 60 28 56 65 99 35 1 79 15 12 16 79 33 24 10 59 14 89 6 0 41 62 4 27 2 12 51 39 5 36 14 35 67 72 27 59 72 70 55 65 1 97 10 27 87 61 19 9 50 3 52 15 21 18 99 87 45 1 34 8 31 54 42 31 45 95 92 46 89 52 9 20 
52 31 54 84 57 36 18 23 73 52 76 41 51 85 27 69 22 50 49 13 52 66 49 5 30 29 95 4 85 45 57 34 74 46 88 89 0 12 29 78 49 23 79 85 42 17 84 90 36 56 48 83 97 17 19 51 44 53 26 39 2 56 94 99 30 62 11 29 79 64 55 64 35 5 67 74 22 91 97 61 61 35 76 2 26 37 9 92 7 83 58 33 50 12 18 57 23 43 79 32 
27 58 36 36 12 37 14 46 71 14 44 29 99 37 76 18 20 82 99 75 8 28 36 4 75 80 32 52 95 84 9 87 78 9 40 75 78 91 23 16 54 77 52 11 99 72 42 66 49 43 60 28 4 20 96 1 72 62 12 1 29 61 53 14 72 18 37 74 6 56 69 1 85 42 76 2 18 86 99 62 27 26 8 25 68 12 40 1 38 41 27 41 62 87 7 57 94 16 92 47 
49 49 29 87 27 28 6 39 79 2 11 45 45 45 99 89 32 78 87 86 51 45 43 27 80 66 64 13 61 11 3 28 24 88 40 59 65 71 27 96 98 5 63 62 54 32 43 43 59 48 55 99 89 12 18 44 99 10 72 71 58 45 33 53 88 41 31 85 82 78 25 34 82 30 49 30 38 61 65 23 86 84 10 83 58 97 7 55 83 67 90 93 59 76 82 65 32 66 78 73 
77 31 22 49 47 80 32 93 30 13 80 11 96 44 75 53 72 99 39 76 30 19 52 32 7 15 80 7 66 12 13 78 99 7 51 27 23 37 95 56 14 43 8 17 33 14 3 73 50 92 9 54 94 46 30 63 4 85 48 6 9 74 26 38 68 46 58 3 8 94 44 26 89 59 34 47 82 42 25 63 51 79 21 49 13 71 60 18 68 30 83 77 57 15 62 41 61 55 12 12 
24 97 89 75 23 51 41 59 36 68 81 58 30 46 94 55 64 56 44 15 74 20 1 36 84 71 26 13 44 42 64 1 32 14 46 49 52 30 9 23 49 68 29 99 67 41 59 99 17 88 63 1 73 24 50 74 43 95 72 9 66 46 30 39 75 83 46 97 75 11 99 45 28 67 47 71 44 58 65 68 70 44 44 17 43 99 44 4 76 28 28 34 49 55 28 94 51 92 73 75 
59 7 35 92 39 7 59 3 30 52 26 67 71 94 87 93 69 35 79 45 99 37 2 51 16 84 63 89 9 74 81 13 47 14 47 33 97 47 86 64 98 18 94 35 73 68 19 52 21 47 11 88 8 51 78 36 86 8 3 23 61 60 6 89 35 11 75 33 34 4 40 16 55 44 94 85 53 77 25 4 74 77 26 53 19 76 44 2 0 16 4 0 27 81 89 3 28 33 61 78 
61 10 81 49 14 45 23 78 48 65 27 7 17 54 10 36 83 68 23 91 94 59 48 60 36 62 39 86 56 88 17 59 10 54 39 99 75 55 94 28 24 67 84 57 54 42 76 68 88 17 44 94 12 52 98 60 97 44 11 16 43 51 43 30 72 52 10 5 84 45 56 56 74 66 39 53 32 47 71 95 18 95 46 54 42 72 69 40 24 60 29 26 25 78 60 50 73 34 59 64 
43 74 86 62 7 3 21 39 84 9 59 37 95 80 19 49 74 54 83 97 35 35 95 10 11 48 25 83 41 56 81 57 54 7 55 10 80 39 76 55 62 86 86 6 69 80 2 81 13 73 6 31 36 16 44 58 86 98 74 45 67 60 3 56 61 36 38 15 87 23 7 68 17 63 92 54 48 71 0 34 78 81 24 85 36 79 49 31 37 59 94 67 21 2 24 58 86 8 34 48 
94 4 56 77 37 97 16 74 3 60 74 14 24 16 81 96 9 86 28 34 77 3 89 54 20 15 0 71 91 7 20 17 49 15 90 61 25 95 58 74 4 88 56 23 80 84 73 32 16 81 86 18 72 41 18 11 18 0 77 24 41 43 68 66 84 66 26 20 74 81 44 75 77 0 99 70 60 88 24 85 58 21 43 83 68 92 88 13 98 66 8 58 76 83 91 1 83 3 18 20 
82 34 76 20 55 73 34 87 90 46 64 40 4 60 19 52 40 16 47 64 39 15 85 88 34 40 88 79 32 69 58 63 27 7 58 26 86 99 20 70 42 24 98 51 93 17 43 97 48 0 0 65 62 72 37 48 42 99 83 69 29 8 35 17 97 92 3 16 65 4 21 10 26 71 71 58 31 80 63 28 18 81 18 13 99 67 63 4 60 73 16 78 42 69 82 26 43 37 67 0 
27 84 69 2 25 73 61 97 58 59 60 86 72 63 60 53 12 73 8 4 79 89 47 86 42 15 7 7 36 82 25 89 18 10 4 90 0 20 99 49 83 37 6 6 89 19 24 31 93 5 86 97 32 83 34 86 3 99 98 73 91 74 8 30 71 60 21 75 16 35 36 25 83 22 53 61 56 25 28 29 29 2 50 11 86 15 79 21 23 41 92 64 63 68 1 2 54 59 24 21 
17 73 23 30 73 39 18 64 52 4 56 51 82 2 99 62 19 39 21 8 45 28 63 58 25 60 3 2 52 46 27 81 18 14 99 8 14 54 31 67 17 56 55 18 70 9 76 65 32 12 73 36 91 76 8 53 65 25 71 94 81 32 75 16 86 4 86 16 45 18 72 18 25 75 6 20 9 49 57 64 61 22 54 55 30 10 47 67 73 91 68 14 63 48 77 0 79 39 85 6 
36 81 69 26 62 33 1 25 9 11 33 94 94 29 0 42 31 40 29 51 28 40 70 4 18 19 67 50 61 6 52 36 0 51 75 0 87 32 97 5 42 49 8 57 62 13 18 41 46 32 26 97 49 63 30 60 47 10 74 32 87 87 19 34 61 89 28 67 4 63 84 81 28 37 50 10 81 34 25 89 50 88 95 84 49 20 71 15 27 72 95 35 87 28 85 6 86 81 66 42 
12 18 84 94 92 29 16 5 37 13 44 90 19 41 67 70 96 28 96 20 51 64 18 5 7 73 2 24 10 34 7 29 51 70 26 20 54 74 75 31 60 44 83 46 25 4 50 90 30 63 59 72 32 4 75 78 8 0 84 1 65 87 28 17 50 29 25 27 7 98 0 44 25 94 46 80 66 76 13 18 11 49 20 87 51 50 69 47 7 79 35 29 48 94 65 8 45 66 4 39 
81 19 58 22 79 37 32 39 31 50 38 12 22 7 61 12 38 55 77 44 66 12 90 28 5 53 73 14 90 54 90 88 91 79 63 60 92 90 50 51 83 32 95 52 18 18 19 52 95 48 50 92 87 4 68 15 71 64 42 97 9 97 61 75 92 85 18 84 70 25 92 95 24 23 94 0 2 50 11 99 55 83 79 71 21 21 98 30 40 20 96 34 38 43 65 17 50 16 33 26 
5 68 37 22 50 57 7 85 45 40 0 96 70 9 49 71 35 97 87 70 34 84 24 12 46 49 71 44 72 50 41 0 81 16 29 66 52 60 38 3 72 99 40 57 63 56 21 40 33 47 75 7 52 10 89 18 10 21 92 55 65 9 71 28 79 59 89 73 67 81 79 64 90 74 66 96 92 29 14 31 88 74 46 59 59 35 81 50 81 55 1 23 46 71 8 78 20 81 94 33 
71 82 86 89 61 41 46 80 91 92 72 63 89 32 12 83 43 64 1 81 17 46 46 90 87 17 90 73 59 21 12 46 29 48 92 2 85 46 38 71 85 8 93 26 65 23 69 98 14 48 71 38 91 44 82 48 56 61 50 31 27 20 1 65 75 12 87 86 57 82 62 37 12 1 13 25 52 6 72 77 63 24 78 11 39 45 96 47 19 21 59 27 76 12 79 90 50 11 49 52 
12 12 2 68 22 78 59 93 67 80 61 27 59 17 38 41 81 93 60 25 69 17 5 66 33 39 68 55 17 26 80 36 35 95 72 79 60 31 11 45 95 73 17 41 33 93 45 12 28 37 0 81 87 97 16 74 72 21 93 69 34 41 36 45 5 85 11 72 90 26 46 36 18 84 40 97 66 37 60 39 15 91 46 45 64 13 44 42 30 27 48 67 50 40 15 88 18 74 17 42 
39 70 52 89 75 55 66 25 34 17 54 35 79 31 5 69 90 41 7 17 96 7 52 1 78 67 18 73 82 54 22 45 14 41 92 91 67 63 40 90 19 1 23 98 45 61 66 77 56 39 29 23 5 23 69 84 62 57 88 83 12 47 53 2 82 24 24 18 20 96 93 65 98 0 6 39 42 53 44 2 54 23 11 33 62 78 13 96 29 41 20 49 94 61 8 66 50 16 31 33 
86 45 49 3 73 31 29 42 14 21 24 85 88 17 62 39 78 69 87 53 90 34 92 6 34 40 90 57 41 59 21 98 44 62 93 66 74 59 40 13 79 54 24 30 48 19 82 33 85 37 74 81 29 33 32 46 37 92 49 20 83 95 62 19 81 30 10 17 32 98 79 78 41 30 95 12 79 17 61 47 65 88 81 74 5 89 28 20 65 19 8 68 41 74 70 22 35 75 21 56 
73 30 91 33 64 73 9 93 65 82 84 27 44 92 89 34 48 10 87 9 25 90 15 45 37 38 8 32 86 26 28 18 58 31 61 56 70 43 84 60 86 92 55 77 55 91 94 82 44 89 53 97 50 37 4 18 30 57 30 36 24 27 52 29 80 32 46 22 55 10 16 68 33 49 77 62 72 72 9 55 8 73 83 20 55 37 52 84 23 86 92 90 60 0 64 91 36 11 68 39 
50 38 50 68 78 28 51 49 78 4 7 3 61 66 21 6 75 85 37 75 96 37 19 12 15 61 59 39 17 1 45 13 52 86 51 1 40 0 4 68 35 40 61 82 65 3 79 80 54 23 81 90 24 38 27 12 7 48 90 26 93 31 54 80 42 22 48 32 28 20 80 52 0 78 49 34 95 53 78 82 11 10 27 21 67 80 20 66 11 67 37 64 75 71 11 51 66 82 66 2 
