-207 371 -591 757 69 -165 -139 557 432 -373 753 790 -830 -661 -804 -158 343 916 66 384 -369 567 -932 248 497 -439 -794 -104 -808 -425 -740 834 -469 -894 -707 -478 -796 900 81 531 30 -941 173 -725 785 -245 -205 77 855 -305 502 452 247 296 -292 -287 763 -977 574 899 -100 157 -184 807 -995 234 157 772 418 -286 -969 859 -860 -71 511 508 423 423 -656 -961 -948 20 -796 720 78 936 -444 -533 172 -264 626 602 -534 226 504 -144 -727 -694 -758 833 
-785 426 119 119 -975 935 -594 488 878 482 -521 -12 658 -963 213 978 -240 -569 -736 -575 -580 -676 -810 862 49 247 45 816 374 -205 -984 -220 -666 -96 853 838 927 11 896 -56 -648 -336 772 -311 164 -517 811 -140 -308 -747 198 -969 187 -503 728 786 631 88 -618 224 -969 -901 838 154 735 573 -491 210 -165 400 500 717 579 801 -355 342 -281 -520 -954 -365 123 -140 -158 370 -980 -561 870 564 35 -968 710 81 55 -630 467 -112 138 624 273 412 
-912 624 750 321 45 -50 -550 185 833 -66 -486 -118 -39 457 -584 -504 704 -168 233 -362 32 -565 244 88 308 977 -556 39 571 -380 746 77 249 653 833 898 864 874 689 282 -825 -371 713 -173 633 404 -520 -202 -543 -723 38 9 -102 289 -31 719 661 371 69 117 557 -373 36 730 659 -882 341 -158 -177 -605 373 -932 248 497 -108 -794 -104 818 -425 -740 -962 -17 914 -478 -538 -172 81 531 -910 -720 585 173 82 -104 -722 -205 855 142 276 -748 
381 296 -292 792 930 327 244 -872 -241 543 546 -982 -59 529 -65 -969 -462 664 -656 394 -868 511 508 -902 -656 -786 -944 20 -423 -537 936 -444 -442 140 -164 -264 626 -421 435 226 -146 -144 -727 -881 -758 -911 -785 233 -975 136 -696 163 -900 -521 -592 964 786 302 -27 525 -89 64 978 160 102 491 339 -470 -736 529 -852 -810 -676 -480 -714 862 680 247 -869 45 474 -670 -973 457 513 -205 -593 853 -28 -952 853 838 -210 -931 -843 11 -975 -81 655 -56 
6 619 -311 -291 -517 -80 93 598 -747 -969 -563 -503 728 786 576 178 -893 -901 -201 154 735 954 573 -491 210 149 256 174 500 -928 396 -472 -281 -178 63 -740 -140 -158 370 -452 -561 564 -968 710 -630 -912 38 -962 -866 -864 -244 -524 -912 624 750 139 -678 -310 -550 185 833 820 -486 -118 -39 -1 457 -584 -504 346 -890 -685 -362 581 -600 -688 -711 977 503 -556 571 -380 -839 734 653 303 407 600 171 -392 -373 -547 593 981 83 -594 988 319 -84 775 
-948 -680 835 725 -25 -116 163 -27 -505 501 -887 -68 -394 -22 688 -238 500 -561 477 608 -485 -936 419 -70 896 -557 -86 -143 268 394 533 472 -143 313 -978 -844 168 147 -278 -210 494 965 171 -44 -52 607 559 989 308 438 218 77 -788 -439 553 781 21 432 231 676 110 464 -501 -761 -707 638 965 984 67 545 -752 842 -911 -543 685 782 -712 -348 117 381 761 -4 -333 -591 35 833 -147 -258 864 689 282 -745 -546 -698 -796 -667 -680 -43 -887 -543 
-6 167 857 634 -688 -392 529 -813 -870 -97 951 946 265 338 -46 -974 543 -582 460 -63 -360 -374 -669 -74 271 510 741 -721 -964 9 541 -207 38 620 950 156 -731 -990 719 245 626 -452 121 -295 -506 548 -293 688 -383 -886 -674 -455 -13 -947 -631 842 600 -664 -537 -585 310 35 670 -129 -44 -748 -248 546 -186 65 -707 -343 -312 -103 995 866 -396 -816 -309 -207 -374 -591 757 -541 69 828 117 879 557 432 937 -815 753 790 -661 341 -158 916 66 -421 
-175 -932 248 497 579 -854 -62 -808 -740 -962 358 -577 169 914 -538 900 -901 72 -720 585 767 -722 615 -205 -670 855 767 502 -292 -460 792 -144 -977 244 -771 157 -241 526 543 -397 546 -694 54 418 -59 529 -65 -462 995 -860 -55 866 -616 -868 511 508 423 -207 -786 -508 -423 -752 172 940 122 -264 602 -534 -224 727 -144 -143 -881 -694 833 426 119 -741 -411 -279 -451 -696 -677 -258 694 -521 240 658 -963 -921 628 525 -89 64 -708 -569 833 -76 -868 -575 
-852 506 -287 -810 -714 862 153 850 -474 456 45 474 -670 -973 457 -205 851 -984 853 -220 -411 -666 853 838 219 -931 -291 -843 387 -957 923 -332 -56 -790 -336 619 -311 -291 164 758 690 811 -80 -140 93 -20 -969 -563 -503 728 156 -632 224 -969 358 -1000 -491 210 658 149 256 174 -851 717 579 801 -991 342 -281 -178 -197 -740 -140 -158 -452 -313 760 808 -460 -403 81 -630 -833 542 138 -69 -864 412 -912 -438 731 -854 321 -626 -310 185 -722 -66 -486 -779 
-614 -334 -983 -504 704 -168 233 -362 581 -695 88 21 -711 -556 39 431 -351 690 734 -600 250 -803 303 519 -187 541 -392 -486 345 -310 593 566 -108 936 83 933 988 618 -84 775 -680 -372 725 382 683 111 980 -505 -476 843 17 450 -406 -945 -823 688 -238 500 22 -561 -485 419 -70 896 -835 -86 -782 -909 394 533 820 -143 -978 -563 -714 -844 -964 -867 147 -278 974 -95 -100 607 810 989 308 376 77 553 592 432 -845 231 676 812 980 723 491 1000 
148 -501 -21 779 749 696 171 -437 965 984 67 -371 822 -267 -133 25 878 -939 434 782 -946 -389 774 117 381 -466 257 -420 -982 790 -591 35 833 -147 -505 -882 773 149 841 -544 -546 -698 713 -796 -667 404 -520 -43 -202 -897 -723 558 -651 142 994 634 189 952 191 -936 -613 -864 760 951 209 911 -168 649 265 250 -888 -343 -294 -16 460 -120 227 -360 -777 -374 988 -669 -74 48 510 -72 741 -964 541 -207 726 865 -975 345 -102 -731 -990 -31 719 298 
157 -155 612 96 -505 -979 -506 -421 548 -240 535 -383 467 -886 -674 -635 83 -602 -715 -947 320 -839 372 835 -391 670 -129 847 -748 -186 -138 -707 459 -906 -103 509 763 626 921 -387 194 463 891 565 582 -616 -400 -840 442 -736 441 16 -477 -286 -784 575 201 577 145 -911 575 -621 56 480 102 95 -647 965 -961 857 -194 -583 956 868 716 458 33 561 -250 -646 195 395 410 -284 447 54 -811 -287 766 86 -427 -724 -420 228 -352 657 197 810 254 101 
569 -737 819 211 975 9 686 147 36 696 402 81 714 676 979 -845 893 -983 646 -120 229 65 792 -163 -204 -227 -412 -712 432 129 14 -565 392 -187 296 -641 -357 -655 -183 697 -360 -170 -250 239 -86 -496 586 -285 228 -938 -463 184 -824 -855 -632 171 109 -100 365 -544 -973 -167 -412 560 -651 -316 434 377 -493 -546 -151 -290 263 -223 297 -660 -701 28 751 -632 886 -677 656 693 601 -3 -985 -619 720 343 628 443 -59 974 966 290 78 123 302 700 
159 -871 -894 504 170 815 329 407 -838 -993 494 915 -871 591 -24 51 -943 289 -299 -542 -235 -176 476 106 779 -290 -509 22 944 113 -247 891 302 630 -996 962 750 -96 -290 -10 -553 -265 478 -79 454 -102 405 740 -989 499 794 -202 -126 -782 -550 -995 960 -629 -622 217 -967 -461 169 -151 -166 -195 32 -570 996 495 -860 -400 -21 791 754 -474 -343 95 -560 343 983 741 -283 570 -877 448 -301 -22 109 506 338 549 780 -156 -699 -579 899 -357 17 -498 
296 -671 -731 632 24 -677 696 -92 -141 313 904 -115 30 -872 -87 -421 -749 54 -914 -267 -27 -521 955 884 411 -943 -183 863 654 320 -871 355 210 -493 -468 -892 574 685 237 59 903 -157 37 -399 764 -27 23 -436 -368 297 450 -738 -677 690 -309 191 198 -882 586 30 69 291 -131 177 209 759 -754 443 -747 -928 -600 -976 -394 995 -895 95 443 -30 -821 934 -732 -147 506 613 -383 -109 279 -409 -738 394 -589 -698 -716 438 -533 -647 453 631 -355 -47 
-149 -770 -613 -382 199 218 -824 -77 -603 459 602 687 402 567 314 -120 652 59 789 -390 742 818 593 799 758 -619 -750 696 644 -267 180 -327 223 -656 -260 -754 -52 -464 -616 -808 561 -792 -956 180 935 -597 949 -755 -625 779 -382 -836 -329 411 -742 -477 961 807 -273 -436 964 -987 29 -601 -619 -764 340 379 -515 247 613 -865 -419 761 -80 -492 736 945 -601 -780 -26 124 -999 484 -420 357 6 200 -859 445 828 -305 -168 238 -278 575 -872 -268 -449 -214 
899 -786 378 -465 -849 -372 319 852 31 198 494 84 862 726 879 -984 -527 321 538 951 -222 76 112 74 -219 357 -688 -905 3 226 872 194 147 -582 -945 -649 -470 423 98 299 -791 -373 666 792 946 998 -433 -136 -767 -560 -231 -25 -307 -293 822 593 -992 -931 367 395 714 -159 676 -800 954 -212 774 -336 153 87 205 -557 54 -166 602 -645 831 919 -925 -414 -265 -185 -712 772 -46 -444 6 875 516 704 603 689 781 894 -549 92 86 535 -283 120 
957 -734 -670 382 -162 747 -511 259 -932 32 286 727 969 -553 784 -829 -487 287 -444 -461 -12 -461 -28 267 -315 -678 610 724 668 -433 103 -116 -208 118 955 -714 265 842 -882 -70 -974 980 373 980 -363 242 322 871 -311 896 -207 850 692 62 -805 484 -970 -617 -196 -364 -294 -416 404 -340 769 -718 788 115 815 721 -323 -946 612 -604 795 -92 12 366 41 657 650 -437 -643 484 163 -839 -36 -202 531 781 623 346 -181 33 286 -778 701 924 -696 488 
260 -534 -988 847 533 882 749 687 484 713 -271 736 597 963 219 -165 -662 300 336 -44 302 856 280 436 934 -249 640 97 364 -665 143 -468 -762 -985 802 241 -429 -924 303 667 793 790 -342 56 189 -537 -146 994 974 -867 428 -340 251 302 705 237 296 227 -456 -979 -74 65 652 -810 -230 485 -220 -152 -375 -742 381 688 -517 -697 948 211 -283 -914 898 846 622 -83 -977 785 -126 70 106 45 67 -482 763 211 600 -500 707 892 479 -200 -228 866 
862 741 -419 239 27 -604 -166 -251 71 206 -295 996 -133 -411 -917 -70 193 469 -231 446 -530 -898 841 854 104 928 204 -9 -405 -861 -917 34 -853 424 -779 32 -783 -604 -559 -913 -662 438 -780 -688 359 318 -242 -167 -36 957 -348 751 279 449 836 674 104 736 700 146 913 -847 -159 956 -336 909 618 -977 -282 -246 -408 603 257 169 -514 231 -269 71 -577 805 292 -514 828 414 -863 -41 563 162 917 48 315 627 -769 -136 -888 122 335 -766 -953 61 
-246 -433 -216 -213 58 -774 -689 -703 -268 -193 238 -371 963 -688 79 236 -538 -67 -18 -583 269 -65 708 -772 -254 -457 -20 -381 789 54 963 611 694 586 823 161 382 338 842 -233 -613 -846 513 128 931 282 -123 146 246 -13 998 870 18 430 -461 103 274 80 146 644 818 160 -36 503 -563 -339 -364 266 -968 996 102 -656 -670 -543 -687 750 37 -355 -504 42 307 783 536 -262 -300 -145 -968 -559 23 577 -630 -73 92 -331 64 -431 -756 88 435 -496 
411 -410 -377 300 -170 647 -321 -950 163 321 -65 680 741 634 756 142 929 213 208 -362 363 -897 -731 878 643 -692 -777 63 540 541 -673 -698 46 887 732 -216 -432 524 41 -492 -832 729 -104 124 474 593 -105 -632 -496 658 -938 894 154 751 217 -497 -408 66 925 -631 20 -313 540 606 -151 -592 -866 -603 -455 198 747 -283 -744 917 367 484 966 -168 63 359 26 -402 -790 -430 538 282 603 34 -536 256 -392 -941 807 -159 -110 -641 585 -744 -162 345 
591 846 268 649 708 192 -520 -627 487 -526 79 499 -544 -651 -921 -705 703 -791 -553 -935 353 -537 -173 366 -722 -246 -389 -207 -54 -154 -795 545 -726 -151 -456 -398 345 36 -620 -62 -321 409 -548 690 52 1 -493 -628 -56 964 -735 -433 602 330 -443 -371 804 -160 167 206 393 439 998 715 939 362 -841 -526 -460 852 -969 563 606 -385 865 -390 79 763 370 -748 -623 267 897 -445 979 655 -518 -271 868 467 984 -615 -845 -37 46 607 986 -206 627 -677 
67 298 -127 507 -779 -440 845 -97 41 801 -599 744 -466 415 -490 182 875 635 -520 816 -539 -995 923 -206 -435 123 -548 468 758 -825 -195 -201 -594 -441 -187 -153 -775 -4 340 320 494 -8 -752 241 -637 165 919 -143 -413 -991 -270 -611 -746 -360 258 -706 -764 197 -951 223 -139 0 -818 -358 208 307 81 -620 442 -989 936 470 919 -113 -961 396 158 -630 940 -875 100 -244 -89 392 -344 -795 353 -609 817 -92 -286 242 980 500 -413 -781 -522 249 -185 -225 
-602 340 696 -593 -199 56 146 -656 946 -963 -637 -26 448 -632 436 277 -126 73 -693 550 -545 -214 -347 979 932 30 903 -42 -960 499 382 145 156 -275 -267 -22 81 -622 924 -213 291 -941 -299 -75 226 -451 631 53 -843 -942 257 110 291 -414 -501 155 -707 466 704 -119 330 326 -851 -522 -322 998 706 -515 -297 882 -568 -566 -252 -5 -529 643 28 433 106 411 673 -119 -442 509 -138 840 945 -117 10 56 492 -868 -893 -219 -777 -66 615 791 583 -779 
-761 -17 -894 228 914 -538 -172 -172 81 531 328 30 -941 173 807 -104 785 -245 77 77 305 -278 142 452 381 247 296 502 527 792 506 -144 930 327 -853 574 899 -100 -184 -526 807 543 -397 234 -347 54 772 418 817 -65 -969 859 664 382 103 995 -860 -726 -616 -71 -540 511 -583 846 -902 423 38 38 -752 -961 -961 -948 20 20 -796 720 78 106 936 -752 -533 -442 172 140 940 -264 626 626 -421 -421 435 -146 504 -144 -143 -881 -694 -758 875 -785 
564 -549 426 119 119 -741 -411 935 136 -594 -852 -696 488 -609 878 941 694 -403 -12 658 -687 302 -27 213 525 138 -89 64 -782 -708 -240 102 102 102 -569 491 339 -470 -736 529 -575 -852 -580 506 -867 -810 -613 862 153 49 850 -474 -351 456 545 474 816 864 374 -532 457 901 -593 -984 283 853 -411 -952 -952 -96 -96 853 617 219 -652 -730 -975 -81 655 -332 -56 -648 -790 -336 6 772 69 -437 -291 164 793 758 -517 -953 -80 93 154 -429 -747 901 
-969 -563 -503 615 -530 631 88 -632 576 -904 -160 -201 838 154 -1000 735 -247 -836 -685 -581 256 -429 174 -851 510 801 729 -355 342 -281 -178 -954 63 244 123 -665 -158 356 370 -452 -313 596 760 808 564 326 -496 81 55 605 145 -912 -962 -69 -315 273 546 412 -841 966 -438 731 377 139 -678 45 -310 -50 -550 694 678 -722 820 -486 -563 -779 -118 -614 -486 -779 -614 -334 457 -584 346 -685 233 -533 781 -46 -600 -688 308 -711 -711 -904 799 -956 -214 -839 
-296 734 900 250 709 -803 -906 447 519 221 -187 600 -931 541 464 -481 -373 -486 345 558 25 -108 566 981 -400 936 -714 -281 83 950 933 273 988 92 319 618 -730 -84 -289 -948 -680 492 -940 -267 453 611 386 -40 382 -623 683 -116 163 980 -27 -592 -505 -549 -476 501 -86 -887 760 17 -68 -576 450 598 -394 -406 -22 -945 -593 187 -823 688 -669 -238 6 500 575 22 808 82 -561 919 477 608 -485 -936 128 419 -736 -70 -256 896 -835 -557 11 -466 
389 -837 -86 -143 -278 -782 632 268 -909 606 -224 394 -83 533 472 -315 820 692 -445 -143 636 648 313 253 -978 -714 471 -844 207 -964 360 -867 168 -83 147 -774 -278 -945 918 510 974 -210 -226 494 673 -95 965 -100 171 -44 342 -52 -828 607 983 -195 559 810 989 -926 308 548 -926 -749 438 237 376 -980 218 77 -788 -994 -439 903 553 811 781 592 21 831 432 -709 -845 -377 -242 -745 -287 -698 -796 907 -630 -680 759 -302 -449 -897 558 -644 -651 167 
142 857 -785 -95 189 -688 952 -392 804 529 254 -936 422 -813 -613 -864 760 -249 951 -664 946 -168 535 -609 649 -668 265 250 -888 -46 -974 -294 -16 460 171 -120 -85 -725 -360 -777 517 -374 -360 988 -669 -560 -74 -323 48 510 -72 -751 -721 -964 9 348 541 -289 -740 -207 -955 726 865 -99 950 396 507 156 -731 616 -791 -329 129 129 245 245 -84 626 -504 -155 612 96 -505 712 -979 -610 495 -501 232 -476 49 616 -240 -293 -573 688 -100 953 -886 489 
-674 -557 -572 -602 -455 -715 -246 -947 -779 349 320 600 380 -664 372 204 835 423 108 -391 670 -129 236 847 412 -864 953 -186 -595 -138 -107 -707 -343 -312 -906 -166 441 -744 999 -528 -207 -224 340 -207 693 371 -946 -165 117 -720 -604 602 606 -373 36 730 790 660 -661 757 186 -158 -177 -605 -369 567 501 248 -403 -108 -794 -62 807 -761 -740 -962 -577 -469 -17 132 -707 179 -478 -796 900 -14 -901 72 -720 585 173 -725 -722 -205 -670 855 -305 502 452 -748 
381 502 -292 -287 506 930 327 -4 -853 574 -872 884 -241 526 -995 -694 157 418 817 247 -969 859 103 -860 -55 -616 -71 -540 -540 17 -583 -902 -207 -786 -508 -423 106 684 -752 -533 172 940 122 -963 626 435 727 494 -143 -276 -881 -911 -785 -549 233 119 -975 935 -451 -852 -696 -677 878 -258 -900 -521 -592 964 786 -687 -860 -27 213 138 -89 978 -782 -708 18 102 491 -76 -736 -260 -580 506 -287 610 -613 862 49 850 -474 -869 45 474 -670 374 457 513 
901 113 283 -411 209 99 617 -263 219 -931 -291 -730 -975 -957 896 655 -970 -648 -336 69 -437 881 -517 -953 -140 -308 -429 -20 901 -373 -563 615 615 -370 631 -618 178 -904 -893 -901 -201 838 -1000 954 -247 948 -836 -685 -581 -305 395 717 510 579 -355 -98 -520 -197 123 948 -158 370 -452 -980 -561 -937 -937 808 564 35 -968 81 605 -630 467 -112 542 138 -69 -315 273 546 -841 966 -438 624 750 321 -626 45 -310 694 -722 81 820 -486 -563 -118 -39 -334 
457 -584 346 -168 233 -362 781 581 -565 -600 244 88 -688 -711 503 -711 -904 39 431 -380 -214 -839 -296 -998 900 250 -906 447 221 409 171 464 -392 -373 -547 265 558 -108 566 -108 803 83 950 273 988 92 319 -730 -289 -948 68 155 835 -372 453 386 382 -623 683 111 -460 -592 -449 -549 294 843 -86 -887 17 -576 -394 -22 187 688 -238 500 575 82 919 477 608 -485 419 -70 -256 11 -837 -86 -278 632 -224 -83 -315 692 -445 636 648 -844 -867 -83 
-774 -945 974 -210 494 965 -44 342 -52 983 559 810 -926 548 -749 438 -980 -994 -994 903 811 592 21 -709 -625 392 110 422 819 -198 -501 -653 -21 779 696 171 984 -467 67 545 -267 842 -911 -389 782 44 -348 774 30 381 -94 257 -333 790 -591 640 678 46 898 -258 773 874 841 -544 -546 -371 -698 713 -173 -667 -121 -520 149 -43 -887 -449 -543 328 -6 38 -651 857 189 -688 -392 191 422 -613 -864 760 209 -168 649 265 338 -46 -974 -294 -16 -582 
171 -120 -725 -777 517 988 -560 -74 271 48 510 -72 741 -375 -964 380 -289 -207 726 865 -99 950 345 374 -102 289 -31 719 245 298 348 -504 121 344 -295 712 -979 -610 495 232 -145 -928 -383 -886 489 -572 -13 -947 -779 349 380 -839 -537 204 310 108 -861 -31 -129 847 -944 953 546 870 -138 -107 -707 -312 459 288 -166 995 866 -744 -528 -207 -309 -162 -374 49 -113 -541 69 -165 117 -604 602 937 606 -815 753 790 -830 -454 341 186 343 -177 -605 384 
373 670 -964 501 321 -403 579 -854 818 -808 -425 -740 50 -962 834 821 -402 132 179 -796 -172 389 81 531 72 -720 890 807 -104 785 -245 855 142 -748 296 -302 -287 506 763 -977 -4 -853 -771 -290 884 -526 526 543 546 -347 54 772 -286 -59 817 -65 -462 664 995 -860 -726 866 -616 -540 17 -583 -902 38 -961 -207 -944 -796 -423 936 -442 140 -164 -264 -963 602 435 -224 494 113 -276 -881 -758 833 564 233 119 -975 -856 -411 935 136 -852 488 -677 878 
941 694 482 -403 -592 964 519 302 -921 628 -89 -782 -708 102 833 -76 -470 529 529 -575 -852 -810 -676 -287 -810 -714 279 49 870 564 35 -496 55 -630 -833 467 -112 -962 138 624 273 -841 -912 624 750 377 139 -678 808 -50 185 -376 820 -66 -486 -563 -779 -118 -614 -39 -1 -334 457 -983 -563 -779 -118 -614 -1 -334 -983 11 704 -890 -685 -533 -796 32 -565 -600 361 -688 -711 503 -711 -556 39 799 -956 -380 -214 690 -998 249 653 250 -357 -803 447 221 
600 171 940 -392 -373 265 -310 558 -108 -909 -400 -281 108 950 273 92 53 -84 -289 68 -680 155 835 -940 -267 611 -40 382 -25 683 163 -27 -449 -549 501 -86 760 -68 598 -394 -22 187 -823 688 -238 6 500 808 -561 919 608 128 -736 -70 -256 896 -835 389 -837 -86 -278 268 -224 533 472 692 -445 636 313 -714 -486 -779 -39 -334 -584 -504 -890 233 -533 781 581 -565 244 -688 -711 977 -556 -904 39 571 -956 -214 690 77 900 -600 653 709 -906 447 
221 600 541 -392 -373 265 -310 558 593 -108 -909 -400 -281 108 -177 -594 92 53 618 -289 775 -948 155 835 -267 725 386 -40 -623 111 980 -592 -549 294 501 -86 -887 17 -576 598 -394 -22 187 -669 500 22 919 -485 128 -70 896 11 -837 -143 632 -909 -83 472 -315 -445 636 313 313 -978 471 -844 360 -83 -774 -278 510 -226 965 342 -828 983 810 989 548 438 -980 77 -994 811 592 831 -709 231 676 812 980 723 464 819 -198 -198 278 -21 626 -707 
296 -379 984 600 3 545 822 -267 -543 685 -939 -31 300 -712 -389 774 774 381 -94 -4 -982 -377 678 833 -147 898 -882 874 689 841 -745 -187 -371 -651 -173 633 -121 -680 149 -43 -302 -449 328 -6 -644 142 994 634 189 -392 529 254 -813 -870 -864 760 951 -664 535 -668 338 -888 -974 543 -582 -63 -725 -979 517 -374 969 -560 271 -494 -72 -751 -375 380 541 -955 38 620 -99 -975 396 374 -102 156 289 -990 -31 129 245 298 348 157 -452 121 96 -505 
-979 -610 -501 232 -476 49 -573 -100 953 -886 -557 83 -602 -13 -779 320 380 -537 -585 204 35 -391 -31 236 -944 -248 546 -681 -595 870 -107 -343 459 -906 277 -911 -280 -149 565 -888 498 -210 -400 -840 -260 61 153 -597 441 16 137 213 801 787 201 568 577 -646 145 -911 575 -621 168 -227 -478 -101 95 692 -647 724 857 721 409 518 489 -444 -817 716 33 414 561 -646 403 -196 -449 -994 550 793 -522 54 -811 -287 820 766 86 -427 -756 -420 900 -85 
-72 -861 197 350 -557 -371 413 101 -100 -74 313 -737 -134 819 211 534 878 -36 340 836 -825 -825 696 926 81 898 249 407 239 116 -122 -983 -830 -143 606 -44 856 -17 309 218 -204 11 786 -412 124 -732 418 -694 -972 584 584 392 -416 296 -641 -357 -183 -517 51 -360 965 50 -476 -86 -496 460 -285 228 395 617 -824 722 -855 -343 621 867 797 109 -46 872 -220 -907 -489 -167 877 -314 83 522 544 -657 499 -935 385 43 75 -674 -885 -687 -223 297 
-660 -701 -728 551 965 -322 -5 -677 656 689 601 347 -3 17 -619 720 343 628 443 -59 -979 897 217 278 78 123 845 -144 302 -873 -390 -17 -23 -774 -155 -798 -904 -431 -878 407 -550 -243 -993 915 -319 591 0 -943 -974 -871 -982 945 -703 959 476 273 842 779 -543 -128 22 944 -995 -247 991 -884 302 630 -340 750 651 -290 -567 -10 -265 478 -716 -330 220 740 -462 -164 794 7 -226 -782 346 0 -995 533 -782 -550 -705 -995 533 -834 -629 -622 -320 -567 
-967 -203 319 169 -151 -315 522 -358 987 -570 917 996 -921 -860 -400 -316 -52 -809 -789 -453 -207 481 95 -560 343 -715 983 -905 -800 -228 52 -848 749 -877 625 -433 56 86 -501 949 -146 883 -936 -43 -838 -156 -699 114 329 -357 -326 17 341 -139 296 72 583 -613 529 -93 235 -677 235 696 -92 -970 -453 646 904 -899 -115 -874 -157 728 -421 21 -188 546 -914 -27 -27 -290 917 228 947 -310 796 -183 863 654 320 -481 741 355 -6 465 -493 201 201 389 
-892 -739 574 685 399 63 59 903 -375 501 -872 794 -842 250 764 -857 55 250 -631 488 -169 -368 297 450 -238 -677 729 251 191 183 97 -882 501 897 69 -473 -615 506 -131 -132 -642 711 -898 469 -344 816 443 -119 875 940 -600 314 -976 -394 -958 995 -895 707 176 -390 778 -511 169 392 -857 943 506 613 -383 -840 386 279 -103 -738 216 237 -698 -716 438 295 598 228 453 631 227 -47 -149 916 -613 -382 199 378 -669 -77 -950 459 602 93 730 567 
-120 162 -599 857 -899 -19 742 708 593 9 -27 758 502 -750 -51 -842 777 696 678 -267 845 -605 -700 599 223 621 -178 768 -754 -172 896 -616 -790 -808 122 561 -26 143 -792 273 354 180 -623 -194 -290 949 -755 -513 -382 -999 -545 -710 411 747 -477 655 807 -273 -436 565 -987 770 29 -204 435 -768 -646 340 489 181 -515 -316 277 102 -865 761 963 -80 -492 736 945 -142 -601 -747 -512 124 130 484 230 962 775 887 6 -538 200 689 -847 -140 -242 561 
-168 93 633 -33 180 -472 -800 -716 -449 -501 -214 905 378 -465 -728 -99 -331 135 852 379 198 494 105 -208 726 743 -474 -984 -527 321 -821 538 -579 951 817 179 -954 74 -219 393 -73 375 -688 -284 226 872 423 147 479 530 37 -446 -470 536 98 602 546 863 -851 12 530 826 792 946 998 -433 -853 -136 -767 684 371 864 -307 -293 -867 822 593 -992 -77 -438 367 395 714 542 -159 593 -945 -800 705 47 -212 -255 421 -89 548 -822 -557 550 804 192 
-277 915 919 -925 -414 -375 -889 -412 -288 -46 -444 6 287 -778 -123 603 689 781 781 -236 -112 -549 -431 215 86 -688 760 -283 -310 957 -62 -734 185 540 -162 -511 259 -932 32 286 570 -495 -553 784 -20 -444 287 -332 -12 -28 86 -990 -315 -422 -678 -598 876 -630 867 -195 932 462 229 -12 445 382 -382 -653 -752 842 833 -15 614 -974 980 373 980 -817 -708 -884 871 -422 265 700 -131 692 -805 -469 484 -970 -617 103 561 -709 -510 -416 404 -608 -825 -824 
-207 49 -113 341 -86 -720 432 -373 730 -922 757 343 -177 -605 -369 567 248 497 579 -854 818 -413 -740 358 169 132 -707 179 -796 81 72 30 173 767 -245 77 -670 142 452 502 527 -287 763 930 -977 574 -100 -184 807 546 234 54 -286 -65 -462 995 394 -868 -540 508 38 -961 -948 -796 720 -423 936 -752 -442 172 -164 -264 602 -534 504 -727 -758 875 564 426 309 -279 -594 -496 488 -258 -900 -521 -12 658 -963 628 525 -365 978 -708 18 102 339 -736 
-575 -580 -676 279 49 850 -474 456 45 816 374 457 -205 -984 -28 99 853 927 -843 -957 896 -332 -648 -336 772 881 793 758 -953 932 93 598 -429 -747 198 187 -133 -503 -370 786 156 -632 178 -893 -160 358 838 154 -1000 954 948 658 149 -305 174 -851 -928 396 -991 -472 -98 -236 -954 -740 -140 370 -147 -313 -937 564 326 -460 -403 55 -630 -833 38 542 -866 624 273 -244 -524 -912 731 -854 321 45 808 -550 -376 833 -66 -486 -614 -1 457 11 -890 233 
210 -796 581 -695 361 308 503 -904 799 431 -380 690 77 249 709 -357 -906 303 407 221 -187 409 171 940 -392 -373 -486 265 -310 593 231 -909 -108 936 -714 -281 108 -177 933 273 988 986 92 53 -730 -289 775 68 155 835 -372 453 725 386 -40 382 -25 111 -460 -27 -449 -549 294 843 -599 760 -685 231 -625 676 245 392 812 110 980 723 422 491 464 -471 819 1000 -198 148 -501 278 -653 -21 -761 779 626 749 -707 696 -472 296 638 171 -379 -437 
965 984 -467 600 67 3 -371 545 822 -752 -267 842 -133 -911 25 -543 878 685 -939 -389 434 -31 782 300 -946 -712 44 -389 -348 774 719 774 117 30 381 -466 -94 761 257 -4 -420 -333 -982 790 154 -591 -377 640 35 678 46 -147 -676 -505 -258 -882 773 149 841 -544 -825 -546 -371 -651 214 -173 -667 -121 -520 -43 -887 -543 -6 -651 142 994 634 189 -688 952 804 191 -936 422 -813 -870 -97 -360 209 911 -168 535 649 -668 250 -888 -343 961 543 -582 
171 -63 -120 -85 -120 227 -979 517 -360 988 -669 -560 -74 271 -926 -494 -72 741 -721 -375 380 541 -289 -207 -955 38 620 -975 345 374 507 830 -731 -990 -329 719 661 298 -84 157 -452 121 344 -295 712 -979 -506 -421 548 -145 616 -293 -928 688 -383 467 489 -674 -557 -635 83 -455 -715 -13 468 -631 842 320 600 -839 -537 -585 204 835 310 35 -861 -52 -129 847 -799 -44 -748 546 -186 -595 -138 -192 -343 -312 -623 288 995 -1000 -707 -816 -628 340 -207 78 
-374 -591 757 -946 341 -139 879 602 -373 385 753 790 -830 -454 -158 916 66 -369 373 -175 501 978 -439 -108 -854 818 807 -962 358 821 -402 132 -707 179 -796 900 -172 -901 -910 585 173 807 -722 -245 -670 855 -305 502 -748 247 -292 -460 792 -977 244 -771 899 157 -184 -241 526 -397 546 -347 54 -286 -59 -969 859 103 -656 866 -71 -540 17 -583 -902 38 -207 -786 -944 20 78 684 -533 -817 140 -264 602 435 -224 504 -144 -881 -911 564 233 -928 309 -975 
935 136 -594 -496 488 -677 941 -521 -12 240 658 -687 -921 -27 213 -365 -782 -708 18 102 833 -736 529 506 610 -714 -613 279 247 45 816 864 -973 898 851 -593 853 -28 -952 617 -210 -931 -748 -843 -730 -81 655 -56 -336 -738 -311 -291 -517 811 -308 -747 198 -563 728 786 -632 178 -893 -160 358 838 954 -247 948 210 149 -305 -851 510 396 -472 -520 -954 -365 123 -665 -158 -603 -147 -313 596 760 808 564 35 -496 710 55 605 -630 467 542 138 -69 273 
546 412 966 624 -854 -66 -50 185 81 -486 -39 457 11 704 -685 -362 32 -46 -695 244 88 308 977 -556 799 -956 -351 746 690 77 900 653 -803 303 519 -931 541 -392 -486 265 558 25 -108 566 981 -281 108 -177 -594 986 92 -289 68 492 835 -372 453 611 -40 -25 683 163 -460 -27 -449 -549 501 -86 -887 -68 -22 -823 688 -669 6 22 608 419 -835 -466 -782 268 -83 692 -445 636 -714 207 168 -774 -945 510 -226 -100 -52 -195 810 -926 548 -749 
438 376 77 -994 903 811 592 831 -845 245 812 980 422 464 148 278 -653 -761 -472 638 -437 -467 67 545 -911 -389 782 -946 44 -348 719 381 -94 -4 790 -591 640 -147 898 -882 773 149 -242 -544 -287 -371 -651 -796 -667 -121 759 -43 -202 -449 -897 -723 558 38 857 -95 189 -392 -936 -864 -249 -664 946 -668 250 -46 961 -582 460 -85 -725 -979 -777 969 -669 -560 -323 48 510 -72 -375 348 -740 -955 726 865 -99 950 396 507 156 289 -31 719 661 298 
348 157 121 96 -505 712 -610 -421 -145 616 688 953 -674 -602 -13 468 -779 320 600 -537 310 -861 -52 670 -31 236 -944 -864 -681 -138 -192 -343 -312 -906 -103 441 -707 -816 -628 872 -162 -374 49 -541 341 -165 117 -720 602 606 -815 36 -830 -661 -804 -158 66 -421 670 -964 978 -439 -104 -413 -761 -740 358 821 -17 228 914 67 900 531 -720 -941 -725 -205 855 502 767 -292 792 930 327 -771 -290 -184 -241 -526 543 546 -347 54 772 -65 859 -860 -726 866 
394 17 846 423 -656 -786 -796 -423 106 -444 -442 -164 -963 -534 727 -727 -276 875 564 119 -975 -856 935 136 -852 -696 488 -609 -258 482 -403 658 519 -860 -921 628 -365 -782 -708 -569 339 -736 -868 -260 260 -580 506 -676 -287 -714 153 680 247 -351 45 816 374 -532 457 -205 901 -593 832 -220 -28 -952 -96 617 -263 219 -931 -748 387 896 655 -970 -336 772 69 -437 164 690 -140 -308 154 -747 198 -969 -133 615 -530 631 156 88 576 178 -893 -160 358 838 
954 -247 -836 -685 -165 -305 400 500 -851 717 510 396 -991 -472 -65 -281 -197 244 -140 370 -147 -561 -937 760 326 -968 81 -630 467 138 -315 412 -637 624 377 -626 -66 -310 694 -376 833 820 -66 -486 -614 457 -584 346 -890 210 781 -46 244 308 977 -556 571 -380 -351 -839 77 734 900 250 -357 -906 407 -187 -931 464 -481 -547 345 558 25 231 981 936 803 -177 -594 986 319 618 -289 -948 -680 492 -940 -372 725 386 382 683 -460 -592 -476 843 -887 17 
598 -593 688 6 575 82 477 -936 -70 896 -835 -466 -837 -86 -278 632 606 394 533 -315 -445 -143 253 471 -486 -779 -614 -1 -983 11 346 704 -168 210 -796 32 -46 -600 361 -688 21 -711 503 -711 -904 799 571 -214 -839 -296 734 900 -600 653 709 -803 303 407 -187 409 171 464 -486 345 -310 593 -108 566 981 936 108 -177 933 -594 986 53 -730 -289 775 -948 -680 492 835 -372 453 611 -40 -25 -116 -460 980 -476 501 843 -599 760 -68 450 -394 -22 
-593 688 -238 575 22 919 608 -936 419 -256 389 -278 268 606 394 472 820 -143 648 -714 -964 168 147 -278 918 -226 -100 -52 607 989 308 438 376 218 -788 903 781 21 831 -721 348 -740 -955 38 -975 374 -102 -731 -791 661 298 348 121 -295 712 -610 548 49 -240 688 -100 -886 -602 -246 -947 320 -537 -585 835 108 670 847 -44 953 -681 -186 -192 -707 288 509 -579 202 498 -387 194 -911 -149 -324 671 -616 -400 785 442 -587 441 695 -477 787 568 577 
962 373 840 63 480 -700 -567 692 -647 -961 721 409 298 489 956 -169 716 663 54 -250 501 227 195 -196 395 -994 550 793 -522 -759 -560 -643 -427 -756 259 -72 -861 188 -147 -299 -476 -374 -190 254 755 -86 901 -749 -134 819 211 9 686 836 36 -497 81 714 407 -985 -356 -979 723 719 65 856 -511 309 218 -204 -227 786 -412 -793 -712 -972 129 589 14 584 392 556 296 -357 -183 951 -360 965 273 715 -496 -134 228 -875 617 -410 88 -24 711 777 
867 797 109 844 -442 365 -907 -489 -135 -412 83 522 -711 399 -493 -36 43 75 -674 276 -528 227 -669 -701 -632 -5 -677 -476 110 347 -3 -985 17 720 628 -751 -979 897 290 -697 278 131 -63 -144 302 700 850 983 -601 -155 -785 247 815 287 329 -550 -838 494 591 51 -825 -299 -982 945 -703 199 476 273 779 -509 822 -913 902 -247 891 33 -938 142 262 750 417 555 -10 -265 454 -102 772 -182 -403 727 7 -226 -782 346 0 554 -713 652 -629 525 
-622 -320 380 -224 -461 -391 169 -166 522 725 987 -570 399 996 100 472 875 79 -107 754 -474 -343 -9 -715 983 -527 -228 143 52 -848 749 -877 -301 56 -321 109 506 338 -349 780 504 526 -61 -579 -918 -326 17 751 -139 -671 583 -915 529 632 423 -677 235 743 765 -141 646 904 -899 -530 -874 -421 -54 546 683 -267 -521 888 228 947 -310 796 -131 654 369 -871 355 219 -6 -976 -58 201 389 -892 685 63 -504 -410 -375 501 37 -594 653 764 -857 -207 
-885 768 135 -368 289 450 -677 690 928 251 183 -882 897 -473 291 -986 -344 -132 -642 301 827 -898 645 759 443 52 180 -600 -976 711 863 -124 -596 707 862 -30 -257 -511 -821 169 -857 718 506 613 -383 -37 279 -303 363 216 -698 562 -533 228 453 73 295 -145 -770 -613 199 378 -18 -530 -603 -32 737 602 93 -637 314 652 857 -899 747 708 593 -849 -619 -311 -698 271 644 -605 -141 -327 -240 986 38 -851 -754 -464 -616 -77 122 561 143 -349 -956 180 
-194 949 -447 167 -382 -836 -157 -742 -477 -756 -579 -449 964 565 -987 -982 29 -405 -100 -764 340 489 181 -514 619 -345 -419 -80 528 736 -142 -236 124 -394 484 230 345 -984 6 200 -290 966 561 -168 286 180 -472 74 -449 918 -633 582 -786 -465 -372 -826 31 198 494 84 -208 862 726 373 -984 -273 315 -94 -821 -579 6 -22 112 267 393 357 375 123 -284 324 423 375 147 249 -688 -649 -780 423 569 602 299 -791 520 12 -373 200 666 257 998 -721 
-859 -136 944 -567 -231 -25 -430 -15 -867 452 -949 -77 -438 770 -341 -945 -800 954 774 153 480 463 990 804 -277 831 -925 -885 -265 -412 -288 908 -444 -96 875 -156 603 -969 630 -201 -549 -101 215 86 384 -283 -310 -681 -111 -734 -606 185 540 747 -16 -37 286 969 -495 -553 784 936 -487 -411 -239 -28 -293 -426 -678 331 724 668 -451 -630 -116 -208 118 936 265 842 -15 -70 614 -487 980 373 -817 -708 242 -723 0 8 896 692 681 484 -970 -196 -863 -709 
932 -992 -825 -340 769 -979 815 865 -946 -814 -172 531 339 616 795 -92 771 384 366 41 -894 657 12 650 -643 -189 484 -849 -372 -833 238 -551 -651 333 -785 -832 250 -181 33 344 -621 701 924 354 488 260 -371 212 190 758 847 944 533 882 749 314 484 736 597 963 -165 300 -927 -377 -353 215 302 856 321 156 -232 -692 640 97 364 -527 540 -468 802 -41 894 107 667 709 -400 -342 301 189 -721 -353 570 987 974 896 -107 -213 -484 -258 237 82 
227 159 -456 501 -74 65 661 -520 263 422 -457 -220 520 806 -273 259 -790 -655 688 -922 910 948 -283 629 846 31 -977 -484 869 238 45 131 67 -15 763 -562 567 5 -834 892 31 -520 -378 741 -571 -644 908 -419 832 924 726 -138 -133 980 193 217 446 -898 942 -33 928 688 204 256 458 613 -917 34 -853 911 -623 -783 -499 -54 -662 -331 -688 359 318 -242 858 -36 957 728 109 899 410 449 -545 -939 736 617 -739 590 542 956 -336 909 618 666 
-241 -529 476 514 -270 757 -13 -209 544 -241 -577 635 254 -510 365 414 541 130 898 -494 299 -250 -493 -525 -94 627 615 239 -98 122 750 406 -630 132 818 -699 691 -213 -1 -925 -705 846 -912 -255 -781 -371 -366 963 -993 -193 -153 664 -798 -845 -583 679 103 -65 334 -93 51 317 -638 576 206 961 -556 -68 792 203 452 -173 369 893 -600 615 940 -613 -971 -570 -766 535 -838 997 -221 811 -623 -118 690 191 -76 25 -461 148 -119 -613 -772 -698 -895 117 
696 -282 -850 -149 204 -149 622 884 996 408 -59 366 -974 965 -656 813 615 601 -462 -562 -142 699 -99 871 -295 239 962 287 -909 -73 92 597 -348 -647 -756 337 363 735 -736 598 654 293 -170 -590 -477 -163 84 163 321 283 -991 198 -133 -912 391 53 -293 277 652 363 290 -731 -740 311 -650 -318 -912 -533 929 18 682 256 708 711 923 -216 -692 -907 41 390 -948 -172 -873 657 41 869 -753 354 -496 -98 482 -240 321 183 -420 229 49 -854 774 722 
651 -687 969 393 121 -634 877 444 -455 -581 -774 -283 -744 -458 817 -4 940 963 -360 63 -994 -228 -366 -320 -534 -73 467 -279 807 -536 202 -780 -660 -887 -632 -159 -110 -148 483 897 -855 -655 -355 -503 -9 268 649 578 -384 -805 761 818 183 734 314 765 -521 859 146 -761 243 -317 779 852 856 -565 -173 366 446 -246 -389 -151 -476 -101 81 -831 -888 -151 -21 58 -540 -287 318 -925 282 946 -338 -236 967 -945 340 253 -908 256 311 -488 308 -289 890 -449 
-166 995 441 866 -1000 -744 -396 999 -707 -528 -816 -207 -628 -224 -309 340 78 693 -162 -374 371 49 -591 -113 757 -946 341 -165 117 879 -604 602 937 -373 -815 36 753 730 790 659 660 -454 -882 341 186 -158 343 916 -177 66 -605 -421 -716 373 670 -964 501 248 978 321 497 -403 -439 -108 579 -556 -794 -854 -104 -62 818 -808 807 50 -833 834 821 -402 169 -894 148 -707 914 179 -478 400 67 900 900 -14 81 -901 72 72 -910 -720 585 890 -941 173 
767 82 -722 615 -205 615 -205 77 -670 305 -305 142 502 276 452 -748 767 381 247 296 -302 527 -460 -287 792 506 -144 763 930 -977 327 -771 899 -100 -872 -290 157 884 -184 526 807 543 147 -995 546 234 -694 -982 772 418 -286 247 -65 -969 -462 859 664 382 103 995 -860 -656 -55 -726 866 394 -71 -868 -540 511 17 508 -583 846 -902 423 38 -752 -656 -961 -207 -207 -786 -508 -508 -796 720 -423 78 -537 106 936 -444 -533 -442 -817 -817 172 140 940 
122 -264 -963 626 602 -421 -534 435 615 226 727 504 494 113 -727 -276 -881 -694 -758 875 -911 564 -785 -549 233 426 -928 119 309 -975 -741 -856 935 -451 -594 -852 -496 -677 -609 878 163 163 -900 694 -521 -403 -12 -592 964 519 -921 628 213 525 138 -89 -365 64 978 -782 160 -708 -240 -240 -569 -569 491 833 339 -76 -470 -736 -868 -260 -575 260 -852 -810 506 -287 610 862 49 680 247 -474 -869 470 470 545 816 -670 374 864 -973 -146 457 234 898 851 
832 -984 283 853 -220 -411 -28 -666 99 99 -96 853 617 -210 -931 -748 387 -31 -944 -864 -681 -595 -192 -707 459 -312 -103 441 -1000 999 -528 -628 -309 -207 872 693 371 -591 -113 -541 341 828 -86 -139 557 432 -373 385 753 790 -922 -882 341 -158 916 66 -421 -369 567 -932 248 321 -439 -556 -794 -808 -425 -740 -833 834 -402 -894 228 914 179 400 -172 900 -172 -901 72 72 328 30 890 -941 807 82 -725 -722 615 -205 -670 -278 142 502 -748 381 296 -292 
527 -460 763 -977 244 244 -771 899 -290 -184 -526 147 546 -347 -982 -286 -59 247 -65 -462 664 995 -55 866 394 -71 -540 17 -583 -583 423 -752 -961 -207 -786 -944 720 78 106 -752 -533 172 140 -264 -963 626 -421 -534 615 -224 -146 113 -276 -694 875 -911 564 -549 426 -928 309 -411 -279 -594 -496 -677 -677 163 941 482 -12 240 658 -687 -963 -921 -27 213 138 -365 978 160 -240 -569 491 -76 -470 -868 -260 -810 -810 610 -613 279 680 -474 -869 470 45 816 
-670 -146 234 898 851 832 853 -411 -666 209 853 838 -210 927 -652 -291 -730 387 -975 -81 923 -332 -56 -790 -336 -738 772 -311 881 758 690 -953 93 154 -747 901 187 -503 615 -530 88 576 178 -893 -160 358 -201 154 735 573 -491 948 -836 -581 256 -305 400 395 -928 579 729 342 -98 -178 -197 -365 244 -140 -158 370 -603 -147 -313 596 -937 808 564 35 -403 710 720 145 -912 -112 -962 -866 624 273 546 412 -841 -912 624 -854 139 808 -310 694 678 833 
820 -486 -563 -614 -39 -1 457 -584 346 704 -168 -533 -796 32 -695 244 -688 21 -711 503 -556 39 -956 -214 690 -296 -998 -600 -357 303 519 221 -931 940 -392 -486 265 558 -108 231 566 -108 -714 108 -177 273 -594 988 92 319 -84 -948 68 155 835 -372 725 -40 -25 683 111 -460 -27 -505 -476 501 -599 -887 -68 598 -406 -945 -823 -238 6 575 575 -561 477 608 -485 128 -736 -256 -835 -466 -86 -782 -909 -224 472 820 -445 636 648 253 -714 -964 -867 147 
-278 918 -210 494 965 -44 342 -828 983 810 989 308 -926 237 218 77 -788 -439 553 781 21 831 -845 -625 812 723 491 -471 148 -653 -653 779 696 296 171 -437 984 600 3 -752 842 25 878 -939 -31 -946 -712 -389 774 774 381 761 -4 -982 154 -377 35 833 -676 -258 864 874 689 841 -825 -371 -698 214 633 -630 404 759 -43 -202 -449 -543 328 38 -644 142 994 634 189 -688 529 191 254 -813 -870 -97 -360 911 535 -668 250 -888 -46 -974 543 543 
-582 460 -120 -725 -777 517 969 -560 -323 48 510 741 -721 -964 743 -740 726 38 620 -975 396 -102 830 616 -791 -31 719 661 298 -84 626 -155 612 344 -505 -610 -501 -476 -145 -240 -928 -100 953 467 -557 83 -715 -246 468 -631 -779 349 600 -664 -537 -585 835 423 -861 -52 -31 236 412 -864 -248 953 -681 -138 -107 -343 459 -623 -103 441 -1000 999 -816 -224 340 872 693 371 -591 -591 757 -541 69 828 -86 117 -720 879 557 937 606 -373 -815 36 730 659 
660 -882 -804 -158 -177 66 384 -369 567 -964 501 497 -108 -794 -854 -62 -808 -425 -740 50 -962 -577 -469 -17 148 -707 -478 67 -14 -901 72 328 30 173 807 -722 -245 77 305 -278 142 276 452 381 296 -292 -460 792 930 244 -771 -872 157 -184 -241 526 543 -397 -995 -694 157 54 772 -59 247 -969 -462 103 -860 -55 486 394 -71 511 846 423 -207 -786 -508 720 -537 936 -533 -817 140 -264 626 -421 226 -224 727 -144 -143 -276 -694 -911 -785 -549 -928 309 
-975 -856 935 136 -594 -496 -677 -609 163 941 482 -403 -12 964 519 302 -921 628 525 138 -365 978 -782 -708 102 491 339 -736 -868 -260 260 -580 -810 -867 -287 610 -613 153 680 247 -869 470 45 474 864 -146 -532 234 898 -205 901 -593 832 283 853 -411 -411 209 99 -96 617 -210 927 -652 -843 -730 -975 -81 923 -332 -648 -790 -336 6 772 69 -437 881 -291 164 -517 -953 932 -80 93 598 -429 901 -373 187 -503 -370 786 631 88 -618 576 224 -893 -969 
-901 -201 154 735 573 948 -685 -581 -165 -305 -429 395 500 -851 717 510 579 729 -472 342 -65 -98 -236 -954 -197 -365 244 123 -140 948 356 -603 -980 596 -937 870 564 35 -496 710 605 145 467 38 542 -866 624 273 -244 966 -438 624 750 -854 139 -626 45 -310 -50 185 -376 81 -126 -486 -614 -334 11 346 -168 -533 -796 32 -565 244 88 21 -711 503 -711 -556 39 39 571 -351 746 77 249 -600 653 709 303 519 600 -931 940 -481 -547 345 558 558 
593 -108 566 981 -714 803 83 -177 273 988 319 618 -84 775 68 155 835 -267 453 611 -40 683 111 980 -449 -476 501 -86 -887 450 598 -406 -945 -823 6 22 -561 477 -936 -736 -256 -557 -466 -86 -782 268 -224 533 -315 -315 692 648 253 -714 -844 -964 360 147 -278 -210 673 965 -52 559 810 -926 -749 237 -980 -788 -994 811 831 -685 -625 392 110 980 422 -471 1000 -198 -653 -21 626 696 638 -437 965 -467 -371 822 -752 842 -911 25 -939 434 -946 44 
-348 719 30 381 761 -4 -333 154 640 833 -676 898 864 874 -242 282 -825 -287 -651 214 907 -630 404 759 -43 -887 -543 -723 38 167 857 857 -785 -95 -688 -392 422 -613 -870 -97 -360 209 946 -609 265 -888 -974 -16 171 -85 -360 -777 -360 -669 -323 -926 -72 -751 -375 743 -740 -207 38 38 -99 -975 374 156 -731 -791 -329 661 -84 348 157 -155 612 -295 712 -610 495 -421 548 -145 49 -293 688 -383 467 489 -572 -602 -455 -13 468 -631 349 320 -664 372 
204 310 423 35 670 -799 -864 953 -681 870 65 -707 459 -623 -906 277 857 463 891 851 565 -888 -616 -68 -400 -840 785 -12 -587 441 695 137 -477 -784 201 -787 972 -646 962 373 840 -862 63 480 -478 -101 95 692 632 -478 965 -961 118 -194 434 975 -444 -478 716 458 663 54 -935 522 -153 -646 403 403 -449 395 -994 -284 793 -522 -759 -560 -396 766 -615 -598 -756 -420 -352 -72 657 -147 -147 -309 350 -66 -190 254 755 101 -105 -100 -74 901 -134 -738 
-679 211 975 -236 340 886 36 -825 -743 696 926 134 81 714 407 -640 979 -875 893 -983 646 -143 -489 229 -732 792 714 -163 -864 -204 -621 879 -564 -712 418 -694 -995 -972 -565 810 -874 -416 -710 303 -713 -378 910 835 -517 -807 -708 -170 50 -436 239 -496 460 -988 228 395 -485 -410 88 -24 711 -632 -506 109 121 -46 -100 365 -544 -973 -167 877 877 83 522 522 814 130 -149 -493 385 -546 43 75 -674 -885 -885 263 415 -223 -669 114 28 751 965 -5 
324 -315 -476 689 347 214 -709 19 -406 -619 723 343 628 -751 -979 897 217 -697 -58 78 78 123 -63 -144 302 -873 -17 -364 -875 898 504 -798 815 329 407 337 -243 915 -319 -871 530 92 51 -943 289 -299 -542 -132 -235 -60 -271 549 273 842 349 -509 -128 -913 902 -871 693 -884 302 -938 630 -799 750 -96 417 555 -10 -699 -261 -716 -858 -102 220 -182 -856 -949 -418 7 -782 -550 -705 0 554 -782 -550 -995 533 -834 -202 -629 525 -617 536 -320 380 -224 
-238 -859 -695 -151 -773 -166 522 -358 -418 987 -570 917 837 495 472 718 587 -486 754 -474 -343 95 -364 -9 711 -812 -549 -228 -716 52 -848 -848 -877 448 -301 -22 414 109 949 -146 936 -349 780 504 526 -61 -579 -918 -357 -926 388 -498 296 -921 -731 -329 -896 24 423 -135 696 -92 -141 697 -494 904 -115 30 -872 -87 -837 21 930 54 -652 -652 -914 -27 -27 -196 888 228 947 411 -310 796 -131 -529 654 320 -481 10 741 355 219 210 -976 -976 -58 201 
630 -892 574 685 63 -410 746 -157 37 37 -842 -399 250 -27 197 55 250 -436 -169 -770 -546 192 -521 -238 -677 695 729 -309 -177 232 -882 586 30 -473 -615 506 -986 -132 836 177 301 711 209 645 469 816 -831 -889 -889 -119 -747 875 -928 702 -976 711 863 164 -413 858 14 -91 176 -472 847 -511 169 934 -732 718 506 504 -58 386 279 409 363 394 237 -698 522 562 438 -533 228 -218 -359 631 520 -47 -802 916 642 -382 355 378 -591 -401 -77 -603 
-32 450 602 93 -143 567 -120 162 -599 789 -390 -19 742 818 -340 366 642 758 502 334 -750 -698 696 678 913 622 759 718 -240 986 -775 768 914 269 -172 675 896 -210 -77 -126 561 143 -476 822 273 643 -623 372 -597 949 -755 657 -905 -718 -836 -593 793 747 -756 655 905 260 -465 -849 -372 -331 852 379 -433 198 494 105 401 416 726 -665 -857 -984 315 321 538 538 951 -322 -222 -22 112 267 347 393 357 -688 -905 226 324 423 960 -118 -925 530 
-990 -470 536 -894 98 -161 -791 -447 839 -373 826 666 257 479 998 -721 948 -136 -767 -811 -231 864 -307 -15 -493 822 452 -949 -992 -931 -438 -943 770 714 -159 -351 -384 857 705 904 776 36 -336 -89 480 -332 -631 -557 -166 -570 192 -277 621 869 -925 -414 -265 -412 -288 -288 331 -633 168 6 875 516 704 -969 689 781 -112 817 943 815 781 86 384 535 264 -579 -310 957 -62 -734 937 -623 185 540 -162 747 -16 -37 -597 727 -750 -358 -495 -553 -905 784 
-20 -909 280 287 -461 -461 181 -239 405 -28 86 -990 -426 -734 875 -598 724 867 10 709 -630 229 895 118 955 936 -714 -653 324 -132 851 -15 -771 -974 -217 980 964 170 -817 643 -708 -723 871 8 896 -207 -64 260 -684 -971 -469 484 -970 -617 -357 -709 932 -992 -608 -825 368 -760 -718 -979 788 115 455 815 721 630 -266 -814 531 339 -604 253 -331 707 -638 -44 366 41 -894 657 113 12 -672 650 -671 -437 -243 -643 884 940 -189 484 -160 -481 658 163 
-894 657 113 -672 -671 -243 940 -189 484 658 163 911 -372 -839 -933 -36 -202 361 -651 -56 781 623 346 26 920 -258 344 104 792 701 -471 460 -188 354 -328 260 -371 212 507 758 847 944 195 882 -998 488 -668 687 -633 458 -271 736 -945 -67 898 219 378 -165 -170 -927 -377 -44 751 679 165 -853 303 280 -203 238 791 -378 97 -105 105 -316 17 584 893 -762 -985 241 -429 -924 -831 -595 709 412 -400 790 -342 56 675 275 189 -721 -537 -353 -504 692 
987 974 -867 896 -107 -340 -24 -888 -536 -411 824 885 82 159 -571 -456 -13 502 -577 661 652 -520 263 -230 -457 -520 940 -152 175 -820 116 -656 -748 -670 245 759 -697 333 211 -283 712 -914 -586 -378 846 -266 31 -910 -83 -977 785 -484 895 238 971 -935 -260 131 67 709 -482 -347 -501 -562 600 5 5 -500 554 67 858 38 973 -944 -25 862 741 -218 479 992 607 -492 -419 -166 806 924 71 806 -295 -295 -138 996 261 -133 -179 -552 446 -70 193 469 
282 -231 446 -530 -225 841 854 -33 -176 -438 688 204 -207 256 -405 -399 639 -38 -902 -699 -209 911 -779 295 55 -783 -672 -499 -48 427 308 -113 -331 438 -780 -688 878 -788 823 -242 507 858 -36 871 728 -603 946 -45 144 497 -297 836 -545 674 -786 651 -964 146 -739 72 802 934 426 956 -499 908 -673 264 666 -282 -241 821 -400 448 -76 -441 67 101 -758 -619 -498 312 921 -993 447 -782 88 254 -189 -510 245 -537 541 -41 111 -810 -523 917 299 432 
