-128 -949 99 896 -129 -159 -340 -591 -760 -30 266 637 366 -3 174 440 -483 92 -185 -841 10 -870 -144 -768 -746 194 -548 -557 535 -300 -597 10 226 -761 -703 -566 -370 -483 -127 553 71 629 646 30 494 777 942 601 404 413 -38 -414 -287 866 423 -353 -481 664 -989 457 -574 -949 6 535 -298 102 946 -775 -374 -917 916 288 323 -659 764 738 198 -787 -263 837 597 109 859 653 676 96 -445 -627 -73 705 -575 -410 760 -453 -948 99 691 978 -903 -677 
-562 -565 306 -938 92 -968 180 -896 639 -284 -963 -604 -135 239 908 -129 -586 -149 -111 15 -916 -100 554 697 914 -37 497 -171 -413 473 -49 655 -796 324 -599 852 834 12 -148 127 355 566 335 385 152 -307 -583 735 585 -302 -852 -589 462 513 -460 -130 512 895 -634 426 540 -210 197 -651 -226 -239 929 490 -321 302 -554 501 -92 678 -749 73 -227 470 -842 -151 704 -299 -274 -328 -880 -743 37 767 -825 118 29 -799 -269 178 -268 388 -195 -918 705 282 
-294 -425 -527 454 -592 382 -714 890 -254 -52 -167 458 -748 -498 763 807 -425 935 68 -913 -505 25 -346 -982 498 -213 -804 592 871 -323 298 -577 379 549 444 713 46 -350 860 -897 -996 -16 -428 263 349 -335 552 550 258 -803 441 645 283 -604 -596 815 160 562 -21 -81 724 -401 70 279 536 -469 -503 752 -817 250 -84 108 -586 613 -692 -230 -255 819 -226 204 -597 961 -451 -317 478 630 927 -552 883 87 114 63 -911 93 -245 46 -584 -291 -616 -756 
-132 397 -688 881 55 205 -85 381 646 909 -280 -690 -251 -799 -421 616 869 -630 -975 -414 434 158 309 188 83 -499 660 542 -950 393 -898 327 -269 -467 847 328 -171 -943 524 -138 -856 -719 419 -256 -471 387 296 -873 -684 153 -354 702 -428 -558 -514 816 -759 401 631 79 -726 -332 -529 581 -144 115 -116 828 -440 -462 -279 751 -445 -700 -111 599 -333 744 -485 393 -176 -567 -103 98 -75 -723 327 -39 750 -580 218 167 -75 -321 -220 -793 423 873 35 849 
108 -508 286 -353 792 -352 351 984 -74 -757 490 959 -837 60 716 -894 -423 70 387 -645 0 -922 209 -809 -180 -586 -42 494 176 807 914 757 7 -808 -706 -478 877 915 -959 -799 199 -36 199 520 -899 -854 825 -853 -646 385 147 520 821 -574 -172 -563 442 -494 -422 582 979 -574 -609 -351 -136 -119 49 -779 -511 355 -279 -689 -825 -110 -641 -960 965 -330 -81 147 821 961 392 739 686 -526 743 301 -239 387 -483 31 404 -619 681 -552 -650 -52 -72 -120 
786 -504 676 -556 -471 -421 -199 -892 -177 720 -961 438 315 614 736 375 245 551 -490 -192 574 -433 -317 -595 116 -103 -979 -189 -334 87 546 -996 -263 -969 122 -101 -484 666 -802 -501 -514 -871 450 516 -199 110 -864 81 504 -943 -789 337 -795 -97 -255 -430 -985 -540 683 -27 853 -568 992 448 -741 56 -388 292 506 -361 -573 703 788 416 -446 20 -41 -202 -555 233 -56 -321 -252 570 739 -692 -360 209 -746 -203 -832 633 694 86 705 211 249 998 -491 -447 
-515 157 595 -1000 -471 441 379 227 -605 -7 -258 -930 -599 -327 -333 -612 -142 72 -22 -534 -333 197 -282 -787 -658 200 627 967 267 -319 391 667 -871 -256 864 -672 385 -902 -135 -238 367 45 255 -334 -11 -985 930 -847 -411 386 866 -870 -892 -815 -774 -794 715 389 -458 342 190 -15 120 -94 431 940 -958 -380 875 -948 435 319 15 -90 -752 -549 -766 -501 752 425 183 924 -863 -411 913 -940 -475 526 716 461 175 815 848 -276 -144 -372 274 -562 -229 -154 
890 426 -764 -317 -921 26 700 991 855 156 -406 -586 -139 -122 -444 -29 234 674 977 589 676 -489 930 453 608 484 -85 -247 826 292 -790 -957 857 47 -898 842 231 -296 850 748 -136 527 -19 -630 179 -478 312 -486 538 690 -824 -99 954 -310 -643 935 71 -464 -851 958 -857 -168 -45 -617 -275 177 410 338 -221 -669 422 -878 755 946 -185 -887 741 -800 209 418 522 -690 -950 714 -193 540 790 745 664 -302 415 875 670 841 865 174 8 2 -211 239 
-191 -508 -67 -608 654 -115 -410 -368 -529 866 384 420 179 -544 350 507 -611 -781 -981 -761 -165 290 943 465 356 -274 -488 813 403 68 -428 798 -881 -32 675 977 262 -139 -513 2 321 70 -645 -636 209 -809 -976 779 170 176 66 914 757 322 7 835 -706 877 625 -906 199 -784 104 -899 -854 353 -646 852 385 -130 806 269 -380 731 -640 -569 -348 -172 -563 840 -119 -494 604 -60 -136 907 49 -748 883 3 -279 -228 -689 -680 -574 287 -44 102 -350 883 
-81 -264 147 392 728 849 -242 412 983 109 569 387 -851 -291 31 535 -619 179 -542 -552 -521 -442 786 -504 676 74 -770 -556 496 -539 990 162 -177 720 -133 433 -504 846 736 -860 -263 245 -362 481 467 133 -447 442 957 645 793 580 265 -979 -189 -334 91 841 546 -765 301 289 -356 -218 244 -631 -101 -404 -484 -684 824 -627 -871 -704 -438 110 -267 796 504 660 -28 463 -473 -749 -255 -430 -350 -985 102 -974 -399 820 -684 277 853 -119 -66 316 -388 -555 
916 -335 -573 518 -247 -792 945 -166 -657 -41 -202 -555 233 -452 78 -685 739 -692 812 -203 829 706 694 86 224 -88 211 249 998 -131 384 -447 -629 157 595 -1000 379 227 603 -857 50 -851 -640 -612 -265 -225 -589 -333 -512 745 568 131 627 967 267 163 -703 -279 -617 981 -710 385 813 615 -135 133 363 394 -334 905 -315 -307 -97 -266 -411 977 -188 -892 865 -774 -738 715 -623 342 190 45 426 120 681 -767 -149 -602 -380 875 -616 -948 -430 435 -97 -589 
15 960 -90 -752 247 -501 752 183 191 924 -863 -877 -985 -940 -907 526 382 531 -622 -595 175 482 848 -276 -144 -372 233 -154 890 426 -764 -448 -317 -989 26 991 824 519 -497 156 756 -918 -888 607 179 -314 -94 752 815 977 589 676 -848 -628 968 712 -434 812 -247 292 351 -957 857 47 594 -599 -953 826 -570 -19 46 139 312 -135 2 -962 -783 -824 -99 427 804 793 -321 958 992 723 -45 -659 661 -365 -442 -221 -669 925 -878 -750 507 -185 394 -800 
531 -950 -841 714 157 325 967 653 -302 -853 274 415 875 942 -347 841 -115 501 488 176 438 -255 -774 -918 493 -655 -642 -703 514 -842 -881 -881 752 -733 -627 680 717 178 791 -451 -796 779 -769 823 951 784 969 -772 -808 -461 272 93 -262 -487 -882 -216 704 -653 327 165 -879 787 -93 714 -186 -938 970 -435 990 117 -547 -531 526 592 326 284 -131 -412 152 -740 -180 219 -922 -505 510 -141 592 -954 871 -167 42 213 -867 -171 854 120 -498 854 -737 573 
-710 887 182 830 -219 -513 416 -861 -834 992 -968 475 921 -201 -819 645 -309 370 -963 -480 767 584 694 177 941 -360 752 -86 995 662 -733 -505 -197 -461 -851 205 -695 413 -154 -527 21 405 -746 -414 -295 58 -529 608 854 -229 163 133 846 -724 -593 -320 -870 -568 342 760 -894 -218 51 -326 12 31 204 -200 131 24 -924 -396 -229 640 171 -894 946 -780 -317 904 -514 899 297 -902 136 832 -811 -981 -613 46 990 -746 332 -884 177 -622 348 -701 -921 -604 
869 -926 -127 -626 -845 -867 -848 -553 139 128 -279 941 970 634 -615 -385 35 -954 615 408 -643 783 930 237 788 -946 -402 568 -21 686 163 41 440 -545 330 -148 -362 -787 -149 -827 -767 356 500 -968 -754 -470 -690 211 -573 142 693 14 -204 51 -195 -867 -173 -721 -809 -234 75 -851 -487 -323 126 623 -583 -603 -446 795 929 -962 573 321 -978 -34 669 -479 -748 815 -257 220 63 683 -127 223 -881 551 -618 624 -912 309 -984 703 642 -308 605 780 -935 -339 
-131 -280 370 45 -956 -944 -233 -385 817 370 -956 -944 -385 850 283 320 -829 452 -122 -840 13 -446 901 -268 -71 517 438 -85 191 -22 -429 301 -131 -863 594 55 93 691 -664 -893 70 379 316 740 84 -963 -613 945 414 827 -873 -954 614 -337 519 495 264 -674 243 786 -912 -733 -535 -514 309 814 -237 358 -639 -473 -478 -317 101 -125 -176 -677 19 -311 487 -95 -628 928 -190 -272 -177 -366 -631 983 645 414 -628 700 67 -999 -29 492 -192 240 -922 -944 
-428 -771 548 -466 327 694 -123 -338 676 308 23 464 732 -805 -337 495 -946 745 35 551 274 137 -63 -99 853 -393 578 -695 -407 33 -361 -254 -797 224 -300 -124 901 326 121 44 -933 -296 -92 653 934 906 674 -867 -458 863 817 -599 845 -424 922 -466 678 -940 697 -648 627 -682 153 971 75 85 -496 -184 415 -85 -789 -653 93 -105 661 -313 -516 321 -174 -909 599 -688 -230 -70 -4 -932 -239 333 -261 -58 -575 -77 299 -477 265 -624 522 -920 -54 -759 
-847 959 124 -180 602 -670 -438 221 -674 -827 501 960 911 -889 55 148 77 -494 -437 -775 479 -447 388 -553 -557 -724 -852 -335 102 -600 141 -83 -992 -504 -910 -151 -295 874 -685 704 48 -684 -939 -811 456 559 -361 -354 -335 -589 -298 -985 -774 -877 -649 -548 37 912 438 127 -518 830 -923 -701 -411 -820 772 810 295 -232 -313 -980 609 986 -809 -647 762 -966 -892 -331 -746 -208 -334 -592 -902 -422 41 -115 234 689 -436 -937 -420 -133 -838 748 -355 -844 494 -792 
725 466 -320 881 -528 -467 974 -772 -282 -977 -273 -976 -670 943 621 -494 -334 -73 -913 -380 -459 -467 -33 -893 575 299 56 -587 53 -5 -450 674 -76 875 -687 -716 569 -81 -211 461 745 786 -574 831 871 -713 727 519 -219 -52 888 -227 -470 628 -165 665 813 -588 -941 197 -713 -592 -724 -364 -838 576 -710 -137 -701 -709 876 916 453 -365 891 853 805 903 9 -732 350 -727 -915 135 931 -936 -17 291 -559 -898 -122 164 -888 443 487 -641 -106 777 532 633 
313 -858 -965 -639 -216 780 390 44 -590 378 -263 -346 511 83 -956 -478 -245 728 964 264 609 -239 -907 -441 169 361 68 -946 377 -190 847 -984 439 86 654 274 -878 584 -76 327 902 -894 758 -489 255 866 508 806 312 476 -692 -379 -681 -236 435 825 -468 -239 -975 -932 -663 -124 375 -942 546 185 438 -432 -102 158 460 402 636 829 875 368 907 776 751 719 -23 -152 866 866 -937 -625 35 -346 562 -825 283 -639 -216 -418 -963 384 468 868 490 380 
-69 -826 -887 666 261 -783 -959 -25 -871 -753 -401 -363 -90 24 442 750 198 -617 -906 22 632 727 -423 351 -97 -338 -650 -797 -548 376 695 741 -756 -679 -193 88 -640 768 -119 -903 343 931 -233 143 -285 -573 459 -878 394 -112 -152 669 -838 -339 304 14 -995 -469 619 -177 -892 -720 329 345 -139 -47 798 509 -167 471 524 -316 -735 411 -128 -552 -2 -582 -695 156 -755 -50 -360 -111 -986 -339 -146 480 772 536 -844 482 507 -255 731 881 -853 764 688 -347 
535 -345 -121 -315 -411 185 -772 -49 702 498 -108 653 -664 -945 -129 905 568 -720 -233 184 -947 907 -449 148 90 -586 483 680 -735 -995 385 -246 -308 498 829 -217 814 407 373 -707 137 -106 115 646 -343 272 984 -756 -152 68 -455 68 -454 154 -255 -483 216 -291 -478 -850 480 -160 -736 -875 732 936 -382 111 -33 681 7 -161 -838 -401 673 -605 -901 -71 -417 -412 -915 588 137 -346 243 -522 639 704 -370 -285 588 719 331 -245 379 984 171 638 -711 -972 
277 918 175 -350 -283 -526 452 738 396 -201 274 -519 865 -807 552 -384 937 -550 -738 701 494 135 712 348 68 29 879 -593 -998 -983 166 -963 -90 -480 437 -19 183 -220 434 -227 -21 -889 -698 720 127 347 391 615 -706 226 604 874 700 894 108 558 915 548 -396 -478 387 -992 -381 -206 -944 -744 861 -543 -936 -11 -960 -219 636 418 -219 39 353 -93 -449 419 -659 -576 -73 871 -383 -130 -340 -963 -411 537 547 83 265 613 -214 -618 786 -295 337 691 
493 -161 780 -412 -374 -833 -712 767 -504 -327 -83 -243 201 -363 -725 -362 -534 819 -241 -579 -820 375 6 -987 -960 911 -947 -467 -608 -408 -127 -466 -37 900 432 -178 386 668 318 -536 -510 -847 745 -971 -454 104 491 -284 -945 -194 597 -117 -136 -115 915 456 -347 985 39 -549 340 758 44 -992 -204 -208 42 901 302 -784 -7 43 -104 956 48 -745 778 760 -629 -722 936 -221 -110 -986 294 -103 -94 363 373 934 -719 103 108 -981 -630 -319 -374 437 -242 -768 
-986 698 -916 -650 -965 989 -311 242 -10 619 197 818 -125 124 -627 419 753 -998 -329 370 559 202 -241 311 456 501 -249 -756 134 -681 401 -217 -108 -797 964 -744 331 -329 -658 -127 850 -824 807 -146 -417 201 510 -42 223 -606 637 70 991 -715 -614 -975 44 -346 -577 755 -43 -84 564 -972 294 -850 -733 -916 -927 674 -45 -125 873 -242 560 250 120 695 896 231 -587 -664 961 920 983 717 -411 247 -931 -716 -538 129 797 553 275 -239 303 563 -290 -969 
693 -768 -637 -746 194 -557 -787 155 -265 -63 586 -226 226 160 402 0 779 -317 134 -145 -293 553 -452 629 -267 702 -188 -506 -866 988 942 404 204 -38 -662 -414 -354 -287 -909 423 35 769 107 -226 854 -242 457 595 -276 757 -273 6 535 -170 -177 262 -316 -237 925 294 916 -571 759 185 573 64 556 -46 738 498 597 -787 -559 615 109 791 -161 836 466 -647 183 73 -358 -445 -445 -627 -779 -575 -980 259 -410 -810 570 -429 -57 99 691 978 -903 -536 
-677 -562 673 441 -897 247 -428 626 92 -825 -939 -219 822 639 -913 -210 -963 -100 -940 -995 174 984 908 -586 -149 -111 15 51 -916 -629 416 -981 -254 6 6 -336 354 -693 894 -413 473 -49 -671 655 79 -292 684 -865 270 141 834 405 -237 930 -991 -164 78 -138 355 685 385 -312 152 -162 -583 735 585 -302 138 611 -348 -589 462 513 -460 733 512 895 -634 975 -339 -210 197 -171 -703 -974 711 -239 929 -56 -481 385 302 581 525 -649 451 -218 -227 -407 
-649 -516 -587 284 436 704 -299 -649 -188 967 306 37 -825 118 -638 29 218 667 -269 978 -59 -268 942 65 -195 903 -440 282 282 -853 -955 -671 787 650 53 -73 -21 -127 -738 890 -572 359 885 -258 458 -748 -498 763 807 -425 935 336 6 -244 -325 920 736 -563 -913 -819 25 -285 -493 498 -310 -875 622 540 -861 -648 208 -72 -315 -418 298 -577 -440 657 289 -377 444 222 -363 -350 860 -997 -897 310 227 77 -510 10 357 -335 -680 552 890 550 869 -537 
-803 441 645 -249 -611 -875 -596 815 427 -347 -837 -808 389 -401 70 572 194 146 669 -739 -230 682 -929 -560 79 -9 -399 573 625 66 -31 999 418 -639 -196 -226 -899 204 824 -32 917 153 -317 281 723 630 1000 223 883 -671 -673 973 63 -911 489 -263 46 -772 -641 -48 -616 759 -132 50 -877 604 -687 881 55 205 205 711 -85 759 -994 903 -690 -869 -366 -251 48 616 -513 -898 -243 998 -107 -750 525 273 434 -123 -733 -943 19 -499 660 542 -822 827 
827 393 -74 327 -722 415 -408 684 958 -171 547 -943 -465 638 -856 430 437 900 -917 -534 -523 -744 182 -684 625 133 -354 654 577 860 -428 -51 -558 -859 -759 401 546 102 79 -726 -81 -145 581 115 -662 828 -440 -462 -638 -947 -700 729 -333 744 -485 393 -176 -355 -567 -103 526 399 -723 -757 491 -39 750 979 -580 843 342 -88 -75 -321 935 984 934 873 35 849 108 -508 -595 931 155 -353 -239 -895 699 -397 659 245 -364 759 -757 158 -837 60 716 248 
-128 864 -211 239 -191 -895 -67 -773 434 654 -656 -368 291 -397 384 420 410 179 -967 -950 -115 -546 244 -59 -418 -996 -761 -61 943 465 -168 775 670 980 403 -219 -43 647 752 -32 882 675 -762 -544 -75 717 437 2 65 70 -645 0 -922 -262 -775 -809 -976 -586 -42 170 494 176 -15 914 269 661 835 -706 -646 -804 877 -680 -799 169 -602 -36 104 740 740 6 -853 353 828 852 -758 147 -380 731 -574 -971 -172 987 -119 442 -608 493 -63 604 406 -60 
-609 -351 438 -119 49 -779 -511 3 -598 -966 -680 287 -110 -866 -960 102 -350 -81 -264 147 821 961 392 -264 728 849 423 412 301 -239 206 387 -483 31 -311 -235 10 681 -542 -443 -69 188 -52 -72 -120 289 -504 -173 676 -770 -547 -790 395 496 -199 -892 890 -204 -717 -409 433 438 -722 736 -572 -263 763 -362 481 133 574 442 -433 645 793 116 -103 265 -979 -189 172 91 -782 -17 301 -263 -57 244 -607 4 -404 676 462 -802 672 -501 -627 -726 -317 -704 
-438 -379 411 110 -864 81 267 660 974 -789 337 463 -97 968 -255 -490 551 -914 -540 -399 -684 806 850 -568 -595 992 -741 463 764 -678 288 818 801 327 -335 -851 -657 788 183 841 -166 -817 -202 -573 266 233 -452 252 -384 -685 -1 739 -692 832 -10 261 -80 -402 -746 -203 695 72 202 633 -199 338 354 -972 705 -839 807 -131 -738 251 -243 -198 249 595 -402 -471 201 -689 227 603 -857 -258 -258 50 139 -317 -640 -327 95 -652 -612 901 594 527 -265 865 
-534 -589 361 -390 568 131 -695 330 502 967 267 -744 -180 -319 391 981 -256 -710 -435 -672 -644 -902 229 -238 367 -562 363 255 -363 905 143 -307 -97 -847 153 977 -102 -102 -347 -195 279 -815 -774 449 -738 524 -619 726 -189 45 -15 -24 -94 431 940 -149 -140 875 160 -430 -614 -508 -589 -307 960 327 -549 247 -352 528 752 425 191 -863 -877 873 815 449 -718 88 -475 -296 716 -81 516 516 -758 815 616 407 -331 274 -864 233 -229 998 -448 757 -835 -753 
140 -921 41 867 946 991 519 802 -406 756 -888 931 -787 -50 -108 -29 673 234 977 -155 66 -489 133 949 -550 569 990 608 844 -392 -444 -247 -556 -382 347 -957 -779 47 -898 594 448 -599 -953 748 -570 -292 139 179 823 736 791 -135 -962 -783 -566 -99 427 804 374 311 793 580 -464 -321 156 570 992 -168 698 585 -871 -371 410 214 845 -221 -308 -669 350 925 795 -750 507 946 -185 -887 -931 209 418 531 529 -841 714 157 325 794 790 653 664 -302 
-853 850 -174 942 841 975 174 8 2 -211 -694 -113 564 -895 -351 -67 -773 434 -656 -115 808 906 291 866 598 -313 -100 -480 619 458 -544 -950 507 -546 17 -781 -981 -996 937 -61 226 943 465 356 -168 775 -226 -488 980 -938 -219 3 798 752 882 306 675 -152 -188 -75 717 437 495 -226 2 633 664 -428 446 -636 -809 -586 779 -676 -863 66 914 757 803 7 819 479 -804 915 -799 -602 -602 199 520 740 6 353 -879 589 -758 806 269 731 -640 -971 
-172 -563 -119 442 -608 493 -422 582 -574 -351 228 -6 -511 883 -295 -598 802 -689 -680 -825 -849 -110 -866 965 -330 -420 -420 63 392 728 320 423 412 301 -239 201 387 -851 -291 -311 535 -619 -418 434 -552 -34 -650 345 -72 -442 786 289 -504 -173 676 422 -547 443 -421 -129 162 784 -760 -717 -133 -133 -961 438 315 614 978 -376 -263 245 481 140 -192 478 574 -90 957 793 -103 265 -979 790 -152 172 -334 -212 87 -782 -17 -312 301 289 -218 244 -607 -101 
-404 666 -684 672 -627 -726 450 516 -379 110 -267 81 267 267 -943 337 -795 -97 -271 968 -255 -920 -430 -350 -914 -553 -540 683 -27 -684 277 -87 -261 -568 992 972 -741 463 -388 764 -678 288 -666 801 -394 -573 -657 -247 -792 945 841 -657 -817 -41 -202 -573 266 130 -56 606 78 -252 -1 739 -692 705 -10 826 261 275 209 209 797 -237 695 829 706 694 86 -88 705 249 807 -207 -131 384 -738 251 -578 -243 -198 911 -274 -471 201 379 892 -603 -857 -258 
-97 50 139 -317 -640 -652 901 72 -265 -22 291 -534 967 640 197 -282 -787 586 568 -658 200 330 502 44 -599 -744 -180 -319 667 -91 315 315 -672 385 615 -238 367 255 -334 905 -315 930 -530 960 -411 386 866 689 665 -892 865 -774 -794 -738 715 -623 389 342 45 35 -15 374 -24 500 -767 940 -958 -97 -140 875 -963 -616 -948 -430 -1 435 -97 319 388 -541 960 -752 247 -352 752 136 191 -651 -314 -411 873 747 913 913 88 -391 526 204 716 -14 
-81 516 175 482 -262 616 10 -144 274 -864 -93 890 -754 757 -753 898 140 -989 41 824 -911 156 742 -586 931 -139 -122 -314 -444 -29 673 236 -716 977 589 -155 -103 133 482 930 569 990 968 608 484 844 -392 -85 812 810 -418 -382 347 -957 -767 -693 -779 47 -294 -898 -63 648 -296 -774 748 -136 -570 -19 686 -630 -478 736 -135 -962 690 -824 -862 427 374 935 926 -297 -851 958 -857 -48 -578 585 -275 177 -659 949 214 338 -442 -221 -288 350 422 795 
-750 507 -693 -185 -887 741 -800 -562 418 531 529 -841 765 -642 -193 540 967 846 -302 274 850 494 -174 -280 942 -347 841 975 599 900 -369 142 603 -98 -648 118 -478 -197 693 522 110 -829 176 -695 0 816 -696 -527 21 -966 -414 767 58 689 -273 608 234 -229 -270 163 133 846 -446 -724 -793 -320 -870 -388 157 342 760 291 48 514 -95 -52 550 31 447 493 -947 -941 24 341 -176 -229 -601 640 171 946 -780 -317 904 -514 560 321 768 965 136 832 
14 -811 698 -613 46 805 -746 -668 477 -138 -369 171 862 -216 -873 -921 -869 869 842 -812 -127 -626 348 -931 852 852 -848 139 128 -780 -279 -10 17 -611 634 -385 -621 -764 251 -991 393 408 782 714 783 811 -377 -827 788 -777 -610 568 -905 -21 686 163 41 -899 440 -545 -785 314 -148 -362 -787 -270 -149 762 -695 739 194 450 681 303 -754 -270 -690 781 -366 605 693 321 638 579 159 -176 51 -195 -867 -173 -721 -272 -785 443 75 125 -487 787 -323 126 
-162 -583 19 -446 -537 929 -962 573 321 -439 -897 -511 820 -748 -717 667 -257 220 -655 -127 551 391 -792 -554 131 -319 421 -308 605 -11 -935 -12 -553 -489 282 -280 370 -956 -944 -144 -719 817 -548 -466 283 231 569 907 -829 780 363 -873 13 -648 -446 -192 972 -268 378 517 -91 -680 667 191 -22 71 -429 301 -131 -471 -863 -505 -926 55 981 -343 458 318 379 379 -136 316 -632 -796 84 -963 523 -217 703 681 827 -873 -954 578 -109 7 444 36 -615 -615 
-379 746 243 786 284 39 -733 42 -15 36 309 814 -237 358 186 -639 -473 -58 157 -125 864 -176 -387 -208 19 -907 -217 -790 -628 700 541 -190 -265 -114 318 -631 -746 -713 150 -898 -990 414 -358 700 -665 -999 81 -41 -738 169 240 596 -880 -347 638 -875 -373 789 151 -201 -417 -417 -627 147 -663 676 308 464 732 -955 -714 -536 -337 -199 -35 821 486 863 35 792 -984 -529 -64 -471 -412 154 -219 873 -236 511 -256 -475 846 580 -361 -106 0 224 -300 -851 
178 385 -234 326 -449 412 412 -394 -960 -296 729 949 934 906 674 -867 -867 113 863 -136 -46 -730 528 -935 922 -626 603 526 697 -250 -832 627 -682 -409 655 208 301 75 465 886 121 -679 415 951 447 183 -514 -48 661 101 -313 742 321 135 -370 517 -688 134 962 350 -779 -814 -932 175 -239 -294 497 -261 -58 -609 39 299 -477 745 280 -884 -12 320 318 -233 -380 959 -180 -294 -285 -438 221 -730 350 -298 -41 196 -774 -649 30 349 -611 -336 100 396 
830 324 -701 -411 -729 -820 -75 295 -794 760 61 857 -1 -579 -103 -413 268 862 -966 -892 -384 -111 194 -523 -334 -592 -107 -902 -347 69 -746 -115 234 121 689 385 293 -178 599 -133 340 421 -355 -197 48 270 -792 466 -40 829 779 218 607 -431 45 722 -242 473 -282 -565 -769 -976 -702 943 648 459 -408 -334 -622 -73 -326 -380 848 -302 -33 -514 -893 -974 575 -220 228 -587 587 53 -425 -787 -834 -247 674 875 -873 633 531 569 -81 934 -668 387 791 786 
-549 831 871 727 519 561 698 -339 628 -34 -402 665 451 -880 -93 -592 -724 -364 -386 -838 -284 135 -561 -137 -175 305 876 916 453 558 -365 -897 -382 -13 473 850 9 844 401 -457 302 -668 -594 -689 -936 -17 -992 -7 -877 -122 164 227 443 -36 482 -413 777 532 633 313 313 -965 -639 540 455 923 390 44 -804 148 378 -263 -346 -154 71 -926 -922 -478 -304 994 728 480 -963 350 999 -494 395 483 -907 -441 169 361 -285 753 -662 722 235 -449 -190 847 
-222 374 439 654 -582 -375 649 987 274 -878 -281 662 -877 580 -65 327 327 902 915 897 414 -415 866 508 876 -282 312 -564 -692 -379 547 449 25 -754 728 568 -975 -932 -187 -990 -413 -878 -942 726 546 185 169 438 692 445 719 54 -699 473 -591 402 -852 907 776 751 -476 657 -348 985 -971 -836 35 -875 -540 226 190 882 -825 328 588 835 932 526 190 158 -815 -109 468 -217 -416 490 380 -130 210 357 784 651 -864 283 -783 -959 -25 -871 325 355 
-395 778 -363 -545 24 442 527 406 198 -906 22 632 398 -817 402 -822 -516 -797 -548 331 897 515 -756 -908 -826 -193 -837 -742 -21 -640 -892 383 -206 273 -395 -763 -752 314 143 -963 -285 546 -43 459 450 726 394 877 -859 -152 669 -357 -838 -339 -887 304 14 -366 -723 -469 619 -177 433 -892 460 -436 329 345 319 -767 726 -824 272 798 509 407 -379 -167 253 -736 -565 97 285 -735 411 -128 -346 915 896 -582 980 722 -755 -700 -360 364 446 440 -986 -339 
252 324 910 -593 858 536 -136 325 482 507 -668 -255 295 950 -53 881 595 227 386 -640 -207 -347 467 467 535 340 -808 -845 -121 -792 -77 -500 -158 -491 185 951 -343 -772 888 -553 821 -52 480 710 653 10 -664 -945 -129 -129 223 -891 310 165 546 -474 989 -500 369 907 -449 148 90 -722 298 -642 172 680 970 999 -735 310 -995 581 -708 642 717 498 829 -729 -217 814 528 407 373 132 -707 835 -897 165 -259 115 754 -32 297 -598 714 -39 219 -756 
-128 864 99 896 -129 -359 -691 398 239 -401 -467 242 58 -731 27 -631 571 708 -12 940 -406 -424 -768 -637 132 -787 -560 -64 281 586 326 -226 982 -703 930 779 -317 134 -127 71 629 897 -188 -137 777 6 204 -662 -148 48 -287 866 769 107 -226 474 -242 -974 595 -461 -276 -949 325 535 653 -177 -316 925 294 -541 759 323 764 -46 -158 597 87 -569 184 109 791 859 836 247 676 73 -358 -206 399 -73 -575 -1000 -815 -650 30 570 60 -57 691 -710 
11 -330 -562 673 -897 247 598 -938 -541 -825 -286 822 -284 337 -604 753 239 231 -129 -149 488 509 -353 471 -629 -736 416 -254 -979 914 497 -171 698 432 -984 655 324 -223 834 717 -237 930 561 -148 -308 78 566 853 883 632 -738 -863 -805 -548 722 138 -750 -348 514 462 607 -914 -786 948 512 426 -339 253 285 -226 -149 564 490 385 961 -554 525 -649 678 -218 -407 -603 -141 -151 284 704 432 -274 -188 -45 -674 29 -799 -353 978 -59 -268 942 751 -440 
705 333 -963 247 -671 787 650 53 -601 382 -738 890 359 149 -167 -748 674 -174 701 935 387 -103 -346 -270 14 -494 622 540 592 -648 -588 843 -418 298 -596 793 630 657 305 -377 954 -12 46 303 -800 697 683 -897 227 876 263 -335 -680 552 -935 550 258 441 -512 -249 -611 -875 -383 427 627 -837 -21 -808 724 607 -399 536 669 -421 -963 -817 -23 -459 108 807 -586 66 613 -932 -692 -230 144 819 248 -392 -32 917 153 281 478 723 -803 927 482 883 
-671 -673 233 93 489 -263 128 94 -48 325 759 -132 948 252 -130 -258 881 -94 711 -85 381 646 -690 292 48 616 -898 -243 859 -953 -975 525 434 -123 -733 19 660 926 -822 -477 393 -225 327 106 -467 -318 847 572 -209 338 -465 -138 -221 -856 693 -153 -719 -917 -471 182 -519 -973 13 860 -73 -970 -558 -914 816 -759 -581 631 79 -726 -332 -529 581 673 -116 -440 -388 -430 -393 -700 729 -282 744 356 -398 997 -524 526 -723 -757 -989 -128 -515 933 342 -495 
-75 182 -793 160 873 332 35 -607 -372 -730 286 -332 -150 -239 -895 455 798 245 -781 -751 959 95 716 -894 -949 864 -604 239 -191 -781 -588 -608 434 68 -656 -115 -368 -529 866 -397 598 -313 -100 410 619 -544 -116 350 507 -546 -611 -781 -981 -996 -761 937 -165 -61 -461 -41 61 -110 -274 -488 670 573 68 3 798 -881 -32 306 -152 -188 262 410 -139 437 2 -702 664 0 -574 -775 -809 -976 -42 -676 -863 -15 807 -544 322 -808 -563 -706 479 -804 -959 -799 
169 -784 520 6 353 -646 852 -130 520 378 -574 -348 -563 -119 442 904 -494 -63 979 -101 -574 882 438 228 -6 883 -295 -279 802 -966 896 -825 885 -44 -960 -330 -81 -83 919 961 -544 686 -242 743 983 206 -483 31 404 179 681 -542 -443 -34 -52 -521 -442 289 -504 -173 676 -770 -547 443 395 -199 162 784 -760 720 -961 -504 173 736 -376 245 -362 -490 -192 574 957 116 580 -901 790 -925 -212 -782 546 -996 -218 244 -631 -101 676 462 -684 -501 -37 -317 
-704 -379 -199 -53 -864 81 -943 337 -867 -97 -271 347 -255 64 -350 -985 -553 -399 -27 806 853 -568 -172 316 -388 292 288 -946 -361 -335 703 416 20 -657 -202 233 -452 606 78 570 -692 -360 -80 812 -237 695 72 633 694 86 224 211 -840 -131 384 -515 -642 157 595 -274 -471 379 227 -841 -603 -7 -97 -599 -640 -327 95 543 -612 901 594 527 -22 -225 967 -589 981 640 -512 745 -390 568 200 330 967 -703 -447 -319 391 981 -91 -256 -435 -672 813 615 
229 133 -562 363 394 905 -315 -307 -530 960 153 977 -102 -347 665 -892 576 -64 715 342 190 45 -15 764 681 431 -958 -140 160 -443 -47 435 -508 -589 -307 327 247 528 183 -863 873 -985 913 -718 88 -475 -391 526 -622 -595 461 516 -758 848 -276 -331 -950 967 -229 426 -448 -835 -317 140 -921 41 867 855 120 -406 742 931 -139 -122 -276 -29 673 234 815 589 66 -489 133 949 -550 569 453 968 484 -434 -85 -247 -556 351 -957 857 471 -294 842 231 
-774 826 -19 139 -478 -486 -927 -783 -99 -310 311 793 580 -464 -92 -857 -168 585 -275 410 214 -221 -308 -669 -231 422 -878 507 946 355 -887 -931 418 -566 -950 954 714 -193 794 745 653 -302 850 494 875 670 -36 174 -722 978 -604 -924 -508 -67 -773 434 -115 808 -529 -397 420 -798 458 -544 350 -546 -611 244 -981 -790 711 937 290 -461 61 -110 670 19 68 798 -32 306 -762 262 437 495 -226 -702 664 -428 -645 -166 209 -180 779 494 176 -977 -544 803 
7 -808 -706 -804 -515 -959 -799 169 199 104 -854 6 -646 589 -758 269 731 -640 -172 259 442 -63 -422 -101 882 -119 49 -748 -279 -228 896 -825 -849 -44 -960 -330 -81 147 961 392 -264 86 423 -242 412 569 387 -483 31 404 10 681 -443 -34 -650 345 -171 -120 62 377 -173 536 74 -547 -556 395 496 -539 -660 85 -760 -717 -113 -212 433 -722 736 -572 245 551 467 478 574 -317 793 -103 -901 790 -152 -390 -334 -828 841 709 301 289 -218 -708 122 -484 
-802 -501 -514 -871 -704 411 -267 504 -943 -399 -473 -271 347 -920 -550 -350 -914 -553 -540 683 -684 806 853 -261 -568 992 -741 56 463 315 292 -555 916 801 327 -335 -394 -851 416 -446 841 -166 -817 315 -470 233 130 -56 252 -252 570 -1 -692 209 797 -746 -237 -832 829 633 -199 354 -972 211 136 -840 384 -447 -642 875 -274 -1000 201 379 227 892 -857 -258 50 139 -640 -24 -889 -142 527 -22 967 967 640 197 -282 -787 586 244 131 -695 502 -744 -447 -617 
847 -256 -710 957 813 229 133 -363 165 189 -530 -411 386 866 689 -347 665 -892 -628 576 449 715 524 -619 -189 -854 35 151 500 -937 -149 -940 560 -963 160 -443 435 -508 702 -541 -90 -549 -662 752 425 191 -651 -314 -411 747 815 449 -907 -296 204 716 -14 -595 516 -758 815 848 407 -864 233 -229 998 -448 -778 866 -921 41 700 824 156 -406 -918 607 -139 -50 -314 -108 752 -962 236 -716 674 -708 -155 -103 -848 482 -550 453 968 712 844 -434 -392 -444 
-247 351 -790 -693 471 47 -294 646 448 648 392 -953 -136 46 -630 179 -478 312 -135 -927 -783 -732 954 311 580 -464 -321 958 -857 992 698 -578 585 -371 -659 214 338 -221 -308 -231 350 -878 507 -693 -185 741 209 -431 619 -690 -324 954 -193 540 967 846 664 -853 850 494 875 942 758 865 599 -659 -683 603 -865 -470 -369 956 -98 5 103 -478 -197 -970 -461 -851 289 205 -832 -696 -527 227 -746 -995 994 -792 58 689 608 863 -229 -486 133 -353 -724 -434 
-546 342 291 48 -747 12 31 447 -979 493 -947 -924 -176 341 -229 -601 640 171 -912 485 516 -702 -514 560 297 768 965 -103 461 379 -417 -811 -8 -981 46 805 -746 -668 477 -12 -622 663 -216 -873 -869 869 277 -626 -845 -867 328 -848 513 128 796 401 -10 -452 -615 -621 251 -991 393 408 782 686 783 264 -849 237 943 -777 -610 -957 -905 -21 686 99 -545 -889 330 -148 -456 -787 -827 -767 356 715 -968 303 -354 -470 -380 -573 724 673 -661 -196 638 14 
972 -346 518 51 15 -173 793 -809 266 443 300 -147 -323 623 -603 -267 -537 929 941 -287 600 -439 -897 624 499 100 220 -127 551 391 -912 -554 -984 421 -585 605 339 -11 771 -705 -339 436 -280 -280 370 45 310 179 -144 -719 -177 310 179 -385 817 850 625 580 -569 166 -144 -829 -830 -122 13 -446 972 -268 517 -740 667 496 116 -22 -429 301 -131 215 673 398 287 311 55 691 689 159 -893 -961 893 316 740 969 523 752 414 -124 141 359 578 -721 
36 -486 715 -674 243 284 -191 -733 431 782 -514 -184 814 482 796 -685 -671 706 902 -125 518 -176 -387 -311 -907 -790 -628 221 541 432 -265 -114 983 -713 150 43 726 -990 414 -760 -609 -993 13 -41 -192 240 596 -880 -24 638 -428 -875 -373 789 151 -123 -627 147 -296 955 -816 464 -955 460 -805 -536 253 -35 821 745 35 792 551 274 -529 -64 -63 -623 853 -626 -236 245 327 270 11 -361 -797 -455 197 -124 -437 385 -234 326 281 412 202 729 -729 423 
934 974 -687 574 863 -882 845 922 413 66 -592 697 362 -832 153 655 -820 208 301 -60 -496 -679 -155 415 951 -653 93 -105 -576 -313 321 135 517 -230 350 -742 -4 175 -239 333 -58 -609 39 265 796 -351 -197 -54 -759 -233 216 145 124 855 -670 -195 797 -674 501 960 465 911 -65 55 664 534 -525 -595 -437 -775 936 573 388 -714 381 -724 -852 584 -913 -777 -438 -992 -504 103 -491 -569 874 -75 -685 721 704 -273 101 -939 -342 559 687 290 -548 -589 
-985 -774 -649 912 438 -518 324 -701 362 -820 -75 -232 -313 61 -980 986 -103 -692 762 793 -297 -226 -208 -334 189 -301 196 -467 -746 -958 -549 766 293 -937 -178 -397 -133 748 -844 494 -792 725 791 -40 769 881 519 -528 377 -467 974 -772 628 -565 -769 -670 169 621 -494 117 -73 90 702 -33 81 -838 -21 -520 56 136 587 53 252 566 -335 -401 -687 -733 -222 569 -812 -668 387 791 786 -685 876 -56 -825 727 -739 561 -339 -34 -402 665 -588 -713 834 -364 
-900 82 -85 576 -913 -137 -672 916 512 425 -365 -897 -13 903 9 295 -732 -457 888 -388 -594 135 931 -17 -992 -7 -122 144 164 553 443 900 -132 -413 -106 269 532 -788 -719 -965 -639 -216 802 -590 533 581 -322 -154 71 -911 496 83 723 -245 -474 728 -852 -963 69 999 609 868 395 -239 560 569 -941 -731 -285 68 -356 722 414 -449 -113 -61 814 439 654 987 274 -281 662 -877 -304 580 -419 -65 717 758 414 -415 430 876 374 312 109 -692 -900 -681 
-238 -166 484 875 -187 -124 -413 -652 61 -942 908 185 169 692 719 -699 473 460 636 -210 907 751 657 -311 985 -937 35 -540 562 935 324 995 283 -579 932 720 190 384 -109 468 -217 868 490 57 -826 -887 651 666 961 -783 -696 -25 68 -401 778 -363 -90 -801 889 -617 -98 -736 654 351 -338 -548 331 741 -370 14 -826 -136 88 314 -640 109 -459 -119 -903 180 -752 931 314 -963 -874 -43 459 -878 877 669 -838 842 256 -366 -689 619 909 649 -720 329 
-152 -139 902 -256 509 -167 -242 471 -565 -316 -370 476 -346 915 896 329 156 228 -360 364 -111 962 252 660 480 772 908 -507 325 295 -255 295 950 792 900 -873 420 -207 -734 467 340 871 -845 -121 -792 -77 -571 185 -242 -343 888 -792 -108 710 -945 284 568 -720 -233 -215 299 572 -449 90 903 -586 172 970 -735 -995 385 498 829 528 114 132 835 905 115 754 186 -994 -339 219 -250 68 -956 -566 -659 154 -255 -483 -828 765 727 -38 -850 116 -445 -655 
-348 -565 936 420 -942 -167 469 344 -308 102 853 673 828 -708 -583 199 844 -810 731 -943 -525 -330 839 -85 652 -883 588 -252 876 804 -133 63 834 -794 -640 -790 651 -903 346 424 759 206 794 828 10 853 -137 361 254 806 533 810 -626 146 782 289 855 -903 30 838 292 -401 879 509 109 -918 -983 166 -963 -90 -480 437 -19 183 -220 434 -227 -21 -889 -698 -753 -654 840 -109 496 168 923 -377 110 826 855 -347 -535 -454 811 -288 -402 527 764 -491 
-706 503 -77 755 -936 142 327 338 624 -31 -975 -272 353 489 770 100 -524 -751 871 -383 -130 -340 -963 -411 -563 -233 194 -908 31 366 977 -618 276 -97 401 -255 334 424 147 -297 390 -833 932 767 -504 -262 -537 201 144 312 -139 522 653 -751 -302 -303 -816 512 -735 -6 938 737 510 237 -659 628 494 493 -635 805 -768 252 122 -126 -509 759 -226 -66 -47 754 -309 925 925 -113 -265 -532 971 476 608 285 707 559 -446 -602 436 873 44 826 -562 -978 
-76 -864 470 -551 583 115 253 -431 956 -647 -476 -295 624 152 -150 600 -502 -986 -547 -934 -934 -720 628 -182 337 777 511 660 -867 893 -768 -240 -426 278 113 -220 63 -310 209 -31 -816 -923 788 -649 742 235 -27 107 -563 -881 -998 -329 370 715 -426 -481 311 -897 822 270 303 823 -181 -286 750 -211 521 529 739 -802 604 410 52 -271 94 -118 807 299 -417 201 -988 -150 -144 223 -438 162 390 -207 -330 -614 713 -260 -898 -638 768 755 -43 -84 -216 962 
-698 315 -886 835 9 -481 417 293 68 520 -553 113 -432 -792 355 -18 59 -46 -244 261 552 -554 717 -411 247 985 -358 -538 129 -647 797 565 -266 -969 884 -715 -170 -712 460 380 715 -807 -901 499 -100 -287 980 -220 552 -542 585 484 195 -334 -505 -438 -899 19 -817 -194 -14 205 -121 802 -556 176 474 -913 351 -605 -922 -627 -977 -487 -476 958 942 710 -367 -242 655 -198 948 59 -455 146 788 -254 53 173 760 -499 262 -209 -418 371 921 150 546 870 
693 -768 -807 -11 132 -557 -787 155 -63 -34 586 -226 588 -676 930 0 779 -370 -483 619 553 -452 88 -836 646 30 -946 -506 -866 777 883 942 404 413 530 -662 -662 -414 -354 -354 -287 866 -117 8 107 147 854 -989 457 -289 -574 -276 -949 325 -225 -6 653 -298 102 946 -374 -917 477 315 -571 288 323 64 64 -732 738 738 198 -787 -559 615 -308 -473 828 80 -920 466 676 -21 -358 399 -445 873 -73 -452 -980 -1000 -815 -626 -433 -570 -453 99 740 -449 
-710 11 -330 -677 -562 -565 484 -897 247 -938 -541 409 -968 871 180 639 -869 -284 -963 -100 -940 -135 -133 231 908 -104 747 -30 -111 509 -353 -671 -100 416 555 -254 6 -514 -37 772 -171 698 -413 432 -984 -950 881 -796 -434 -599 256 270 540 -117 405 -237 -563 -148 127 78 355 566 853 385 632 -162 -307 -805 -548 722 -438 611 -589 -589 462 607 -914 -460 733 -559 762 895 426 -920 -210 -543 253 -171 285 -226 -918 -149 929 490 -321 302 -554 501 -760 -490 
-749 -227 -407 470 948 -587 284 -826 704 -299 -274 427 771 -743 37 -825 -674 456 -564 29 -799 -269 178 990 653 388 468 -195 903 705 333 -963 -584 -955 -136 650 454 -21 -195 -970 786 -942 -254 -606 -167 -734 -339 -712 674 -174 -941 701 935 812 -375 -65 920 736 -563 -103 887 114 -982 -492 -659 -595 622 -7 592 -648 208 -72 -418 298 -596 793 -440 379 289 444 -227 -12 46 -363 303 860 697 683 909 -996 77 -732 263 349 -335 -387 552 -935 572 -143 
869 -800 808 -249 283 -604 -596 815 427 627 -560 -345 929 -808 -676 389 -467 70 -399 536 669 336 -572 -963 -817 -929 -560 126 -84 23 573 -730 66 613 999 999 418 -364 -455 819 673 -899 -392 -597 961 917 153 -945 478 630 -287 127 946 287 87 923 731 63 93 489 -263 -263 46 717 94 -291 -756 620 -515 50 604 -130 -258 881 205 311 -85 -994 850 903 -690 -869 171 48 826 140 -513 152 -630 965 -953 -975 525 434 434 158 309 -943 -499 184 
418 542 -822 827 262 393 -225 -898 610 -722 -335 415 -408 684 572 -209 -664 489 -152 -465 -606 638 90 430 920 419 -107 -534 387 296 -684 153 -519 654 577 -448 -859 -428 -419 -914 -514 908 -205 -993 -581 546 631 79 -604 -726 -81 -726 -797 581 -144 673 -662 -116 250 -440 -462 -638 461 150 -683 729 -637 250 -109 -485 -398 -176 -567 -103 98 -75 -723 -393 327 -834 -515 979 -580 843 167 -185 22 -321 935 632 984 160 873 -233 168 -607 -372 -730 286 -332 
-150 -370 -895 -55 -352 618 984 -364 -364 -757 493 959 -837 -283 776 248 653 -630 864 -211 239 -191 -508 -351 -60 -773 282 -33 -656 808 906 291 -397 598 -100 410 179 -542 350 -115 101 -546 -905 -981 -996 711 -600 -61 226 -461 356 775 -226 670 19 403 -428 -43 -881 -32 882 -568 -310 977 262 437 -226 -423 633 664 -855 0 -922 -574 696 752 -1000 -180 -42 -676 -863 -15 66 914 803 7 819 -563 -706 479 -646 877 915 -680 625 -906 239 -784 199 104 
-899 -854 -853 828 -879 589 -758 269 520 821 -640 -569 -971 -141 -308 987 442 904 -494 -63 604 604 406 -101 -60 882 -136 -119 49 -748 883 3 -279 -228 -689 -574 885 -866 -641 965 102 -420 -264 919 63 500 -544 739 849 -242 983 109 201 -514 387 -108 -311 -311 535 -619 -418 -822 434 -552 -69 -52 -171 -442 786 62 377 536 422 -770 -556 -790 -421 -199 -129 -660 85 -204 -717 -212 -961 438 -722 614 978 -860 245 -362 481 467 -447 574 -90 957 645 116 
-103 580 -901 790 -152 172 -828 841 709 -765 -355 -57 -969 -708 -607 -404 -484 666 -802 672 -501 -627 -871 450 516 -379 -199 -53 -267 -347 81 267 -943 -28 -399 463 -473 -97 -271 968 -255 -550 551 -953 -553 -399 820 277 -87 -119 -595 -66 -172 972 316 463 292 288 916 818 -361 -394 703 518 -247 -446 20 -657 -817 -470 -555 233 130 -56 606 -321 570 -692 -92 705 -67 261 -80 -402 -746 -203 -832 72 633 694 86 -88 211 -839 136 -207 -491 -738 -578 -642 
911 978 -402 -332 379 -458 892 603 -7 -816 -930 -638 32 -640 -24 543 -612 -142 72 -265 -225 967 -589 967 707 586 244 200 627 967 -599 -703 -447 -319 -279 391 667 981 847 847 -91 315 -209 -672 813 229 -238 -238 -562 45 363 255 165 -11 143 -307 -266 -847 -411 386 866 -102 -188 -870 -892 -815 -628 576 449 416 389 -458 726 190 45 426 -15 374 120 500 -94 -937 -149 -97 560 -616 160 -1 -97 319 702 15 -90 247 -662 -501 752 136 -651 -314 
-646 747 815 -718 88 -907 -202 204 531 -595 516 175 -758 -262 10 407 -864 233 -93 -20 972 998 -754 -448 -835 866 -989 -921 41 867 700 991 -911 802 -406 -918 931 -139 179 -94 752 -29 673 234 -716 674 589 676 -103 -848 133 930 -550 453 -492 -653 -434 810 -418 292 347 -957 -693 857 471 47 646 448 -599 392 -843 826 -570 -292 -630 179 -478 312 -486 2 690 -566 -732 -862 954 -310 -643 935 71 926 -297 643 958 -857 -48 698 -45 -617 -275 -659 
949 661 -365 -221 -308 -231 422 795 755 304 -693 355 646 394 209 -431 619 531 529 -324 765 -642 -193 540 967 745 846 664 532 -853 274 415 207 -347 -36 865 599 8 978 -604 -694 -191 -508 -781 -67 -588 -608 -33 -115 -410 -368 -529 866 598 420 410 179 -967 -542 -950 101 -546 244 -905 -981 -996 -761 937 -600 290 943 465 -41 356 -168 -274 670 573 68 3 647 -32 -568 675 -188 -544 262 -139 -513 -226 2 65 633 387 -855 0 -574 -636 696 752 
-1000 -586 -42 -863 -145 -977 914 803 269 661 819 -563 479 877 -680 625 169 -602 -36 104 -899 -854 -853 828 852 385 -758 147 520 821 378 -574 -348 -308 840 -119 904 493 604 406 -609 438 907 49 -779 -748 355 -279 -228 -689 -680 -825 287 -44 -641 965 883 -420 -77 -83 919 500 392 -264 739 686 -526 743 743 369 301 -514 -851 -483 -108 404 -235 10 -822 434 -34 -69 -52 345 -72 -120 786 377 -173 536 676 422 -806 -547 -471 496 -129 990 -660 890 
-204 -717 720 -212 -409 433 173 736 978 -860 245 -362 551 -490 467 133 -447 574 -433 -317 -595 116 265 265 -979 -189 172 -334 87 709 -17 301 -355 289 -356 -57 -218 -708 4 -101 -404 676 -802 672 -997 -514 -871 -704 -379 -53 -461 -347 796 267 312 -943 -795 -867 -97 968 347 64 -490 -430 -350 -985 102 -974 -399 820 -27 424 806 853 -119 -66 -172 -741 463 315 292 -555 -666 -946 327 -335 -573 518 416 -446 841 -657 -817 315 -470 266 52 -452 -56 252 
78 -685 -1 -126 -692 832 -10 -67 -360 275 209 -402 797 -237 -203 72 202 -199 354 -972 -88 705 -839 136 -840 -131 -738 -447 -515 -243 249 911 -402 -332 -689 -458 227 -841 -857 -258 50 139 32 -327 95 -333 543 -142 527 -22 865 981 -333 197 -512 745 -390 244 131 -695 330 967 267 163 -319 -617 667 847 -256 315 -209 76 -644 -902 615 -135 -238 45 394 -334 905 -11 189 -985 -97 -847 -411 977 -102 -188 -870 665 -892 -815 -628 -774 -794 715 524 -458 
726 190 -854 35 426 -15 120 500 -767 -149 -602 560 -963 -963 160 -443 -430 435 -508 -307 15 960 -90 -752 247 -662 528 -80 136 191 -863 -877 -411 747 913 -940 -907 -296 204 716 716 -14 -81 461 175 482 848 10 407 -144 -950 -562 -93 972 998 -764 -448 -778 -753 -989 676 26 946 991 824 519 -911 156 120 570 756 -918 607 -139 -50 -314 -444 -276 673 234 815 674 -708 -155 66 -103 -848 930 453 968 712 166 844 -392 -444 810 -556 351 -790 -693 
-779 471 47 -898 842 231 648 -774 850 826 527 -292 686 139 400 823 736 791 2 -927 690 -824 -99 75 427 804 -310 -643 71 -464 -851 156 958 -857 -48 723 -45 585 -371 -659 661 -365 -442 845 108 -288 418 350 925 -878 755 304 946 355 -185 394 209 -431 522 -533 529 -841 -642 325 540 918 653 532 -302 274 415 -174 207 942 758 841 174 599 900 693 956 173 -733 -648 -636 -478 -197 -970 693 -851 289 205 -829 -695 0 -696 238 -258 227 -746 
-995 994 767 468 704 -597 608 863 234 801 -964 163 -818 -446 -262 -724 -793 -434 -870 -546 -568 342 291 -894 30 -218 51 453 709 31 -207 447 493 -200 131 24 341 -290 -176 -619 -208 -355 532 212 171 -894 -912 485 516 -702 -372 899 321 297 125 -902 461 -735 -417 -420 -431 829 780 545 805 -746 544 332 -138 -369 663 -216 -873 -869 -8 -308 842 -127 -626 348 190 -867 328 548 513 139 433 128 796 -10 -121 17 634 -385 35 -51 251 393 393 198 
-394 -643 714 686 783 811 903 237 788 -674 -777 -610 -957 647 779 -295 637 686 99 41 757 -545 -889 330 314 619 -362 -270 530 -149 -695 355 356 715 50 -754 -270 -690 781 724 -90 605 321 638 14 972 -346 -393 51 15 -195 -335 -709 920 -721 -809 -234 300 125 787 -323 126 -809 -604 19 -446 497 929 941 -962 573 -917 321 -439 -897 -34 -696 -610 499 -717 -257 -252 451 -127 -224 -881 551 624 -912 309 -984 703 421 605 780 -11 771 -705 -339 282 
-280 45 310 -944 -144 -177 625 -466 -569 231 907 277 780 -122 -873 182 -350 -192 972 901 155 517 -991 -140 -557 191 726 226 -429 -886 484 -841 949 673 398 -192 -224 93 981 -657 689 159 -893 -961 379 860 316 -632 543 -963 -613 523 413 752 414 -124 141 359 578 -109 7 36 -615 -379 654 243 786 284 39 -191 -733 431 42 782 -514 -184 -203 -752 482 796 -685 372 706 -58 101 766 864 140 -178 -387 -208 -311 487 -907 -217 -199 -624 700 928 -426 
-190 -272 -267 -177 880 -631 -180 -713 645 185 414 -760 -628 700 700 -665 -999 -29 -738 -738 -740 240 314 -922 -24 -40 -341 -758 -771 548 -466 327 694 -123 582 -338 323 -296 -524 955 788 -817 -242 -955 -714 -753 253 145 821 -946 745 -278 44 792 869 -984 -535 137 -471 -471 -615 -219 872 873 -236 511 245 327 846 580 509 -254 -797 201 537 -851 178 385 385 42 -234 -783 121 412 970 -394 -296 -92 949 653 55 934 974 -687 -867 -458 863 -136 -46 -599 
845 -424 -372 -246 413 -827 526 697 -832 627 627 -446 -873 655 208 208 342 75 -60 85 -496 949 -184 -215 479 951 447 -238 93 -514 -105 661 101 -313 -982 539 -232 918 -984 599 -944 -230 -70 -742 -779 885 844 -661 497 -514 -728 -575 -77 299 -477 206 644 931 -920 -54 320 -647 -847 544 959 160 -557 -723 -670 -438 221 -455 831 501 960 -254 929 -627 405 55 -202 -246 371 -849 82 -775 936 -479 -985 154 223 -724 -852 -335 584 102 293 730 -83 318 
51 -504 103 -138 -713 -295 599 -75 721 704 648 -767 -819 126 -684 -939 -811 438 559 -361 -354 290 -335 -352 -589 -298 -41 -774 -877 -110 -455 37 -611 -336 127 -518 324 58 237 -411 -820 -75 -267 295 922 -794 61 609 -695 -103 -647 762 582 -892 -331 -297 -957 -208 -523 -334 -592 -785 -301 -347 -467 41 -746 -958 121 689 -761 -178 -178 599 -133 -838 748 -355 -58 494 -792 -792 749 466 -40 -320 779 881 -528 377 -467 846 473 -525 -977 -273 -976 -702 -494 943 
459 459 766 -73 90 702 -302 -33 81 -974 236 228 587 53 -425 -787 566 -335 674 195 191 -873 -222 787 569 -812 934 -668 745 791 -556 -987 -574 876 933 -56 -786 -825 727 925 -739 -986 197 888 -227 628 -34 -390 -231 665 451 -300 197 -713 -592 -869 -724 -364 -900 -284 576 -561 -137 -500 -251 453 512 425 -365 -897 -382 805 903 -994 243 -732 579 -727 -668 724 -594 -689 931 -90 -17 291 -559 -898 -877 205 649 164 227 -304 736 900 541 -413 -79 -651 
532 -788 313 -965 -868 -639 540 923 -155 802 -590 -590 533 581 -322 -154 46 511 -926 83 -956 723 -309 -304 -24 -545 -852 -831 964 494 886 583 -239 -907 -941 -731 361 489 754 -662 -944 377 -190 -190 847 -750 374 439 86 654 -582 -596 649 987 36 274 -878 -281 326 584 -923 -76 -65 327 -583 717 915 -489 414 -415 430 508 806 -50 805 -591 476 -822 -549 529 677 -236 -739 728 873 568 415 875 -932 919 -276 -990 -413 946 800 726 178 -622 503 692 
-432 -102 -699 473 402 402 636 829 875 368 -832 -605 863 708 948 -335 -152 -348 985 -937 638 35 -875 514 226 -276 935 324 995 283 -579 932 -216 158 384 -410 -109 -918 563 -416 490 380 57 210 -888 876 651 666 961 -522 -696 -959 -204 -871 -753 -108 -119 750 24 442 527 -975 -617 -98 -736 632 398 351 -338 -223 -548 376 695 741 -478 -756 -51 781 -522 -193 -811 -21 -640 109 -459 -119 -229 -722 -395 -763 -752 314 143 -285 546 -236 135 769 549 418 
