102 417 -418 786 -963 -586 390 -941 -94 -443 353 182 -953 118 -482 -170 386 173 -450 -687 89 -485 437 -959 -350 618 -202 -816 575 116 -277 -369 126 -62 497 -417 326 173 -433 -444 -91 -589 -873 -33 -108 -275 -85 336 -21 -320 653 -110 -877 614 -539 -35 -948 11 -866 -446 981 505 -828 363 415 854 453 602 321 572 -268 106 -616 452 570 533 -624 -61 5 -30 -564 -646 -853 280 -464 -447 -497 671 991 -289 -885 920 649 983 -685 792 -319 394 729 -418 
-684 122 840 454 77 -161 683 944 -265 639 -789 -35 -523 396 -949 -274 600 205 -537 -113 286 -809 588 -184 -122 939 401 -889 -287 566 -101 -688 956 6 -475 769 -863 78 -633 -4 234 959 -91 -204 235 -751 -41 -451 -447 -452 973 390 -218 -639 488 -269 -732 269 -179 872 539 -950 -348 168 -799 412 -877 -860 678 381 -752 67 472 265 -69 -332 -655 -188 734 -108 343 660 560 -773 16 743 -894 633 647 -309 -626 349 432 578 -823 -165 529 -589 -537 -500 
947 -771 -654 68 685 266 -913 -455 194 966 154 301 -169 70 -821 -136 -892 445 -183 -671 -272 648 913 251 248 -459 876 500 -521 992 150 494 147 464 102 66 436 -181 967 829 783 -615 -315 -988 -899 911 564 998 641 -559 769 239 -546 -310 -394 -926 997 271 -149 -147 511 -695 811 -945 -794 -78 -245 236 778 406 -912 -757 424 128 527 -581 -11 56 491 -692 91 915 102 427 476 989 850 -390 -821 54 -317 352 398 524 333 919 848 483 -292 12 
-878 391 -347 926 241 -712 11 -217 247 -717 396 932 116 -971 -103 -34 -673 -407 -785 -749 -217 -806 719 -655 609 877 575 972 204 -97 -573 -462 922 -354 -305 34 41 470 -357 669 433 -206 -353 -50 734 -435 -157 737 -491 299 -841 674 84 97 453 802 233 -146 800 723 -649 -867 -124 -419 959 319 -702 -958 -547 -557 -451 -519 -213 828 949 800 525 -432 -130 -714 -560 208 -248 622 -986 -363 -726 326 -909 957 -814 -590 -992 -315 -476 750 -526 847 -419 649 
-844 646 562 253 -196 278 -998 -167 -569 -510 -188 374 -111 8 -324 -965 129 -582 -830 292 946 782 884 -629 459 353 -420 -81 430 336 -846 18 102 -815 75 -695 5 245 -289 130 -750 -708 -228 -129 -121 22 -269 410 584 -800 -342 -749 -167 64 -786 199 -608 271 198 -340 505 504 -256 -187 -184 -255 298 -777 299 17 -688 283 680 -917 534 594 -297 244 15 -485 490 127 922 -113 826 -982 -649 -101 -279 -231 766 -157 -988 -869 381 -383 119 319 -902 -355 
269 -963 -654 -22 84 19 -293 -363 949 853 778 -321 307 -478 -752 -542 639 297 572 -559 568 154 -668 242 88 -410 432 -594 7 -956 33 15 824 809 290 -500 308 203 -303 971 578 485 466 989 -720 848 -445 244 -784 511 -53 -717 853 432 468 -508 -772 -886 -588 900 492 653 539 233 483 -321 629 -329 -964 -533 873 -285 -394 774 -30 -217 -589 746 -262 139 -503 940 998 -421 201 766 168 -296 692 57 239 866 -424 373 772 570 188 -77 799 429 
710 722 99 221 -412 714 525 605 -899 -784 533 52 200 -134 607 -948 -72 479 -733 927 426 -891 824 964 846 -317 -9 658 89 -87 -198 -551 -89 101 -426 979 -40 118 766 159 802 761 629 768 26 391 -663 985 -181 848 849 877 987 990 174 255 -956 476 -282 -346 -826 335 -428 777 -813 551 767 648 365 434 -107 38 -917 -683 -182 252 -667 962 -639 -362 -426 698 -766 -420 373 200 401 -651 -475 134 471 297 818 -462 -724 51 -584 -221 -28 247 
-43 110 833 983 -438 816 848 -31 387 -471 -621 -386 490 550 -524 -519 -852 -733 423 -796 131 -597 -240 -238 -273 -122 2 -735 41 -493 23 641 493 -23 -35 -311 919 -762 -41 36 176 684 331 789 -831 -384 186 314 -292 -891 316 265 -650 791 567 -453 -400 -677 621 424 -887 -883 -852 496 -464 -500 -816 -676 -715 179 -47 111 414 -537 418 589 606 67 -473 479 686 258 777 -436 -800 531 221 403 -262 -415 -27 -631 -963 618 334 -672 254 860 309 237 
-721 208 285 -510 -766 -469 236 924 857 492 427 -398 -715 -867 394 -216 830 -88 -763 960 500 737 217 615 119 -892 -820 160 -130 -111 498 -6 639 -843 470 -328 70 -3 314 115 312 -765 369 -636 454 161 563 376 743 -454 559 -205 -458 590 855 -548 636 -60 499 906 182 234 -191 -106 -981 -61 -469 353 684 -210 939 -152 457 -498 803 572 -496 583 63 -251 -574 22 689 -191 -120 -769 41 595 989 918 -739 -491 368 -802 -289 900 -694 339 549 22 
-269 410 -550 -544 958 523 -872 -438 199 285 -123 -340 566 -814 -256 -184 725 299 -560 680 -917 646 706 -485 127 187 -927 -425 -442 -649 819 629 -343 -417 -157 123 -326 860 381 689 319 722 -275 -355 269 166 -963 650 -963 -973 19 -273 -363 -380 -55 296 475 307 -610 -478 -542 934 639 251 297 568 -706 -668 957 172 -410 876 111 7 -172 -939 15 809 -612 308 229 578 -582 -911 466 901 118 149 458 244 511 -717 694 432 -125 468 -508 -772 -671 492 
-958 -634 315 -897 411 -324 139 -964 -161 873 454 -285 -394 774 -217 746 -701 378 6 940 998 -421 535 -67 692 514 -481 -467 188 -77 391 -581 221 40 -952 714 -693 839 122 533 113 -134 -812 479 927 919 -981 851 -891 -228 964 -36 -9 822 89 -584 -225 -551 -601 101 -674 -484 118 369 802 761 629 768 391 -370 630 -485 325 -506 239 877 -894 990 739 -956 476 808 -346 -697 -366 691 -813 899 -170 655 648 310 -379 -917 -220 -182 -569 -667 -976 199 
-452 -639 38 -122 -443 500 401 214 -651 857 -956 -220 917 -462 -724 51 -584 -221 -785 247 876 -40 983 -438 -649 -344 -698 76 942 -621 490 945 -524 -930 -259 -751 -438 -365 131 -870 544 876 72 -273 -122 2 -735 -315 852 23 641 -259 223 -308 -762 285 -249 684 -703 -831 186 859 -891 891 945 -802 -984 975 -278 -735 -677 621 -394 523 -272 -752 -713 -464 -500 -676 148 -715 -395 -780 111 446 88 471 565 281 237 606 -299 695 847 -847 686 -952 787 -81 
358 236 221 -736 569 95 -846 197 -601 539 67 -672 438 -399 885 309 286 -721 -584 344 -469 967 47 492 955 191 373 -715 672 830 435 230 22 500 737 217 246 119 -753 393 160 -130 223 -417 -264 783 -843 94 -422 -779 174 402 326 -869 312 -850 -636 120 161 -791 977 376 -212 -204 559 834 -254 -187 986 -695 -60 -609 987 -304 234 -191 891 -106 811 56 -354 397 650 855 -262 -701 722 457 -498 907 947 -41 -496 373 -157 726 685 -120 -124 -641 
626 -200 595 58 397 -772 -86 -919 552 46 -936 813 -335 -905 10 128 526 549 -895 657 -391 670 -932 758 -165 -637 23 934 859 438 -160 947 -993 82 893 779 393 277 -762 314 976 712 -468 308 -989 -696 847 -946 -628 -902 -330 -981 -116 271 -580 -430 111 -156 -681 633 -207 -335 623 -489 431 -612 -720 -478 513 -102 327 -280 623 -997 542 529 391 118 -833 850 723 575 490 567 391 541 -233 919 -113 356 -223 925 971 -724 -851 813 -840 -133 256 -299 
609 -597 427 -336 545 -621 -588 -653 -802 709 -769 -715 -322 -182 604 167 -697 394 448 108 138 124 -618 -591 708 -313 -872 -198 947 172 751 196 253 -206 -151 967 -51 -262 955 356 -540 -456 427 338 -732 761 -177 -399 -556 0 468 -820 -719 -250 514 -255 -619 488 -99 -540 760 -906 227 -150 -403 822 995 -885 -99 -207 239 571 459 945 762 406 -375 91 -865 765 687 -303 -91 -214 -223 -871 421 798 -181 -871 278 -955 -214 -56 -562 9 -475 -477 511 651 
-819 235 -541 60 -281 495 -638 -721 121 57 200 -506 979 709 957 927 459 696 325 -609 382 -312 926 -69 479 -584 498 -626 109 398 117 374 -130 43 -390 -179 376 -555 -643 -866 829 -9 852 -538 -821 -509 -917 -435 751 530 401 -768 -162 -958 -903 986 -121 -768 -958 -903 58 399 504 122 -93 -457 989 682 910 191 -366 -915 -651 -957 -869 -120 -118 6 -739 540 794 -751 -935 -508 -144 -286 -57 76 467 50 -648 -597 -157 -213 363 -116 855 -467 -44 -360 
-898 328 653 810 -910 -202 303 277 -657 -508 -294 107 -724 970 791 162 -664 -373 542 -411 -799 -48 -854 944 -623 710 -880 -337 -302 -554 -392 -751 689 -53 822 -912 -18 304 91 -160 664 228 180 823 -613 -666 -533 312 -291 -596 323 636 439 187 -140 10 733 857 644 -369 -531 -20 -343 862 76 -802 -233 -118 916 490 758 963 814 -54 676 176 60 -878 744 227 -274 123 288 473 336 600 507 907 81 35 -312 -483 -961 474 59 657 -108 774 448 -54 
487 -584 -689 -629 -857 267 121 813 204 -779 -115 -993 258 477 -432 -952 -714 -712 -949 -584 402 -771 -910 396 883 -999 248 146 -460 504 -677 -86 689 -886 695 363 746 508 -998 -7 -808 -911 -175 794 345 949 -899 -794 211 -868 504 986 -78 -526 669 735 -653 -844 -113 -772 -450 608 -674 17 -197 488 -291 296 397 90 -187 4 653 -328 -96 -753 -919 504 775 -561 -500 -895 -706 82 -294 -791 812 227 679 41 -760 692 366 -385 125 730 276 339 -27 -137 
490 -558 -588 337 -712 584 967 -543 636 393 702 -290 946 924 -412 -609 381 142 -802 -252 -606 432 -871 489 160 99 157 193 486 -191 230 730 749 639 -870 -400 -539 817 204 350 955 -564 -453 591 -123 198 11 -988 -546 -795 865 832 6 711 -451 -213 -1 -419 211 -525 -470 787 -91 304 102 705 -318 543 -608 -582 -969 266 132 -646 -384 85 -23 -721 -786 -187 20 437 -256 703 754 283 -727 -435 8 18 -283 -575 131 -101 896 -69 -577 772 963 -307 
147 -853 877 -747 -100 366 268 -384 861 -870 748 -683 -63 474 25 534 -602 964 136 987 204 -337 -515 -709 -57 -632 671 -205 389 -16 -655 -48 -71 220 -610 321 -243 -868 723 -209 -598 -715 -963 307 587 -809 958 51 -966 455 572 216 -835 -785 -686 363 -725 167 -193 -742 534 655 260 283 -782 -509 481 518 -673 576 111 67 179 36 -906 694 -528 642 -527 335 209 501 -461 951 -326 -290 540 906 -842 -384 -265 -10 -393 474 -550 -126 412 157 -681 157 
291 490 176 114 319 -450 369 657 -229 -412 -287 -930 410 -349 -220 -964 -182 -518 -304 638 -985 486 -849 89 -695 756 -929 -166 -370 441 700 -326 -140 836 581 -369 -162 421 -444 179 -159 -166 657 -501 409 739 -242 223 400 -983 -465 -505 520 837 -994 891 -198 -566 -914 -343 533 -319 108 431 249 161 327 359 -620 -644 -765 -631 516 723 688 -432 634 -843 -766 82 518 812 785 -402 143 235 70 733 659 -167 978 862 552 664 -243 691 -184 -613 339 -226 
60 -88 -862 603 -356 -794 -352 792 655 63 -378 689 -527 330 -186 217 -677 -197 846 -836 483 945 801 252 382 -523 -644 224 -95 321 -643 -102 78 155 975 -441 489 563 -926 351 260 -671 417 448 839 -6 764 242 750 481 240 -975 791 -974 604 530 378 -744 -131 592 -884 579 1000 -123 894 -641 -44 95 716 972 -859 -523 -66 218 -197 -77 -142 509 -192 -563 144 853 -743 -428 -35 -268 -539 -977 901 -568 -571 660 -490 -1 -337 839 -92 -901 599 831 
-594 108 -274 -389 -150 -223 191 309 617 -681 -816 956 596 -659 985 222 -199 -783 -873 -534 -698 -153 68 -238 -410 761 30 944 -394 145 449 -724 958 -450 705 -120 -223 563 -467 349 179 -537 -583 -354 -310 466 -21 -295 492 261 -58 17 -505 296 852 -94 458 -524 161 532 479 845 -56 903 703 -689 605 881 -279 -539 -745 795 950 0 291 -523 -869 -244 -803 -828 540 571 646 -945 -131 449 689 -623 516 59 984 -250 152 381 -55 -101 -365 477 896 894 
-11 102 574 -370 130 -838 -14 -643 -568 -416 572 -89 860 -308 -519 -239 662 -442 907 -697 742 -407 152 382 -557 -568 620 -891 -253 926 519 -167 -570 -169 -149 927 -590 622 631 -437 680 943 -62 -313 -64 101 186 26 694 -340 987 43 -837 -592 107 635 -601 933 -786 943 -619 195 493 -596 -194 -787 717 20 360 582 -993 284 949 777 -299 -802 -156 -341 684 -23 -674 -390 -693 715 -807 -347 274 -454 -829 858 -441 25 583 579 73 -524 836 -654 -363 -673 
499 -350 966 -42 -183 -890 -927 550 102 580 932 -844 -231 -370 190 -534 -915 -150 979 447 -703 732 585 807 -537 270 -461 -989 268 -507 -396 -426 776 276 -741 417 805 849 239 -192 640 936 980 -715 -628 -659 896 754 19 612 434 946 374 -381 766 615 539 -116 -460 -851 129 -464 -36 767 633 -817 -688 -709 787 -568 421 581 47 -352 -1 -642 -546 351 293 -841 736 142 -720 -378 374 431 -661 863 87 761 -83 32 -349 396 440 735 904 -726 -321 -292 
-418 -963 -504 -813 -118 -941 -569 -443 353 182 -953 118 -482 106 173 -119 -687 516 635 -556 437 952 -350 692 -202 -816 575 427 -277 -369 126 -62 -417 721 173 743 623 -444 -252 -850 -598 682 385 -276 -275 416 -85 379 -253 336 80 80 43 -110 -715 -515 -361 383 -35 -948 193 -866 -602 -697 -742 107 -625 331 -277 -472 640 143 763 602 490 321 828 -433 764 91 656 -533 -595 945 702 87 -22 -403 -463 774 7 145 -315 219 280 -714 -902 462 -42 -451 
991 -129 -16 -835 920 82 675 -660 -480 -685 792 -319 -871 729 -418 482 -837 683 455 -282 454 77 299 755 -7 358 247 996 656 398 427 -523 396 -949 -568 664 600 -371 205 -537 79 -809 674 70 -539 931 -314 898 401 -909 -889 486 -287 566 -688 -46 33 -263 658 606 -876 769 -108 -388 -847 -574 -160 -633 -133 234 959 -91 238 -686 598 -751 -939 -536 -999 884 -447 359 591 156 390 230 -121 -256 -269 554 587 269 276 310 872 63 134 223 -916 168 
-799 4 -877 -860 -411 381 943 -36 472 235 -332 689 -188 -916 593 -789 431 -79 -79 -319 -618 133 -946 -894 -496 -954 -309 -626 817 432 -46 1 -165 -419 802 338 578 793 -164 840 12 80 727 -654 68 97 -855 -18 350 582 194 966 234 142 420 115 142 -642 -175 -136 -136 -796 -892 445 -581 -567 33 -486 215 913 765 106 248 -459 876 500 -521 -981 -834 992 -14 150 -851 -208 147 464 54 879 77 436 107 -929 -173 829 783 711 -615 -315 -988 -899 
911 564 564 998 778 -607 -152 -594 536 -211 321 997 -149 -147 -416 -113 -21 811 -974 773 -794 -78 -245 -127 432 -175 -912 439 -832 -273 -19 862 69 -581 -11 25 333 -823 -489 -692 91 915 747 -275 476 989 -853 -390 -821 -821 -647 193 -317 -89 352 398 524 333 919 -686 -921 778 -292 12 -878 -645 -372 707 926 113 -281 -105 11 -217 955 3 -717 -659 323 116 -971 611 732 -34 -673 489 -557 -2 263 -217 -787 -653 719 718 330 -827 -405 972 -241 257 
698 -462 922 618 -504 819 -744 21 765 -795 433 -527 -671 -970 -149 688 -25 -157 57 289 -189 -841 -789 674 852 551 453 678 233 -794 -965 355 -123 -685 56 -697 -510 -867 -682 -764 -419 959 319 319 589 -702 -687 -17 952 -409 -451 -213 210 744 -777 497 800 525 -291 447 419 356 -24 -793 -194 -746 -23 -248 622 -986 -110 -502 389 326 -76 957 -814 125 352 -315 620 750 -526 847 -59 -419 649 646 590 200 607 930 278 826 -998 307 -829 -829 891 45 
211 8 566 565 -126 53 -965 396 9 -912 -525 -474 218 428 -20 -83 -629 671 646 349 -420 -81 475 430 832 -572 -351 -710 -540 -859 75 -289 -802 362 -289 244 -694 339 -765 22 -269 410 -523 -544 -342 -167 523 712 -94 -608 285 -123 505 983 -413 855 905 298 725 -777 17 -364 616 616 -917 594 590 -308 15 566 -964 -97 922 277 -360 930 -442 -901 -649 819 -279 845 -377 640 -417 -410 -157 -869 -216 722 -902 309 -154 865 -963 -154 -752 -22 84 -273 
-19 394 394 -706 853 778 -321 475 -269 370 -752 -831 639 -456 572 -559 -717 -717 -706 -668 -476 944 432 7 283 -956 -29 -496 -988 -903 -393 -612 -500 210 -678 422 485 -935 -307 901 118 816 244 -870 511 -717 -5 694 -125 468 -508 -772 263 220 -671 492 -958 641 233 -897 -321 629 -367 139 -964 -353 -161 -717 174 -285 -630 -394 -612 937 -842 571 895 436 149 -409 139 -48 -503 940 998 -421 320 766 168 -296 692 -78 866 -79 -481 772 305 -487 593 -306 
-581 548 221 111 722 99 -952 -952 525 6 -220 -531 -618 680 200 200 -182 -955 607 -72 -72 479 -181 927 919 851 -891 824 -228 -768 -474 846 -3 289 317 -387 -584 -225 -637 481 101 -629 -426 -371 -484 -564 118 766 159 802 761 -130 768 26 391 -370 985 325 -506 168 239 326 448 150 717 -616 739 174 255 -215 -555 476 -282 -346 -524 -655 573 -697 777 133 -412 899 551 767 -737 242 -166 -895 -85 -107 38 -917 -220 -569 -667 -667 -124 246 -159 -804 
314 496 -362 -477 -426 676 896 626 -443 -244 -420 373 -530 486 586 -54 857 471 -874 -220 465 -462 -724 51 -725 802 -221 -785 -28 140 110 110 833 -40 983 -344 -698 76 -665 -768 -621 -386 490 550 -605 -524 153 -259 -930 -438 -329 -365 836 690 544 -238 -273 -122 2 -735 -344 -315 -299 852 -335 -622 475 -259 -23 -35 -311 -762 987 -41 36 -249 176 684 331 2 -703 -831 -953 -458 314 -292 891 265 945 -984 975 -709 -278 930 345 -132 621 -394 -887 -45 
-594 -852 -464 276 -500 -816 608 -715 179 -47 111 446 -882 565 418 145 -477 -299 847 -847 439 -952 787 -81 -436 358 -808 818 221 -402 337 569 95 -846 -601 67 334 -250 438 -399 885 -797 237 685 -752 -584 344 442 236 967 924 953 955 427 -398 -715 -867 394 -216 -204 -88 435 230 960 22 -571 500 -253 939 -644 246 175 393 160 -130 454 -782 498 -417 -264 373 783 -42 470 -422 -272 890 174 402 -869 918 -936 369 -358 585 585 120 835 977 461 
-925 743 -795 -204 559 -205 -458 741 -254 -979 -979 636 -695 -60 -603 -609 987 972 182 -304 569 -106 -278 56 56 -196 -469 353 -149 855 -465 77 939 658 457 907 947 -765 -496 -735 373 745 -531 -251 -574 685 313 -524 -938 -769 -641 626 -200 -793 58 -554 694 918 -739 -491 436 787 -695 362 130 212 -694 -129 549 703 345 499 -544 -749 64 523 -872 -786 199 -608 271 198 -123 -340 33 983 504 -256 -632 -184 -255 972 -777 299 -560 -364 680 534 -845 -308 
706 -841 -964 76 922 187 -360 -596 930 -425 -442 -901 819 -279 845 -377 640 -410 123 -988 -869 860 689 119 319 -628 -902 309 -154 865 865 -963 650 -154 -22 19 -273 -293 394 949 156 -55 -321 475 307 -610 -269 370 -752 -542 934 639 251 572 937 -823 -674 -476 172 -410 432 -594 -322 -172 -939 -496 824 -393 -612 210 -303 422 75 -911 -911 466 901 171 -720 111 -445 244 718 266 -5 15 465 468 -508 -772 220 -671 710 -958 -634 315 483 171 -321 629 
-367 -794 -964 -533 -717 174 -285 944 474 -612 -30 571 895 436 149 -701 -866 -48 794 -213 925 201 535 -296 692 866 514 -424 772 570 188 593 -306 -654 710 743 994 -412 -952 286 27 605 -220 122 -784 533 200 113 -387 607 -948 -119 -181 927 919 -981 -891 824 -768 -345 358 -9 658 317 -387 -87 248 -604 -551 -601 101 909 -674 -371 -40 -564 766 -327 283 -130 -946 26 -663 559 985 325 -181 848 849 -918 -577 987 990 174 -587 -215 793 170 -282 -655 
-630 -697 777 133 -412 509 -170 -737 242 434 -107 -379 38 -683 238 -182 -569 -667 -667 -159 950 -804 314 -976 199 -452 -362 -477 676 626 348 -244 -420 -530 718 214 -934 -475 134 -956 -874 818 465 777 918 -584 -496 192 247 140 110 876 833 983 -649 -881 -344 -408 -571 76 -665 942 -768 -269 766 905 -386 809 418 -605 -524 -756 -519 -495 698 -733 423 -796 -365 836 -870 -240 876 -238 -153 -122 2 -735 -344 -835 852 -335 -622 493 -23 -35 -311 987 -41 285 
693 -337 176 611 899 2 236 -831 -953 -458 859 -292 316 440 945 215 -984 567 -278 930 365 621 -394 523 -272 -752 -594 -713 496 276 310 -676 148 179 -395 -780 111 414 88 -537 565 281 -477 -549 -299 -473 479 536 439 25 105 -436 -800 -808 818 531 221 337 569 95 -846 197 -963 539 67 334 828 -399 885 -797 -813 237 -721 -752 -584 975 -510 442 -637 924 953 955 427 -398 703 -277 -216 830 -88 230 -168 630 55 737 -644 -35 119 -753 393 160 
906 223 498 65 -331 639 -372 -826 470 -422 -328 -218 -779 174 -768 326 794 -954 -765 894 -358 585 120 759 -791 271 283 376 530 -795 -204 559 741 -254 -548 -187 636 986 -695 -60 -8 -603 -34 972 -197 -975 -191 569 891 -106 -278 56 -354 -196 650 353 684 -210 -322 -262 939 722 -152 49 907 -41 -765 -496 -735 373 -585 745 -531 -574 22 -20 -191 -938 -124 -769 869 626 378 595 -554 397 -739 852 308 -370 627 73 -612 -715 272 463 -223 -234 -234 -603 
-697 104 -727 241 -382 943 -753 571 822 160 -591 -811 54 183 682 756 947 172 387 196 806 -206 491 -176 967 -51 612 -706 955 538 -735 863 792 338 -793 -449 670 867 -630 -275 -566 -714 -242 745 -186 -450 474 -653 -741 -215 -255 -619 -772 -711 488 -345 360 11 42 209 227 -422 -403 -344 -395 995 841 777 -677 629 -475 120 571 -786 -260 406 40 755 697 -615 687 529 -91 -214 228 421 -581 321 -181 -300 -871 734 -710 130 661 -562 -526 9 -701 -475 
-592 -477 -609 -140 511 651 -819 351 643 -791 60 35 989 -638 -583 -721 121 -847 -847 -506 -184 349 709 957 927 726 -876 159 -969 139 -609 -652 -378 926 404 -237 479 647 248 74 -656 760 -504 -31 867 150 367 696 805 43 599 552 -996 -220 23 207 -315 -896 -9 852 -792 -821 -985 -406 -435 -303 751 401 -75 -903 986 -453 187 -421 -414 -1 438 -93 777 -175 -587 682 437 -528 191 572 -651 -397 473 -120 -118 704 -739 301 540 -118 -71 571 -935 -68 
-144 -829 -57 -57 474 467 50 -648 -384 87 822 823 -116 -655 341 -85 -373 328 -483 901 707 -982 -647 -512 228 -451 115 857 553 -508 -294 885 107 738 -922 -664 -373 -565 762 -411 -799 196 -48 41 -963 944 -537 68 882 -880 220 857 494 919 574 -751 689 -53 142 -413 669 -912 304 725 -291 872 -925 180 780 -842 -613 -666 -533 -291 560 -973 -808 351 439 132 -619 680 -338 552 389 644 -531 -467 -411 -846 -812 -504 -848 -872 -546 -705 -118 -368 573 -115 
-973 887 -396 -24 814 -752 176 60 132 -813 744 227 431 -226 606 -737 -882 -43 548 865 435 84 -961 907 -5 744 528 -312 -483 -961 474 59 -108 -108 176 163 448 -54 487 -457 -185 -689 535 267 -442 437 387 756 -779 -381 -993 16 853 -432 -612 -952 -714 879 -949 -202 723 -771 -870 -536 964 -659 131 238 233 -8 -677 -873 -950 689 -886 695 -62 -752 547 508 -998 -7 737 433 -347 -346 279 470 -101 949 -899 -531 211 -868 -353 986 852 350 984 -282 
356 -115 -251 72 -693 -965 -583 -290 674 -674 17 -197 -281 554 -291 -497 -516 -62 -441 -234 414 653 451 -328 -32 -125 939 504 -662 -291 -500 -895 -241 604 740 -514 540 812 570 913 633 -621 -19 366 19 541 415 -620 276 393 -27 -137 203 995 -822 -397 -712 584 -196 475 -999 937 702 -197 -756 -928 -110 -404 112 -609 381 -889 142 -802 -252 -864 432 464 -86 489 99 251 157 -812 486 -191 368 230 730 749 -609 -870 -474 573 -805 393 565 -898 -912 935 
733 -123 -751 11 -546 -795 865 832 6 711 -451 -489 -1 833 833 -472 -470 787 -378 228 -91 417 723 705 -861 648 943 649 -864 -864 -383 -951 331 600 -969 -907 725 649 773 -25 -625 765 291 -781 -388 -187 276 -495 -585 -894 754 -689 -727 -496 252 -453 -914 616 -27 -984 896 -69 376 586 444 963 22 751 -834 877 -747 -100 976 682 127 195 -78 748 -209 304 643 -226 25 473 -965 -696 -337 -682 -954 204 -673 -709 953 -632 -789 -170 781 583 -958 -655 
833 -869 -278 -859 690 321 474 -268 522 722 -819 -481 -664 -598 634 796 -809 -35 604 -966 455 572 530 -721 913 -686 -305 -210 617 -959 339 -177 676 -638 283 644 91 -782 -514 -126 951 -348 518 -692 576 -99 67 179 36 -806 882 -431 642 684 198 879 501 951 345 -290 754 906 -265 -842 182 353 -10 474 823 43 -747 412 -681 157 -375 588 275 952 -665 630 313 -572 657 -229 -412 -54 -74 125 -963 -170 -825 -964 -182 -518 -304 457 330 -48 -695 -621 
756 -929 641 -147 71 441 373 568 -733 -326 841 -845 414 415 141 -162 421 -444 179 -35 -799 526 -501 -270 964 677 -561 -616 -285 400 860 -983 -465 -500 868 837 -696 -508 480 954 877 -198 -566 720 -348 561 18 533 -670 -178 -664 -546 911 -409 716 359 -663 -857 -448 -631 516 723 -432 -319 731 -766 -375 506 785 143 421 70 -392 -77 134 962 978 862 552 664 -243 -758 848 -613 -46 -117 899 115 -193 -862 603 -62 783 -240 -352 473 813 -729 -729 -378 
-822 -21 -90 330 -229 -728 684 -161 -75 846 -836 483 503 921 -167 832 551 724 -897 439 -95 -678 -73 759 -154 446 975 658 -441 -221 489 -469 -926 351 108 73 -671 -956 -143 620 905 758 764 -743 422 -10 240 -975 491 490 -24 604 -650 -808 -844 -744 -209 -521 -688 862 -123 -582 633 -44 397 -478 -584 972 -221 -859 -523 -882 -66 218 -197 -177 -250 65 -192 -115 -72 853 -707 -428 -363 518 -561 -539 -91 -831 -422 382 -262 316 -1 709 -155 -92 -901 599 
102 680 139 -126 -749 -813 -710 -94 -569 -292 -15 827 948 -433 386 -119 89 635 787 -959 806 -202 -151 -173 116 -954 -187 497 307 173 623 -850 -598 -826 -108 416 -85 617 -253 -21 146 -349 43 -715 -396 -361 -958 301 11 -586 852 -648 981 505 -625 -277 52 -472 679 -40 490 321 828 267 -268 -608 452 570 702 5 -403 -463 774 145 785 280 1000 -464 -447 -451 -289 -16 -741 920 649 997 983 384 792 -320 634 696 390 455 -811 454 77 299 755 683 
598 -265 931 -428 -426 -523 -949 600 205 -138 -809 588 -789 -122 939 401 -956 -556 486 -391 34 -46 33 -263 -475 606 769 -388 -433 -847 78 -633 -133 959 238 -204 235 -751 -939 -41 -451 -77 -447 -849 973 461 -908 488 -545 -472 310 63 -643 -950 -869 168 -507 -860 977 943 472 235 990 657 -916 352 431 -79 16 -946 -560 -626 817 578 1 -165 -419 802 -537 792 -500 840 -887 80 -771 -654 97 266 -18 -455 258 966 142 -357 -96 382 934 -892 -996 -567 
648 -27 765 341 795 248 -18 -521 75 992 -14 277 150 -851 -208 464 54 66 77 436 202 -929 -173 829 -759 -615 453 88 -71 -987 -215 641 703 239 536 -662 -926 271 396 -416 511 -21 -424 -945 -416 957 432 -912 -688 -39 128 862 527 -912 25 333 -823 491 -489 -692 -88 747 -275 -367 -853 -390 245 369 193 352 -418 -107 -686 -944 -292 899 -462 -347 -355 920 241 -105 -217 3 429 932 790 -971 -103 -673 489 570 -2 646 -217 -806 -377 569 609 877 
972 204 257 685 -462 922 618 -305 189 -744 -409 -317 433 -527 -671 -970 -149 884 690 -462 97 289 -841 84 -316 -695 479 758 -146 357 -369 461 -697 -636 -510 -867 -124 -6 879 959 319 319 -21 504 -438 952 300 -519 210 -777 -187 -432 -752 368 959 208 -23 622 -736 -726 326 -76 413 957 -590 352 267 750 -509 690 -59 -726 200 -79 278 -998 307 -642 45 8 -814 -324 -587 479 -99 670 396 129 -912 713 739 583 782 -307 -31 -629 459 646 481 349 
-864 637 18 390 76 922 277 -927 826 -442 -901 -649 -279 845 -377 640 -417 -157 -988 860 689 119 -902 309 -355 166 -833 -752 19 -363 156 -55 307 370 934 402 572 937 154 -706 -476 -410 111 -322 -956 -29 -496 -988 -903 809 18 -705 422 -911 466 171 -720 848 244 718 511 853 15 468 263 220 492 -958 -634 377 483 -321 40 -367 -964 -533 -161 -717 174 944 -394 937 -217 746 -163 378 139 -48 7 -503 794 -213 925 201 535 -67 692 866 -79 -481 
570 -487 391 -581 548 743 722 221 -412 286 27 6 -220 -531 680 113 -134 -812 530 -978 851 -891 824 964 -317 289 89 -87 248 -604 481 101 -426 -371 -484 -161 118 209 369 802 -130 -946 391 559 985 -506 857 848 326 877 -535 -894 987 602 174 -849 -956 660 170 373 -655 -630 -697 -366 -412 509 899 -170 365 -895 310 765 38 -683 -479 -667 962 -452 -362 -1000 676 626 -443 -244 500 200 486 586 67 -934 -360 -599 297 917 465 777 918 -451 -496 192 
140 833 371 -282 -881 -408 76 -665 942 -269 -621 490 945 -524 -756 -519 -259 -930 698 423 -365 311 -240 -238 -153 -172 530 476 -155 -315 -835 -493 -499 -622 292 -23 -308 987 285 693 898 611 331 789 -266 186 314 -891 891 440 -802 975 -735 -677 621 424 -887 -45 145 796 276 310 148 179 -780 111 414 -882 399 418 -477 695 -847 787 105 -436 358 -808 479 403 479 -415 -631 -304 334 -250 828 860 237 685 727 -584 442 -637 507 924 953 492 598 191 
373 703 394 -45 435 230 960 22 500 -356 217 615 119 -753 160 454 -111 -6 373 783 -42 470 -422 -328 -218 -3 794 312 894 -358 454 569 271 376 -795 -454 -205 -458 834 -254 -187 636 -390 -8 -609 987 972 182 -191 -795 -278 576 -61 -217 -469 98 -149 -608 939 457 907 803 572 -735 969 -531 486 726 22 -191 -120 -769 869 41 -91 561 58 989 397 -491 75 787 -695 -802 900 -750 -708 -152 339 22 410 -800 958 -167 -872 199 -608 271 285 -123 
566 92 -187 905 298 725 -777 416 -560 -364 -917 -297 244 15 566 127 -97 187 -360 826 -425 -982 -242 819 -74 -343 123 -348 -326 381 -383 -216 -628 -902 -154 -963 -154 -654 -273 -19 394 949 778 307 -478 138 -844 402 -559 154 -668 944 111 283 -322 -29 -903 -703 18 308 229 485 923 466 118 848 458 109 718 -53 -717 -5 432 468 313 -886 -588 -958 377 -897 -324 629 -367 228 -654 399 -404 174 -630 -394 937 -589 -163 -284 378 -48 -503 940 925 -584 
535 -67 -78 514 -481 -467 305 391 799 -581 111 40 99 714 27 839 -899 -618 680 -182 -330 -72 -119 -733 -181 -978 851 -228 -36 358 -9 658 317 -387 409 420 -637 -601 -629 -426 979 -161 209 369 802 -130 -946 26 559 -485 -506 848 849 326 877 717 -616 -587 -849 660 -282 -826 573 -697 777 133 509 -170 648 434 -85 -107 851 -683 -182 -667 199 38 676 698 348 -766 644 500 200 586 67 -475 134 471 -599 -220 465 -724 -451 165 -221 -28 140 -616 
833 -282 -881 816 -408 848 387 -471 -386 490 418 945 -605 -756 -930 -495 -259 698 -438 -329 131 -597 876 984 -122 476 -344 41 852 641 493 441 919 -41 285 693 -249 176 -261 684 2 -703 -266 832 314 -292 891 945 -984 -709 -735 -677 321 621 -730 -272 -752 145 -852 796 -538 -500 -676 374 179 111 414 -882 565 237 -299 -473 536 439 258 787 105 -238 -808 236 531 -736 479 -262 95 -601 -304 334 160 254 860 309 237 727 208 285 -510 -766 -637 507 
-242 955 191 -715 -277 672 -45 230 -168 630 500 -356 217 -35 -892 -820 -726 -111 223 498 -6 373 -843 -126 -422 762 -3 -869 -954 -765 894 -636 120 835 977 461 -969 743 -454 -823 881 -254 -979 -187 -390 -609 -34 906 972 234 -308 -981 56 -354 -469 98 684 855 77 -262 996 722 49 803 -496 -639 373 -585 63 -157 -574 -20 -524 -120 -124 -769 -200 58 694 -86 -919 552 -85 680 -335 -440 481 -853 309 -371 -951 657 -391 670 -511 -140 480 -165 -637 -951 
-59 -802 -160 676 269 214 739 -747 963 -497 -762 248 114 93 743 308 -854 -696 -612 -946 -279 294 -162 -981 581 6 -215 -439 736 251 -802 -207 981 -494 -760 -489 -862 -923 -65 812 896 813 -235 -280 -880 542 529 314 -422 -24 -79 723 -347 -626 128 391 541 -966 574 -35 356 812 -901 971 -410 243 59 965 -910 -133 -588 -283 814 34 545 -621 -646 -653 709 -674 -769 341 -715 -182 283 -223 -697 104 -89 241 441 -749 124 -618 538 619 -591 -927 54 705 
-872 70 894 947 751 196 253 -206 491 -176 375 -44 612 599 955 538 863 338 -793 -449 670 761 -399 -556 -97 0 468 -450 474 -653 -60 -660 -619 -772 -711 488 -540 42 -906 -235 -403 822 995 -99 -885 -559 629 36 945 136 91 -808 -578 -865 765 -228 -156 -91 481 341 -871 421 -431 321 -300 278 -710 -195 130 -562 -433 -743 -475 -634 -609 -140 511 251 -791 -318 70 -860 -895 -583 57 200 939 553 979 -698 -245 927 726 459 159 -969 -609 -609 -930 -419 
-378 -698 -874 -584 -437 109 -504 -395 117 367 805 43 -179 -996 -643 23 207 -315 -9 -858 -646 -821 -509 -406 -191 -303 751 530 401 -768 -162 -211 986 -453 530 -162 -958 -453 58 -421 399 504 -12 -457 970 989 -587 437 910 -156 -242 -651 -397 -73 473 -458 6 -982 -629 -319 -75 -510 -138 -144 -829 928 -478 474 938 545 604 -597 902 -406 336 341 -373 778 653 707 -933 -982 -647 -512 -757 -425 277 -747 -508 -294 885 909 738 162 -373 762 -411 -522 -48 -854 
268 -623 882 -880 220 142 -751 141 142 822 -829 91 664 -595 780 -274 944 560 -973 636 351 132 687 10 -338 473 588 -20 -343 309 -504 -848 -233 -546 -705 -118 217 490 -973 887 963 -750 249 607 102 -260 744 -921 -274 -827 288 -320 -920 336 600 84 -961 907 -724 -580 730 -161 -194 -8 -204 774 -73 448 487 134 -185 267 121 437 387 264 -381 -993 16 924 272 -612 -952 -712 104 -949 -852 723 -771 396 -405 851 362 120 146 -460 -677 -86 138 695 
-752 547 -40 -7 433 -347 -346 862 470 499 949 -531 -92 -353 144 -130 478 -947 -526 356 -236 -251 -113 654 -569 -952 608 -674 17 -197 488 -291 -497 296 -62 90 414 454 537 987 -96 -753 504 -60 -662 -500 -706 -764 -585 741 812 219 679 633 -760 692 366 -218 866 869 -620 802 -27 -222 241 218 -279 -408 -712 584 808 980 -999 -809 702 -167 -261 644 -404 112 -609 -889 142 -802 -864 363 -795 489 99 773 -249 193 -191 368 -991 422 -845 -272 -474 204 
955 -912 733 -123 -506 11 -17 865 711 -794 -1 -344 211 -472 974 -968 33 102 705 -861 648 943 -215 649 -608 -383 -444 331 249 721 -969 266 649 446 -25 314 765 431 -35 -786 276 337 308 703 -852 -743 283 -496 -515 -453 18 -283 -371 -984 -577 586 -728 963 52 147 68 -940 -100 976 -384 861 -870 -315 -683 304 -747 474 25 -253 534 945 136 -187 -337 -709 -632 269 -205 961 -16 77 -278 -859 869 -243 -691 -209 -598 -715 -481 926 634 587 -552 -654 
154 948 -294 -604 572 216 913 783 -210 -585 167 -177 676 750 644 91 -782 -514 -126 951 481 339 -791 576 -607 67 179 -906 632 642 -527 -738 501 951 976 44 393 -384 -225 823 -523 43 412 291 -375 588 275 932 630 313 369 -552 -412 -74 11 410 -170 -333 -905 -182 -304 400 -849 -695 -621 -929 -999 289 -370 441 700 -733 -326 -478 -140 836 -614 -321 -481 -444 -746 -159 657 -723 409 -857 -561 946 -616 223 -983 -248 -500 868 837 843 837 480 891 -596 
-499 -39 -566 -348 561 18 854 -319 -852 161 359 -663 395 -591 -765 297 -432 -843 518 -402 235 490 -77 659 883 -167 552 691 -681 -266 -543 -181 60 -193 -862 603 -356 -240 611 473 813 -729 307 -822 -919 689 -21 -186 -677 -83 -197 -75 846 513 -685 801 832 -523 531 -95 614 -337 951 -591 975 -55 -590 -221 -666 855 -926 -326 260 -307 -143 620 905 373 -949 -921 739 240 -975 -644 791 -974 604 -650 -844 -542 592 -443 862 -365 241 95 -478 -495 -568 630 
950 -999 706 163 81 320 -642 -691 919 -707 -428 518 -268 -104 901 -568 340 -571 -262 316 -155 36 -967 -14 -594 -274 -389 -808 909 -551 -665 -727 617 116 276 241 423 93 -233 577 -788 -627 -534 434 -453 971 562 -441 -313 633 -344 -477 108 -403 449 145 -255 -632 609 -223 563 -417 404 -471 251 -348 -967 890 -802 -954 875 700 -839 -506 24 -823 -174 938 -94 458 -524 161 -752 104 857 802 328 348 418 -972 -905 355 69 664 -448 156 -77 450 -523 -869 
-96 615 -999 -324 -313 -144 348 -51 478 40 -409 693 -89 984 -581 -352 831 895 231 -533 -365 -143 740 -516 -480 -377 -195 -717 -526 -838 -14 456 646 -416 572 -148 -240 97 -884 -961 -352 -108 966 -953 688 -687 92 545 532 -568 -693 -394 1 -879 -5 597 816 -54 736 -506 -935 -945 902 789 925 -938 -559 -236 -893 -367 283 869 -712 702 915 -308 352 -665 -380 85 362 -178 720 200 126 494 -873 -301 -812 621 562 570 876 27 867 167 -104 544 296 -38 
-854 977 -822 -156 590 -536 -343 -692 -754 274 -555 -698 305 25 25 -16 241 287 -258 160 655 -654 -397 -512 499 -350 966 -42 -183 162 470 208 -356 580 326 375 -147 -370 190 -534 962 797 705 769 -773 435 935 -252 -537 653 -954 -386 268 -243 -396 128 326 -429 -845 -927 -178 849 744 733 -78 -48 317 652 438 -79 773 -140 153 243 -83 609 304 -302 -727 83 -930 79 -323 105 -464 282 462 633 -361 925 -46 -751 82 -570 904 -884 109 550 -605 -675 
-184 -659 381 -110 366 116 84 -408 861 374 -942 243 665 527 -790 761 746 636 702 239 724 601 904 186 608 -539 766 -608 -168 -443 123 -288 -937 952 -818 -586 -52 364 262 -721 618 -447 627 813 74 857 440 106 -884 -860 121 996 58 -595 462 743 56 -19 -799 946 356 340 519 -864 240 -838 785 725 427 594 -232 142 -103 285 -604 149 160 61 -918 400 17 758 789 77 178 560 -41 937 -505 480 -857 217 -537 -153 632 186 -66 332 -843 728 
66 821 394 -670 -129 -736 38 715 -820 224 -690 192 155 403 -295 840 -123 34 944 -653 -771 -808 -967 977 -510 -712 424 -159 -597 989 -403 1 44 529 -265 775 285 21 363 309 -217 13 -154 -526 935 990 -29 99 574 -29 1000 219 -754 -409 -778 -420 -634 806 -765 488 468 64 -503 607 -859 800 -333 122 584 659 -306 -775 -28 -691 -487 423 999 -921 160 964 -398 636 -623 974 -695 20 -442 -698 772 -743 -765 -566 743 893 891 153 -518 -513 -946 -549 
-418 793 -749 -898 -118 -118 -941 -86 298 -443 -443 353 827 -953 948 -482 106 386 173 -687 -91 635 -556 437 345 806 692 692 -151 -816 307 116 -277 -550 -187 126 -462 -85 326 173 -433 623 -252 -91 521 -598 682 385 -276 416 494 617 -368 688 -21 -320 80 653 43 -715 -396 944 -539 383 301 448 -50 -586 -855 -648 -800 505 -625 331 82 -277 -472 -151 679 763 602 -300 546 321 572 267 -268 91 656 -595 570 945 -821 856 576 -30 -89 7 219 -759 
-923 -714 -172 -902 -447 302 -42 305 913 -860 -885 720 920 649 983 -685 -59 792 -320 729 497 634 482 -684 390 122 -282 -188 -373 299 -380 683 408 944 996 -519 -395 398 -426 668 396 -816 -568 600 439 205 -537 286 -809 674 550 -789 502 939 441 681 -956 486 -287 -391 34 -688 956 6 658 -852 802 -278 769 -388 -847 -574 -749 986 -127 -4 167 241 -255 -91 238 -449 -694 -554 -939 -41 -451 -77 -447 359 973 -155 390 230 -639 488 -269 554 587 269 
276 310 -449 63 404 134 -916 -166 168 -799 602 -860 -411 943 -752 67 472 235 -332 689 714 593 -789 343 660 270 -319 16 743 -946 -560 -496 -496 -309 -626 430 -171 471 578 -823 -137 829 529 -589 -537 793 -500 840 726 136 80 185 795 97 218 350 -455 966 -832 263 154 301 420 115 -642 -100 -136 -136 -796 -725 445 -183 -671 -272 648 765 489 795 364 -18 876 540 -709 75 992 -902 -14 482 -922 -851 147 -228 -323 54 66 149 -899 107 967 -173 
829 783 -344 -828 453 88 70 -71 911 564 80 998 778 841 769 239 -344 536 -956 -926 997 271 396 47 480 654 -695 811 -945 -974 -794 -78 -236 957 778 -912 439 -39 -250 128 862 527 -58 -912 25 333 333 491 460 -152 91 915 102 476 476 850 58 -734 -821 54 193 108 352 -418 -503 -107 919 848 -944 483 -691 -811 899 -462 211 707 926 926 241 -105 235 11 92 3 909 -717 -659 932 158 -432 686 864 468 -142 -238 272 585 -749 263 293 
-787 -377 -880 569 -935 -827 -405 972 732 204 -97 528 685 679 679 132 618 -305 34 41 21 765 290 669 -88 -206 -671 -50 734 884 690 -15 -462 -491 289 -189 677 674 852 -447 -695 678 479 758 -146 355 -123 56 410 -649 -510 419 -682 -419 501 388 -192 319 -21 109 687 -55 -409 -519 -213 828 949 800 525 525 -432 -752 -461 318 -12 -793 837 959 208 961 -248 -67 -736 -363 389 326 -76 -957 -547 -590 -992 -315 -677 620 750 -509 690 847 -419 949 
-726 646 562 253 607 -196 -730 -468 -998 86 307 -829 -85 -188 374 345 566 566 565 -324 53 -99 874 129 -582 -498 -465 -474 218 -503 -20 815 -20 -629 394 353 349 -864 -81 430 53 18 -710 -540 -859 75 787 -695 362 -289 244 212 -694 -129 549 22 703 345 499 -550 -342 -946 64 -438 199 -677 -123 505 566 -814 92 -632 -770 298 -991 416 -560 -364 680 -917 594 646 -308 15 -485 -964 76 922 187 -596 144 -442 -649 -74 629 -343 -377 -417 -417 -410 
-157 -869 -216 -902 309 -154 166 -833 -963 -22 -973 19 -293 -363 394 -380 -55 296 475 -610 -478 138 -844 251 297 572 937 -717 -823 -674 242 88 944 111 7 -172 -956 33 15 824 422 290 -500 210 229 971 -582 923 466 901 118 149 816 109 244 -784 511 266 -5 432 320 723 313 -886 -588 710 32 653 539 641 377 315 411 -321 40 611 -367 228 -654 -353 399 -404 873 454 -285 -630 474 -612 -30 -217 895 -163 -262 -409 -242 6 7 794 -213 925 
320 -584 535 -67 -224 -120 57 239 514 -424 373 570 -77 -306 -654 548 221 743 722 994 99 221 -412 -952 525 -693 605 -899 -784 533 200 200 -182 607 -237 -72 -119 -733 927 919 -981 -891 -228 -768 -345 846 -317 289 822 89 -584 409 420 -551 -89 -579 -629 -426 979 983 -40 -564 -113 209 369 -327 283 -130 -946 385 -663 630 985 -485 144 -506 857 239 -764 -918 -535 -894 987 717 602 174 -849 -215 -555 170 808 373 373 -655 -655 335 777 -366 691 -412 
899 -170 655 365 -166 434 -85 765 851 -917 -220 -126 -667 -124 -159 -804 314 199 -639 38 -477 -569 -122 348 -766 644 644 500 200 401 718 586 -54 857 -360 -956 297 818 465 -462 -724 51 -451 -725 -496 192 -785 247 110 110 876 -546 371 983 -649 -698 848 -665 -768 358 -621 640 -534 945 -524 -930 -495 -852 -751 423 -796 313 836 -597 544 -238 -153 -172 530 476 -155 -315 -835 -493 852 23 292 475 -23 441 -308 -762 -41 36 693 898 -261 899 2 -421 
-384 186 859 62 -891 316 265 440 215 791 -709 -735 -400 365 621 -394 -887 -752 -713 -852 -464 -538 -500 -816 374 -395 -47 -247 -118 414 471 281 145 -299 479 536 439 25 777 -81 -238 -525 -800 -808 255 221 403 479 569 -415 -846 197 539 618 334 -672 160 254 885 -797 286 -897 685 208 975 -766 843 -637 507 924 857 953 492 598 191 373 703 -277 672 -216 -88 435 435 230 -168 630 500 -253 615 119 -892 -820 -726 454 -111 223 498 65 -331 525 
373 783 -826 94 -126 -272 890 70 326 918 312 -936 111 -850 -358 -358 585 161 -791 283 530 743 -212 273 -205 -458 741 -254 -548 -187 636 -390 -8 -609 -34 906 972 182 234 -308 811 -981 56 -354 -217 -469 98 -149 -366 -322 -262 -701 996 -152 457 538 803 -765 -678 -639 -585 63 -251 -574 726 22 689 -191 -524 -938 -769 -641 41 -793 595 58 989 397 -772 -86 436 368 -289 5 -289 900 244 -708 -228 -121 22 499 -550 -800 -342 -749 -946 523 -872 -438 
712 -94 -608 198 -340 566 -413 855 -632 -255 972 -991 299 17 -688 283 616 -917 590 244 124 -841 127 -97 277 -113 -360 -596 -425 -982 -901 -242 -101 629 640 -157 -988 -348 -869 689 -383 -216 722 -275 -355 269 865 166 -833 -154 -752 84 -273 -293 -363 949 949 853 778 -321 475 -610 -478 138 -831 934 542 402 572 -717 -706 -668 88 944 432 111 7 -322 -956 -29 -496 422 290 18 308 -705 -303 75 485 923 -935 466 901 118 848 458 718 119 -717 694 
432 320 723 313 263 -588 710 653 539 641 -634 315 -897 -321 -688 -329 -794 228 -533 514 873 -285 -630 -394 -612 -30 571 895 436 -262 -409 -242 7 794 925 -421 201 535 692 -78 514 -424 373 -467 570 188 391 921 429 743 99 -952 221 -693 605 122 -813 -784 680 113 -955 607 530 479 -181 -978 426 851 -891 -228 -345 358 -3 -9 822 89 -584 409 -198 -637 481 -579 -629 -426 983 -564 -113 369 159 802 761 629 768 391 -370 630 -485 325 -506 168 
239 -764 -918 -577 987 602 -587 -215 -555 476 -346 -655 335 -428 -366 691 -412 551 767 655 242 -895 310 -107 765 851 329 -220 -182 -569 -667 246 950 962 314 199 496 -639 -477 -569 -122 698 348 -766 -420 373 -530 586 -54 -475 134 471 -599 -220 -462 -724 -451 165 -221 -28 140 140 -616 -546 371 -282 -649 -344 -698 -408 -571 387 -768 -471 358 766 358 -386 550 -605 596 -756 -519 -259 -733 -438 -365 311 -240 72 -238 -153 -172 530 2 -735 -315 -493 -849 -335 
-622 292 -259 223 -311 987 -41 36 -337 898 611 899 -703 -421 -831 -953 -458 62 -891 891 265 -650 -802 791 -453 -278 930 -677 -132 424 -730 523 -45 -883 145 -852 496 -538 -399 148 -715 179 -47 -247 111 446 88 565 281 145 606 -299 695 847 -847 439 258 25 -81 -525 -808 236 255 479 -402 479 -415 -27 -631 -601 -963 -304 67 258 -250 438 860 885 309 -897 727 208 285 -510 442 236 967 507 857 492 955 -398 373 703 -867 394 672 -204 -88 -763 
230 960 22 -571 500 -253 939 615 -35 175 393 160 -130 906 498 -6 525 783 -826 -126 -422 -328 -779 174 -768 314 115 -954 111 -850 585 147 569 563 977 283 530 -925 -212 -823 -458 741 -548 -187 986 -695 -60 -8 499 987 972 -975 -191 569 -308 -795 576 -61 -217 -469 98 -149 -608 -210 77 -262 939 722 457 538 907 -41 572 -496 -735 -412 373 -585 63 -251 -574 22 -20 -524 -120 -938 126 -641 626 -91 561 694 397 -491 852 308 -802 73 -769 -612 
-715 490 -182 604 -223 -436 -697 104 -727 833 138 -382 124 -618 538 619 -253 278 105 -872 756 -359 467 387 196 806 -336 584 -451 -151 -44 612 -551 955 356 -540 -456 792 -343 761 -732 670 761 584 -275 -556 -714 587 468 -450 -719 780 -250 -215 -660 -255 -772 488 -99 -540 767 -846 -906 650 227 -403 -344 -395 260 -20 841 -885 -677 -99 -207 239 571 459 945 -260 136 -954 91 -808 -578 697 765 -228 529 207 -284 -91 -214 258 -431 -568 798 -181 -871 278 
-527 -214 130 -706 226 9 -743 -804 677 -634 -609 -15 -869 84 35 251 351 -791 867 70 -281 495 -860 861 -496 -721 121 -847 939 726 979 709 323 957 927 -876 -630 696 -969 867 -609 -652 -378 926 277 404 -874 -584 498 74 109 -504 -395 -266 367 696 -130 988 7 599 -179 376 -996 -220 884 -866 829 -896 -9 852 265 36 343 -509 -406 -191 -303 -303 751 -768 -75 -903 -453 58 -421 399 504 438 -424 -457 -175 -236 853 -441 910 191 -366 -915 -651 683 
-869 473 -458 704 -982 -629 -319 -118 -75 -935 -138 -144 -829 928 -57 76 474 467 545 604 -597 62 -213 823 336 855 -655 -44 -85 328 778 955 -382 810 -982 -910 -202 228 -242 -451 857 456 -508 785 -442 107 -724 738 -922 162 -565 -565 762 -918 45 -799 -48 41 -544 -537 -537 710 260 728 -337 -656 -554 -392 -456 689 -53 -904 -413 -912 -295 304 -335 664 -595 823 -842 -274 -666 944 -291 -596 -973 -136 620 187 770 687 -842 -338 389 245 588 -369 -467 -684 
-44 -411 309 862 76 -848 -438 -484 -118 217 490 -115 758 -396 963 814 -551 607 60 -260 426 -872 309 108 123 -827 -163 -882 -920 -43 551 962 865 -847 84 907 -462 528 106 -972 -483 -194 912 59 -108 176 774 327 -567 -154 639 -457 -584 716 -689 -857 267 -442 562 813 204 -779 -115 -381 -993 258 477 924 -757 569 -229 -897 -434 104 -949 -964 -717 65 -870 -805 851 -659 131 120 -74 620 504 -677 -873 -586 -62 -62 838 746 537 -40 -21 384 -808 -911 
609 -347 138 763 345 949 -531 211 -92 -353 144 -130 852 263 598 669 735 881 -115 72 -965 485 -457 960 17 266 -169 488 -291 -516 279 133 90 -187 414 454 653 987 -938 -864 464 464 -871 -880 431 99 251 -835 -714 914 -191 230 -991 422 -845 -609 -870 -474 -539 817 204 99 955 -564 -453 381 -327 -751 11 -456 -795 534 531 -84 693 -489 -1 -344 833 385 974 787 -968 33 764 304 102 309 705 -318 422 943 -864 -864 -858 -951 -582 331 249 867 
604 -907 725 649 -646 446 -25 -625 291 -781 -820 -786 276 632 -256 308 12 -852 371 -689 -496 -778 865 -914 -914 461 131 896 -829 -69 839 586 444 963 -450 147 13 -834 735 -940 -747 -100 366 268 -384 861 -78 940 -315 -683 304 643 894 32 473 534 -965 119 964 136 -954 -372 -337 -673 -709 -632 -205 -298 389 -16 -655 833 739 220 -859 690 -885 116 -261 -268 723 -393 5 -819 -963 -928 182 634 -552 -654 513 51 948 -294 -511 -904 -835 -785 677 -305 
-210 167 339 -521 534 655 -620 -781 952 188 91 -514 -421 -126 951 481 339 -818 -791 236 -58 67 56 -379 -906 -806 35 642 -527 -570 27 501 -487 345 44 906 -842 91 -265 -10 -756 474 -550 43 412 157 -99 -375 -375 588 275 -665 319 630 -199 369 -572 -552 -530 -608 -74 -930 -963 896 -220 -825 -44 -873 304 -916 657 638 457 586 -849 674 -969 756 108 641 289 71 608 373 568 -13 -478 -140 414 195 415 -260 -321 549 -923 100 179 -159 526 -501 
-723 409 677 -561 946 -616 245 400 -983 -465 -192 -500 868 837 868 -508 -535 891 877 -198 546 222 -914 70 -343 533 216 -319 -664 -546 249 161 -832 722 -663 -857 -448 -765 -577 516 367 688 -432 634 -843 -375 506 -521 143 421 -56 490 999 625 134 -14 118 -653 664 748 -234 -965 -681 692 -543 -226 60 606 -846 -230 -868 -62 -240 611 473 813 813 -729 307 -822 -919 689 -527 422 -186 -728 144 -83 -197 -566 846 513 -685 945 801 180 762 551 -573 -95 
-678 -73 951 446 -370 984 -55 -590 489 -469 -630 965 -326 260 -307 417 448 839 620 905 373 -743 422 915 -10 240 708 -975 -644 791 -953 -403 -895 604 266 378 -744 209 592 -688 -443 1000 862 -365 -582 241 118 397 40 -495 -568 -859 -523 -523 782 -999 706 -197 -753 65 320 -192 -115 -72 919 -707 209 -428 -363 587 518 -104 977 -977 901 -568 382 660 -262 41 -1 839 -92 -901 -967 -14 581 -594 73 489 125 -808 -150 4 340 -839 -1000 309 -374 -961 
