802 95 430 396 -568 -551 266 -990 -605 -277 -217 -983 -467 622 -921 -107 -851 202 467 851 43 -684 49 -197 -249 535 -642 -249 5 -65 -494 791 -274 622 -635 -369 -167 810 -190 810 -247 694 398 -840 -911 -810 -565 29 -870 229 -273 536 -903 -781 -386 667 143 663 621 301 334 -271 -694 -55 -215 238 -478 -856 247 5 -305 -752 589 -183 864 -820 -610 -980 -927 -832 -969 87 315 8 -455 457 -802 264 872 0 622 32 441 104 526 782 -368 508 -442 -761 
-546 548 576 302 -385 995 -472 871 499 -819 -31 -190 -968 -373 -335 -961 -812 76 892 -244 469 -328 -833 231 475 722 944 -430 -459 -322 -74 -150 512 -531 416 -728 93 -631 -886 98 -592 -414 -799 -128 657 -126 155 672 -174 -875 -92 -633 739 -735 -835 904 -359 169 265 70 -411 -197 188 -733 -543 -148 731 168 -109 684 -602 799 -993 868 -470 763 -518 -18 668 -148 -620 12 950 617 815 -802 924 -242 -774 -902 -697 -129 -455 -46 897 -292 62 593 36 818 
-946 639 -260 981 -856 878 -391 697 -18 737 488 663 -676 -427 507 110 -845 -885 -417 -511 592 -999 979 932 41 -98 212 -958 34 -26 686 -4 -439 -98 -386 581 390 847 -65 -175 -117 745 -347 -423 -837 394 160 923 622 387 604 883 -319 -351 -865 924 232 148 -527 145 831 -876 -569 780 79 688 718 -797 989 -969 723 -564 -43 928 671 687 645 284 415 -742 528 -612 -306 -392 -79 531 370 -498 -875 282 433 544 927 -516 -567 946 -557 620 243 -114 
807 427 -614 372 176 672 796 344 611 -962 241 864 966 647 -284 -353 691 523 943 -55 53 438 962 818 -81 853 629 681 -460 992 386 545 -870 521 581 -447 -513 -115 459 652 454 689 830 581 280 -648 -999 954 111 -704 -728 823 170 171 165 -845 -340 787 -773 -343 -39 629 416 517 457 -958 133 4 449 126 397 691 894 -920 956 219 -758 -408 -687 686 -641 -36 374 542 -565 823 -554 596 -354 -859 -828 -444 -872 -505 -861 91 440 -655 430 396 
-551 -130 559 -605 726 967 -673 195 -912 -921 -107 -649 -183 741 671 -478 90 -578 -368 -249 -554 -723 -297 -493 250 -906 859 622 -849 371 -136 -167 -190 144 691 191 -840 -509 -565 614 -800 -872 -742 184 901 -957 -386 29 143 663 574 20 -528 -271 855 -300 -622 -55 -215 238 -127 -478 -175 805 -614 -995 875 358 -752 589 511 888 -653 -610 506 947 -969 87 -933 -967 794 8 -455 900 -988 872 -185 622 852 441 797 459 131 -853 -731 480 668 -823 659 574 
302 995 -411 -472 -155 755 194 -439 499 456 380 713 769 904 -373 768 -961 -763 -941 76 -110 248 224 867 469 -328 231 -238 -670 -539 -896 -459 -214 -150 512 -497 727 126 23 897 -256 909 -819 924 22 519 473 908 -36 320 -641 733 -441 -537 -875 -92 -301 -633 739 272 -735 492 -359 750 169 778 -411 -665 -326 188 -925 287 220 -543 731 193 331 684 -602 -862 -993 868 -470 763 -518 -18 482 -620 278 682 302 -564 617 -754 -802 924 -242 -610 -129 448 
291 -516 736 -292 62 -761 -353 -573 415 -260 -176 -725 -799 491 -204 817 737 488 23 -598 -427 507 -845 394 592 979 -705 -877 298 -249 -743 212 -26 686 567 145 593 814 449 310 443 -18 -212 -65 -239 745 -381 -347 -371 -922 -837 -424 -6 -890 116 927 503 -319 -351 924 -785 -527 143 -332 402 -335 -759 362 305 616 718 275 -662 530 -822 -908 -807 -32 -911 788 -783 645 751 -313 -791 -543 -612 -392 551 531 -902 842 179 433 -826 544 548 927 -516 -341 
-19 968 -139 -11 -419 786 -36 944 -614 771 -613 672 796 611 241 -690 781 565 -353 691 523 318 -55 438 -466 569 786 629 171 -237 -871 545 -758 350 150 -447 -513 459 652 -862 670 581 673 636 -648 -225 -428 239 836 170 171 -743 426 957 -130 -845 -883 920 -558 -854 257 629 974 416 -874 517 457 -930 -958 725 126 397 691 894 -871 -941 -808 -107 462 505 -667 955 824 -956 686 -641 -484 374 -243 491 -836 -957 -189 -354 -828 1 399 625 -872 -56 
91 -645 411 199 -724 105 243 -708 -747 25 -367 -635 567 165 -914 -726 -697 -511 852 127 21 365 -380 580 103 448 -818 522 37 744 816 38 -765 519 -831 -34 -522 -520 -285 370 -171 996 -458 -123 -757 232 -215 -648 -994 77 -720 172 -184 624 622 993 -954 209 -343 466 -597 -819 232 435 -584 -653 23 770 -218 -952 -589 -801 903 -342 479 655 -660 -400 926 448 -513 -554 342 -437 290 -923 -898 -671 -386 595 888 -462 -397 -774 -590 437 446 -764 -186 -286 
-326 399 578 864 -298 192 665 307 -240 -385 -459 410 934 256 -32 35 891 126 211 -947 487 913 -679 -366 -90 319 467 708 -939 45 -114 968 170 -62 -997 -34 54 -493 298 -137 176 -157 304 -449 -959 -121 -578 427 62 -609 366 -548 29 -36 428 765 424 332 667 365 751 837 502 137 933 -66 -974 -292 -689 614 -125 -473 -166 37 -96 -427 521 -854 722 -908 -266 278 -81 -847 -750 343 -192 222 -638 891 781 110 -928 -200 408 -155 540 258 -870 -273 
773 560 -718 -149 -881 887 217 200 -908 -291 -433 848 943 -234 410 -888 -430 -752 749 -21 -701 -401 -324 906 352 -176 -480 631 -57 -988 792 778 -225 931 -329 349 -317 521 -849 -985 715 -232 -99 -343 -490 120 85 -32 512 34 -808 -39 480 463 408 751 -159 99 330 607 -576 94 -877 -190 -59 895 191 781 829 -166 -636 911 -647 433 -971 -630 -423 45 269 -276 724 396 572 -876 -621 127 110 939 295 -887 -756 733 863 -239 -129 347 595 317 702 -93 
286 254 283 -671 562 330 -939 -194 -864 -382 -961 542 -970 941 19 654 -274 350 182 -567 896 -265 -232 -168 -437 -737 81 -357 -734 950 -493 208 25 -341 -214 258 991 600 -953 890 712 -839 -576 522 -166 172 507 977 -356 669 318 -881 890 -407 491 894 -987 -154 93 956 733 -926 -79 -538 -646 580 986 884 184 130 176 -276 -599 924 -32 -748 679 934 22 -981 -881 508 -15 -692 718 -80 92 215 -589 -830 440 -51 758 -131 -658 252 740 -566 -11 741 
-920 -600 -58 946 -62 -810 -924 621 -306 720 900 494 -230 292 741 927 -401 879 -850 -215 -224 -223 643 -458 -854 -886 828 -933 743 357 291 322 573 -548 -101 -330 -936 -516 379 470 -701 -884 184 662 -576 206 -604 -182 921 -701 982 767 -220 247 -186 -729 -416 872 942 467 841 -224 414 -853 206 591 560 -917 348 -276 186 505 -405 413 556 13 786 -59 681 -994 416 623 518 -126 313 -372 567 -318 417 -660 0 -515 833 -710 -196 517 -143 -134 44 -796 
248 634 -117 374 -824 48 8 -897 -644 427 -118 160 -619 286 -134 193 219 -108 -79 -270 748 279 205 952 77 219 81 306 300 -226 -772 596 825 -293 -368 -240 -961 -20 -999 -799 513 -899 -417 -26 -847 -387 133 256 264 383 -620 417 367 -95 -43 -112 176 186 972 -858 837 -188 -838 -343 105 249 47 657 195 -42 352 -287 -869 380 206 691 240 827 -546 -174 -25 -532 -912 -177 -941 -56 442 -198 775 -818 773 -358 -88 -503 271 152 -597 550 -905 144 
957 149 -492 -102 203 177 943 -344 -170 -444 -946 769 -911 -417 294 748 375 854 -46 -889 -454 -227 -322 -771 -688 36 -891 -638 831 296 -234 777 -662 935 247 -977 568 410 -573 -762 161 -855 -406 -406 279 259 219 -594 378 -320 -845 367 -891 360 969 293 -79 -387 -294 642 -186 -226 -27 524 -257 831 -706 -592 680 -927 -314 786 -816 -413 346 938 89 984 972 157 685 -638 -106 991 -359 897 582 -14 -572 510 -797 -684 506 -411 -994 723 533 336 -942 -385 
624 -819 -332 -888 844 -401 485 238 -392 181 -396 -880 862 -361 -690 969 -122 -580 -724 -882 -191 -727 438 351 -210 367 976 -787 -518 -253 -145 537 -368 360 -342 -937 485 614 -494 -673 -138 525 -362 -432 869 -736 988 453 999 -334 -929 801 -816 869 89 760 75 668 -777 -683 -180 -228 -223 -321 -820 -477 589 401 229 567 869 919 -39 -133 365 543 946 -212 -245 854 -931 -806 -164 463 -189 -589 -478 778 638 -110 741 -159 838 741 765 694 805 -839 -118 -995 
-871 -669 -743 3 404 -221 735 -288 391 45 -25 -913 249 171 -562 -83 -934 430 -144 206 -574 630 695 -322 683 -637 935 141 -202 99 433 481 916 -671 -311 949 435 -106 -376 761 907 -827 -495 -917 680 73 -678 378 1 263 953 -156 -458 499 63 747 -501 926 -289 -956 -683 897 886 -842 549 -278 -739 459 -173 269 975 598 933 353 -617 564 -507 -273 692 -266 372 -949 758 979 -594 -892 62 889 -937 266 976 279 171 338 -617 -959 439 -817 351 936 
-387 792 526 970 397 -960 194 -602 877 973 -628 -925 332 -863 -449 374 -742 -646 320 -178 976 689 221 -469 438 206 -238 826 473 233 907 -873 612 498 259 -654 148 -521 291 -580 721 262 163 306 -521 -868 -512 -641 930 979 992 -509 -710 -436 -396 765 765 -470 -644 549 -615 926 398 -996 -811 638 464 730 -542 817 182 -882 124 208 446 811 144 969 -220 974 -317 -649 930 861 124 -240 -920 -398 -773 488 -563 -412 306 666 922 -702 -407 321 -735 -893 
391 908 -976 878 -221 773 -160 997 343 323 132 977 182 124 861 566 -869 -740 629 -845 291 -872 -733 630 872 166 -293 790 218 642 607 927 -60 169 -709 -366 907 886 -636 -913 -439 647 -717 -80 -147 -853 411 821 -990 -164 -639 98 -817 162 194 -822 583 -620 -323 359 647 -140 770 -804 -303 -928 286 -407 650 261 -858 243 -440 722 141 -613 135 743 244 -627 -663 -403 -997 608 -786 -31 -327 501 306 -5 -641 -337 41 634 -538 920 79 -516 -322 534 
521 -389 -511 -979 -183 -9 -14 242 102 835 -186 -623 378 -639 432 -232 396 -769 978 950 177 -989 -812 374 468 -2 831 -868 755 -546 813 -461 891 -830 -805 475 -593 -39 569 -1 109 52 410 379 675 748 346 -288 -939 141 -32 -719 -451 489 -415 88 -513 648 -902 -117 -768 553 405 369 763 884 -184 -965 121 -476 761 632 653 282 642 -356 -790 532 -339 287 412 760 431 -463 104 724 314 -581 -592 -836 43 -848 726 659 530 -288 -536 -332 195 249 
244 -183 851 -241 -88 -288 511 863 -939 489 -937 688 -906 -978 -648 421 -124 -443 -287 -404 302 598 -486 -583 -432 -953 -545 798 -6 -75 533 891 -855 -710 919 -377 -191 115 -508 -129 77 278 63 -734 509 -973 555 -743 31 -251 66 -20 -15 7 611 -104 -493 78 418 -513 -431 -413 -962 -553 -899 333 647 563 -842 484 -52 -778 -787 -331 34 -388 -863 176 -898 555 571 531 -854 228 -942 -615 -865 621 203 -236 -372 -783 452 -545 306 -361 -343 991 -74 29 
-814 644 -497 618 641 -715 873 924 -206 -548 -722 193 -911 470 -933 183 -744 -979 530 -745 890 906 170 452 904 -822 838 -465 -493 -932 821 -551 -901 311 -30 70 981 534 -392 112 387 -847 -570 -899 88 -945 -475 944 -137 -124 529 808 558 546 706 884 476 -960 -895 95 115 1 88 -416 -442 604 813 -383 387 -112 -300 377 -175 241 -493 712 211 -996 865 -928 687 984 -637 -363 100 -585 -876 -167 901 -53 -180 536 416 -788 -352 12 -455 559 -746 322 
-75 9 875 -895 -926 -577 255 581 -728 458 490 224 -700 -713 588 867 444 990 627 -409 663 898 -797 371 -746 575 -424 -171 119 794 205 286 728 -473 120 -823 74 487 -680 320 -956 -604 -767 933 829 -645 423 475 -987 -279 -367 778 -381 586 211 -693 -708 877 -357 -742 191 -956 -29 -458 -872 137 604 733 235 123 -835 -158 -759 724 -312 967 -481 821 -475 -931 687 56 -222 929 -946 704 -826 878 2 897 78 400 292 -433 -692 572 392 -553 -868 507 
-423 200 -47 612 -718 779 226 -982 620 -101 611 472 -743 -308 546 912 -756 622 848 -401 205 -350 951 342 -849 89 -962 -782 545 -980 128 -333 179 -82 260 -961 -859 -538 -480 -880 4 215 599 -881 -254 972 -451 962 606 593 104 -942 -691 707 -487 560 342 -425 357 -741 333 -265 -913 273 370 142 821 -160 668 -840 961 25 360 187 -322 -736 -751 779 -500 -746 -506 -379 979 343 824 -13 108 932 -729 -669 -607 -772 -568 961 -111 -955 844 857 -963 922 
-424 -784 -123 989 666 87 -365 -495 -545 111 -67 -418 219 -835 419 -767 -69 -498 -682 -19 873 501 860 -732 716 401 -564 482 217 789 146 615 281 -61 -858 -942 567 -208 873 983 116 255 421 -126 -644 733 237 -345 505 -397 -516 473 -593 -719 475 772 -579 616 -85 383 -712 250 -485 454 -829 157 -56 244 72 619 217 -575 -941 -246 -477 -139 640 49 -518 414 -912 -523 -307 -871 -821 706 100 -655 830 427 588 -911 -235 -440 173 250 158 878 -19 771 
946 -568 953 -988 807 559 -605 -277 208 195 -912 622 -962 -921 733 -107 -117 -869 202 -649 687 851 741 43 -929 -684 -578 -368 -518 248 -554 -723 -642 -249 5 -65 374 -493 110 250 791 -274 275 -617 -4 -635 -136 -369 753 810 -287 810 691 398 191 -840 -911 465 -565 -800 207 888 184 -273 -957 41 -386 667 859 -743 688 -25 379 301 875 -37 732 -646 -622 936 -55 -215 238 -258 -856 -995 -834 466 358 -24 -883 -709 519 -183 888 -653 886 123 -980 -927 
947 -920 325 167 809 70 333 -731 457 -16 863 -424 563 -292 852 -21 741 104 -181 526 982 782 -368 508 480 -761 -546 548 377 -320 -267 336 -155 -155 840 -439 615 456 380 -97 769 274 -968 -373 -335 -487 -961 -763 -469 76 892 -110 224 -395 -65 982 815 -630 -184 475 -238 895 -530 722 -670 -896 -430 -459 -322 -214 -459 -86 -531 126 416 -728 93 909 -886 -819 200 55 -414 519 952 -128 474 -36 320 -126 584 -441 -537 -750 -533 -233 678 739 135 -670 
-735 -419 492 904 -791 10 169 -965 778 -232 -326 188 -925 287 778 -543 731 193 631 -109 684 241 799 570 -993 -272 155 -181 -518 668 482 10 -620 278 682 302 -564 931 815 354 -361 924 -242 -774 -902 -697 -276 -129 -885 -455 -46 736 -292 143 79 -284 -353 -573 415 818 689 -511 822 639 -260 -176 981 818 -946 -511 529 -938 315 981 -725 -755 491 -873 -31 -204 -137 737 469 23 491 -598 -427 124 -134 -845 -426 -885 911 -511 592 -493 406 -705 -877 41 
502 -852 -417 -772 299 34 -26 250 567 61 -226 593 814 449 310 607 390 -212 409 847 898 280 270 -117 952 762 -371 -423 706 664 -567 -353 -890 923 695 -469 670 -706 574 574 130 -762 -960 232 35 303 143 -332 -876 -569 -537 -335 362 681 305 -540 -425 -207 825 -457 475 -662 723 -822 -908 -32 -911 -536 495 645 751 336 -313 -543 -759 -306 429 -79 531 -648 969 842 775 825 171 -412 -939 899 -400 -19 -139 946 -557 -400 -231 786 -260 -114 807 427 
-85 917 771 -613 -252 796 344 611 860 614 -690 781 565 -284 155 -338 373 998 564 318 599 -621 438 438 962 818 -81 786 -90 629 278 684 814 -460 169 992 386 545 545 -758 -171 521 581 -56 -447 -498 -986 550 702 868 -734 454 -17 374 539 539 668 280 -921 -648 977 -568 999 -428 -728 239 -88 170 171 426 -263 165 10 308 -784 787 920 -773 -854 -343 257 -52 -24 952 416 517 441 -765 133 4 126 456 397 -107 -353 -808 -107 462 505 220 
-408 824 947 -795 -641 -36 980 -484 356 -243 -404 491 -836 -957 596 -419 -859 -828 1 399 -640 -284 362 -56 -886 91 440 95 -655 712 218 195 -717 -988 397 -494 266 559 145 -277 208 -673 624 -227 -912 -128 898 890 -851 -649 -664 851 741 671 43 -929 -543 90 49 300 -206 248 -723 -249 -65 -283 -834 -906 791 -274 275 -4 371 895 -136 -369 753 397 -190 -247 144 691 722 191 -911 465 465 790 29 207 -870 -675 184 901 -267 41 667 143 688 -25 
379 875 -528 -271 732 -694 -622 -55 -215 238 -127 -258 -175 -856 -614 247 875 495 -305 -993 224 -383 507 -183 -653 886 123 123 506 -832 -969 454 315 70 333 8 -455 -731 -56 -802 872 -185 563 32 852 104 -181 526 -853 -731 -442 -761 -546 548 576 377 -111 -267 -344 -355 871 840 194 -439 499 -827 380 713 769 274 912 -697 -557 -335 -487 -376 -763 -469 -941 -610 -110 -824 -217 -395 -65 -328 -833 -184 -610 -333 -530 -670 -539 -896 -430 -459 -74 -150 -754 -497 
-86 -531 416 23 93 -477 98 55 -414 22 519 -639 281 -128 -36 320 -777 584 997 -441 -755 -174 -750 -533 -533 -301 678 -192 135 -670 -419 904 -791 10 -819 265 778 -411 147 -197 -326 188 -925 -385 -733 778 -187 731 461 -958 631 -109 331 -705 241 -862 335 -864 372 -510 -564 -470 916 -18 -148 10 -934 -144 693 950 880 617 133 354 -802 924 460 -50 -902 -610 700 -15 318 -347 -46 736 -454 -200 62 -998 593 -353 -573 415 818 689 -511 822 639 -938 
315 981 -686 -391 -873 316 -31 -18 737 469 663 -676 986 -427 -423 -134 -319 -845 394 -511 100 -493 979 -705 932 41 502 -98 837 -41 -772 34 -26 686 707 145 593 -661 310 -254 607 390 847 -65 280 270 -239 952 762 -371 -922 -837 664 5 160 253 923 794 695 604 670 -319 -351 -977 -762 -50 -804 -785 35 303 669 145 143 -876 -537 -759 681 305 -540 688 -207 825 275 475 -662 -636 723 530 -822 -43 -807 -32 -536 687 -506 645 284 -313 -791 528 
-759 -306 515 551 -902 -648 370 -498 -404 282 171 -412 -939 330 899 149 149 -516 -341 -567 599 -226 -164 -557 -400 786 -260 -36 427 -85 917 771 176 -424 -252 20 -216 -772 -772 241 907 781 647 -544 -338 523 318 599 53 962 818 -506 569 -90 629 -828 681 -460 992 -871 -875 545 549 -870 521 -56 -447 -177 -115 868 -734 -11 454 -17 539 673 -921 977 954 -225 690 -428 -728 836 717 171 426 228 957 165 -275 -340 767 -906 -939 -523 982 840 -39 580 
974 416 -874 457 -930 -958 4 126 397 691 894 -871 -920 -845 956 68 505 -667 -758 -223 955 350 824 -956 -918 -795 -670 575 585 -243 -404 491 823 -554 596 -354 -21 -828 -903 -965 -444 -640 -284 362 -505 -607 -886 -58 440 -724 609 307 982 -292 816 -255 -691 334 73 -608 -608 271 -967 -736 344 -580 401 -908 415 -66 516 369 6 263 345 -285 -406 -875 383 92 -903 -723 945 564 676 890 230 -346 543 52 459 425 -801 243 -664 105 292 243 368 -903 
226 459 -635 -714 554 -742 165 -825 -914 -726 -953 -160 -697 -511 852 127 69 -894 -448 -208 475 -277 103 658 641 -818 -818 608 -212 -688 -947 426 531 75 -765 519 132 -34 912 -13 329 -335 889 -379 -798 -339 -763 952 699 -856 -757 922 601 116 -635 77 334 -169 -184 65 206 -208 588 833 953 456 -343 -597 540 -455 -455 246 -891 -584 -653 770 -589 499 -589 -801 120 -377 -590 655 -660 995 -400 185 448 -513 342 -437 -466 161 -132 -923 -32 -909 -386 689 
-362 -462 695 775 -774 -590 437 152 446 -764 -451 -286 562 -726 534 281 -847 -298 192 -454 -515 796 297 -240 944 -550 418 -459 802 776 776 778 -240 -32 35 -24 891 867 -342 -690 536 657 249 -414 452 -37 -90 -917 -446 -537 708 -818 -114 968 -282 -800 949 -997 -34 54 -493 -469 437 -137 396 -461 -157 572 -42 -449 762 762 -121 -578 541 -476 559 -421 -316 766 -817 29 37 -261 428 -206 -912 332 667 275 751 833 -979 107 933 418 152 718 -689 625 
614 -125 437 -803 -779 195 -271 957 -427 -667 722 -505 722 -412 636 33 -120 743 181 589 928 -651 -495 552 -703 255 255 -685 110 -848 256 -687 944 365 487 -936 258 -870 -309 945 -887 -533 516 281 -718 -874 897 -647 -975 54 -483 -908 -433 -433 888 848 -79 727 94 -766 -302 -387 -162 264 686 503 -701 -324 906 -933 352 928 631 690 80 792 778 -28 -225 931 -329 -648 -753 -478 -317 -849 984 -985 871 -981 -99 -504 120 50 296 -1000 -252 358 -808 -722 
867 876 268 408 -18 572 450 99 448 -288 713 600 -576 -595 -190 -59 -650 191 829 -927 103 -636 911 -481 752 -647 -534 -951 433 -519 -178 -630 112 354 289 -276 337 396 355 572 -876 -621 -621 1000 -861 295 131 -756 733 863 -239 -706 347 -832 114 702 720 -872 -469 642 -415 95 -671 385 889 330 94 330 441 -382 339 -630 388 388 941 -520 873 654 -86 350 182 -567 791 536 -265 -232 -488 -939 593 -737 -357 -435 -301 -426 -52 2 806 -341 921 960 
372 -518 600 43 -953 890 -730 -918 102 684 -166 969 507 -306 -500 -382 -356 -649 651 318 -686 680 890 -407 491 894 258 -154 956 439 733 -926 -79 481 -921 207 -766 580 137 884 -432 958 958 -627 130 -367 529 944 968 -276 -599 934 495 -32 277 -748 679 893 -476 607 22 -981 -149 -1000 284 508 -503 -611 929 -512 -80 92 -353 215 -589 -645 177 -830 753 642 -812 305 775 364 937 -131 168 252 747 -566 -11 878 -920 -600 378 -573 944 368 -924 776 
-43 -306 720 -535 900 -674 -498 62 -312 -682 846 182 -215 805 -224 38 643 -458 -718 -948 828 -933 -318 -843 -545 247 508 -792 -491 -548 -330 -670 -881 -502 542 210 -109 470 -701 520 -934 184 662 -695 -911 -513 857 -182 779 -367 865 -898 -571 44 -220 711 128 50 789 -47 942 -853 -586 -307 -224 -727 -717 -382 -555 113 -300 527 -328 -582 78 14 -133 505 795 -342 76 -999 724 -265 13 786 -664 -959 565 -994 262 416 623 -613 3 206 553 951 208 130 
-80 -787 0 -882 833 -710 -100 -214 -443 44 -740 -963 -908 269 136 -117 868 -824 761 48 -411 -897 -227 675 -644 427 852 342 999 536 -134 402 402 914 -108 432 -901 -79 -270 748 314 365 760 600 952 77 -881 81 289 -573 492 85 -226 -72 -31 -485 -485 223 -2 817 -211 642 -366 -580 -745 -577 -799 513 -899 -632 285 918 -817 22 -847 400 -960 740 256 264 -405 -620 -344 417 367 -95 -112 136 176 -714 186 -905 -340 195 -42 -618 -662 -659 283 283 
-676 -846 691 240 -516 790 -518 -546 -224 -200 -224 8 -489 227 -110 668 -139 972 -195 679 966 376 368 -358 -440 -861 174 576 689 -943 -647 590 -597 550 -905 144 957 -70 -279 -553 747 -102 770 356 943 -344 -170 838 182 769 417 435 282 -309 294 748 -268 -723 226 154 -889 371 -227 -456 345 -241 -241 -980 167 -69 -154 630 -638 252 -151 802 -202 777 -662 276 -581 247 -977 734 223 -569 129 -934 -540 -8 122 -781 -406 -980 740 743 716 258 8 -384 
-412 219 -118 -9 -287 -789 700 367 782 -394 -848 633 969 -910 -387 382 944 -885 -186 727 198 970 -954 -643 743 -488 -735 680 -927 -314 -583 136 307 -996 685 -822 461 -704 -955 -655 221 -345 200 -349 -183 -638 496 648 -106 991 -359 -161 582 -984 92 221 850 850 31 648 107 657 -994 -457 -3 332 336 -942 -385 75 75 -450 -897 634 388 844 610 278 485 332 570 381 -349 -963 -275 -745 278 855 196 -612 -512 472 -580 -323 -460 382 832 755 -727 438 
119 -145 367 976 -731 133 -518 711 625 -978 765 -718 360 182 -937 -705 -224 762 -673 -138 -327 -362 611 869 495 -223 -318 -223 178 914 -334 -906 -598 801 -816 89 766 -616 -621 540 -683 -180 -228 -223 -718 -930 986 -477 589 -262 -804 519 869 919 -72 430 543 494 -245 -914 -931 -806 -721 581 -838 -116 -598 -646 -552 -295 638 -940 693 741 -159 838 -18 -802 -800 805 508 -900 -995 -840 -779 -743 965 492 -221 -710 323 13 -861 928 -640 116 696 -562 -448 812 
-643 -203 432 206 -574 -820 734 -594 -594 -29 50 -108 -348 683 -637 935 -348 -202 -925 99 -903 433 -590 763 534 -25 -724 -668 836 762 -571 -209 761 534 -602 -827 -495 -509 680 73 -678 378 1 718 588 720 -221 10 944 -930 -854 499 63 -801 -501 788 926 -289 785 -997 -716 240 897 692 -103 886 749 476 624 -739 -724 -173 269 -866 -777 120 873 598 198 353 -970 431 127 -641 -274 -273 -395 302 38 -266 -949 -230 979 -892 -892 62 982 -840 -937 -911 
290 151 392 227 279 171 -713 903 90 -959 -933 361 693 769 187 936 510 51 405 -425 977 303 230 423 -960 425 -602 27 -25 -551 -72 332 -863 708 938 -742 951 -552 884 884 976 689 933 221 -469 -113 206 -47 15 -523 765 233 907 -605 -737 -821 704 192 339 -946 -667 286 -463 -730 -355 143 721 -254 -134 -899 -641 -205 -35 129 -641 979 504 -509 -701 -436 -742 374 -232 765 -470 -193 865 549 -615 -842 926 398 -314 -314 888 -725 -507 -542 758 -637 
-54 -247 124 203 -445 -826 446 756 811 144 969 -220 974 -317 986 390 48 861 -524 153 -240 875 -398 329 692 670 670 -114 954 -176 186 -268 -917 741 922 -648 598 -405 -260 -7 -125 321 -893 932 626 500 -281 657 657 -65 -293 30 377 -160 -795 97 -982 -484 396 -137 132 293 182 -452 646 662 566 234 147 -293 505 490 -99 -845 -241 741 -733 630 -889 -761 166 -293 794 642 931 607 247 -268 120 169 -709 -366 907 739 886 -470 97 -401 958 -323 
803 -439 -307 -344 174 990 411 -372 971 -573 -164 -639 98 961 466 184 184 616 98 -822 583 929 644 460 -605 359 606 -140 394 770 362 -117 -450 -65 261 -572 -792 243 -440 722 141 889 903 135 996 537 380 -627 482 -663 -604 -742 501 -786 -327 501 306 -448 542 542 -337 -381 506 652 -867 920 48 48 -516 -516 -322 534 824 818 -752 604 -735 -979 -57 -9 -341 710 -14 -425 390 767 -872 887 -361 544 428 -852 -343 986 778 -542 -698 -876 950 -862 
935 95 218 195 -717 -551 807 -990 -605 208 624 225 288 -962 898 -107 -117 -851 -869 -649 -183 56 876 -929 -684 90 275 -197 300 265 -554 -723 154 -65 -834 -494 -274 622 -748 -849 371 895 753 397 810 694 722 339 -911 -565 207 -870 -742 -273 41 368 29 143 688 -25 20 854 -703 -646 -694 -359 772 91 -775 805 -995 875 5 652 -305 224 -752 519 -183 888 -820 123 -980 963 947 -920 -969 -933 315 -455 457 -16 872 -181 852 -21 741 -722 459 131 
982 -853 -731 480 668 548 -320 995 681 -355 -155 615 -827 -819 114 713 -190 904 -968 -487 -795 -763 -469 892 -824 -217 469 982 -630 -610 -238 895 -530 722 -913 -459 -74 512 727 416 -950 897 -477 -886 200 55 -414 851 281 -128 474 657 -126 733 155 -755 -750 -608 -301 135 -419 -687 904 -791 750 265 -411 -197 -289 -385 -187 -613 193 168 331 -119 335 -864 570 372 -564 763 720 482 10 278 682 693 950 -564 -754 815 354 -361 460 -50 122 -610 700 -129 
448 -516 -777 62 79 -284 -353 -769 415 689 -511 529 -938 981 -856 -391 316 697 896 -137 23 663 -676 986 124 110 -319 -885 -511 -493 406 742 41 -98 -417 -772 -958 199 -914 567 61 -226 146 -661 581 -18 -16 898 270 -117 -393 762 -347 347 -423 -424 5 253 70 927 -469 -706 -977 -762 -50 232 320 -527 143 -332 402 -335 780 362 681 -540 688 825 989 -969 -487 -564 -835 671 788 -506 645 336 -313 -742 528 -306 515 -902 969 370 842 -875 171 -826 
544 -239 -878 -567 -139 821 -400 -231 786 -260 807 944 -614 -556 372 -424 796 611 241 907 864 565 -364 -399 691 998 760 -55 438 -466 569 786 -90 -365 278 171 -920 -460 992 -875 -247 -758 -171 350 -56 -447 -177 -513 -115 459 -11 454 -17 830 673 636 -921 -648 954 -704 239 836 445 426 -263 165 308 -883 -340 787 876 -773 -558 982 840 -343 257 163 974 416 -874 457 -958 147 952 894 -871 -845 956 -249 -758 -408 824 -956 686 -641 191 -243 -363 491 
-554 -189 -21 -965 625 -505 -861 726 440 95 430 195 953 -551 -988 -494 266 -990 145 -277 208 -217 -227 -912 -962 890 -107 -869 -664 467 56 741 876 -784 -684 -578 -368 -249 265 -723 374 -493 -494 -274 275 -748 371 837 895 -136 661 810 -190 -247 694 467 398 191 339 -911 -810 465 790 29 -872 80 184 -273 -957 -781 667 143 688 574 621 20 334 -37 855 -622 -359 772 91 -258 -175 -162 960 754 358 -993 -75 -709 -752 519 511 -653 886 -69 123 506 
963 947 -969 454 -967 8 230 457 863 872 0 -181 622 852 104 797 526 -731 -442 -761 -546 574 302 -267 336 -155 840 938 615 -819 713 -190 -968 -373 -487 -795 -812 -469 -941 76 248 867 -65 -328 815 -610 -238 722 -539 -430 -459 -150 -754 727 -595 897 909 -784 924 22 -639 908 -36 -222 -126 155 997 -755 -537 -750 -533 -301 739 -735 904 326 10 169 -965 -232 -665 596 -289 -385 -733 -543 731 -958 168 631 684 -119 -862 799 868 -470 916 -18 -148 -620 
-934 -586 693 950 617 815 -361 460 -774 -902 -610 -276 -885 -455 -516 -777 -292 143 -284 36 415 981 -725 -755 491 697 -137 818 23 -676 -182 -423 507 -319 -845 -885 911 -511 592 -999 -877 -249 -98 -852 -41 212 -958 34 -26 250 567 145 5 593 -355 310 607 -212 898 280 270 -239 564 745 762 -922 -837 394 -353 364 622 604 883 30 130 -50 -757 -785 35 303 -527 669 831 -625 -885 79 -121 -540 -425 718 275 -969 -487 -636 530 -835 -32 788 645 336 
727 -934 541 -392 531 842 -875 282 171 -939 927 -341 599 -226 -11 -557 -419 786 -114 807 944 -556 372 176 672 344 -962 241 614 -429 966 -284 -353 523 760 -621 438 -466 -506 -81 -90 629 278 814 992 -871 386 545 549 -870 521 581 857 -498 -103 652 -11 670 830 668 -921 -648 -999 -225 690 -428 -325 239 836 717 199 228 -263 -846 308 -784 767 -939 -523 -854 -52 -24 952 -874 457 -930 -958 725 449 456 952 -353 -920 -107 505 -674 -667 955 350 947 
966 -36 374 -243 -363 491 823 -554 -189 -21 -828 1 399 -505 -56 -58 91 440 -724 -739 609 -152 -292 523 47 -255 -692 791 -971 296 -950 271 -967 -453 114 344 -757 -580 -84 -908 415 53 -856 162 -880 369 -44 345 870 -45 204 383 -389 -903 398 758 215 676 -636 -314 -329 -334 543 -640 -645 440 -801 -724 -664 -450 105 243 368 436 -367 567 -742 165 -825 -914 296 -726 584 -409 852 21 223 -448 365 -208 475 -277 448 385 -580 37 -947 103 -765 532 
-831 848 912 -762 -171 771 552 -123 830 -757 601 -254 -994 -586 -745 624 -208 588 833 953 466 -531 171 -819 -168 14 435 -891 -584 -653 23 -589 499 -830 -210 766 903 -590 655 -660 -805 -397 -554 342 -437 161 643 633 -909 -908 -386 -362 -462 695 -397 -487 908 -950 -764 -612 -326 523 600 -298 -454 -219 307 297 -240 944 -550 418 -459 755 23 410 -671 529 -32 35 497 -469 -947 657 249 -414 -679 -565 987 319 -40 708 -818 640 -813 428 170 -997 58 -167 
-137 396 -461 572 -858 -270 -121 864 427 62 366 -765 -817 29 -646 428 215 584 365 837 -164 137 721 418 152 -689 625 614 -473 -166 -105 -271 957 663 722 -908 -266 -120 181 928 407 275 -703 781 -491 51 -25 -928 -28 -200 -658 944 365 -936 221 -309 945 480 516 -149 887 -637 200 288 165 848 -79 943 -870 -387 222 749 -955 -701 -324 -235 -933 -176 -427 690 -988 -73 -233 931 -648 -680 349 358 -441 558 715 549 -343 120 296 512 358 -808 -39 -489 
463 751 -159 -430 -157 330 -576 -342 46 895 191 829 -927 -636 944 -481 44 -534 -951 433 -57 -451 294 -276 502 294 782 572 974 -493 -523 -861 131 -756 -819 -129 -68 347 -832 317 720 -144 233 95 -872 925 878 330 -194 736 -961 -630 -825 941 873 -908 -86 182 -567 156 439 896 536 987 -168 -598 81 789 950 644 -493 -52 2 -429 -341 -214 372 258 600 -390 890 48 -839 -576 408 32 507 977 686 -356 -574 669 -776 -686 680 -522 491 -192 -154 956 
439 -228 -258 -538 207 -646 -928 23 -432 184 958 130 -367 176 -407 -276 -599 -512 924 244 277 -748 287 821 934 -70 -371 -805 284 -15 718 935 270 -353 215 21 -645 -830 753 806 440 775 -820 986 -939 -802 -531 56 445 11 789 148 979 -225 -88 68 181 -172 -674 -827 884 -767 89 856 992 -184 214 373 -403 696 963 -768 956 -732 -278 302 924 -407 701 -28 695 -132 751 -327 -299 504 125 498 211 -654 -541 -100 -156 778 812 891 -671 -217 -359 679 
-70 -309 -745 -719 -855 474 892 -73 -848 -932 -769 -44 96 -500 390 -145 -223 -335 -914 429 -451 -778 -502 90 -548 -248 -489 -90 -992 299 935 10 356 96 736 421 -971 -253 548 461 -422 371 -828 -365 278 937 -282 346 -669 252 740 -566 -504 -920 206 -573 449 368 -924 621 -485 -535 900 -219 494 292 741 843 -401 182 -763 -717 -400 643 -80 -718 -456 -933 357 291 322 573 18 -330 -290 796 588 470 -992 -353 662 -695 651 -911 -49 597 110 -783 -832 921 
100 -701 -571 767 237 247 128 789 872 -47 942 223 467 -585 -224 -727 -717 -382 -156 591 -300 527 -328 -582 489 -276 186 795 76 -999 -581 73 13 -664 -420 -599 262 -793 518 313 951 -318 -458 415 486 -442 833 -196 -338 -743 -578 44 -740 736 634 -117 100 304 -824 761 -167 -411 -528 675 -644 427 852 160 -85 286 182 193 -547 -244 432 -901 -79 -270 -187 53 279 -925 457 600 -928 952 -881 306 300 85 -25 -905 861 596 223 -2 -211 28 642 -366 
89 -745 -799 731 620 -417 918 -26 -534 74 400 -960 133 -733 732 383 113 -344 371 -838 -277 -104 -623 176 -664 186 -180 837 -188 -838 -343 499 47 761 195 352 -799 -659 283 -578 -846 -159 51 318 279 -546 -224 -200 -224 8 -177 -110 -56 442 972 775 966 235 368 -895 -88 543 689 -943 192 -131 550 957 -70 62 -279 -553 -321 756 -102 540 -370 892 576 -344 769 803 417 435 -911 -417 748 -879 854 -502 867 290 -322 980 -980 43 27 36 -891 -638 
252 -897 802 -202 777 -662 -385 -977 734 -569 -762 -855 122 -406 276 -980 743 716 258 8 -384 952 -321 378 -287 -789 367 782 -555 -394 -848 -212 293 382 547 642 -226 198 -27 524 -954 743 -421 -592 -331 -314 307 -413 461 938 -704 -955 984 972 200 157 685 -937 496 991 -43 582 -517 -572 -797 506 648 107 -411 -994 533 -566 336 596 75 -332 634 610 505 740 -864 570 -396 -963 548 862 -690 -612 -512 -283 537 533 823 -882 832 438 -210 -229 -731 -770 
-22 -145 -715 -708 -368 -885 182 -933 485 641 -673 -31 -6 916 138 -432 869 495 -223 -736 988 999 927 535 801 869 766 -616 -814 668 -511 -180 -223 -718 -820 734 630 -29 -322 273 -687 683 -260 -348 -925 433 -265 763 534 -671 -311 -668 836 762 -571 -209 761 534 -827 680 -344 -309 -742 718 176 953 10 944 162 -372 -827 -501 926 221 942 -997 -716 224 -105 692 747 886 549 633 -278 -80 82 -64 983 -777 975 -84 -838 -868 -617 180 -641 -274 -273 -395 
302 692 278 -266 -230 526 -694 -234 889 922 -911 290 392 363 279 547 903 653 931 361 -817 769 653 -757 -768 51 -673 526 397 -262 -738 -267 377 16 973 -551 -72 551 -863 938 54 -552 -150 976 373 -3 -398 -708 -113 -842 644 -47 15 -523 202 765 -829 907 -578 498 -458 472 -946 148 149 -355 -854 167 -118 262 163 306 -35 -512 -216 53 284 -509 -701 -15 765 -232 -295 -785 549 -842 -400 -90 -314 888 266 289 -81 182 -882 998 124 203 -101 -826 
446 756 144 -491 974 453 930 861 559 -398 488 692 -680 -421 -412 -755 306 666 307 922 -405 -407 -322 792 -735 -813 626 47 500 -976 878 758 773 377 -160 -795 -854 -484 323 -805 132 490 896 861 566 147 -404 -172 629 -845 -287 -357 787 -733 91 -293 34 607 -155 882 169 488 -386 -868 739 886 679 -82 -141 958 380 -717 965 -853 -252 -372 -234 240 -639 -569 -817 -310 794 -764 616 -470 583 644 460 -323 58 447 988 394 895 -804 -117 581 286 -929 
-572 -792 270 722 889 903 243 -939 380 -627 711 182 -403 -997 608 -930 955 306 -448 190 634 -538 -867 334 -747 79 -516 534 -803 -389 -589 -735 655 963 320 -84 -425 686 835 -872 -361 544 -232 -969 396 -698 -876 -989 -846 834 -126 65 287 68 813 -392 148 -830 -805 -188 186 305 569 -1 109 872 360 379 730 859 -574 -581 -440 644 69 368 701 -741 -415 -324 -634 -209 648 -9 -783 -200 -583 405 672 548 43 731 -326 119 991 -806 282 642 -304 -356 
532 839 412 760 -428 -577 782 -260 -205 -765 319 -728 -523 -906 541 -723 -492 -536 401 225 -648 -307 -741 550 190 -241 -88 994 578 863 -939 -868 -937 688 924 148 -497 446 -518 -2 588 -841 -866 696 -999 -584 580 -651 -321 -664 232 -953 -239 766 -3 -417 -844 -349 -309 120 -345 -470 -244 371 545 63 -734 509 -973 618 -280 4 -917 46 712 845 775 296 -844 146 13 -206 -431 -413 -962 -553 -899 333 647 563 -842 484 -578 202 988 379 856 -179 -378 10 
-447 209 -798 -465 -213 196 -520 -615 -865 621 203 -236 -944 -799 -693 -545 423 -521 485 -958 -770 116 199 -223 -652 345 -898 351 324 965 -52 -206 -548 -722 -381 878 -373 370 939 920 439 32 -92 858 829 -38 -791 -828 -560 528 -288 973 763 769 -752 -834 257 284 -336 59 -964 305 332 329 -926 982 -961 -148 549 -924 97 452 529 -460 -917 -850 706 884 539 787 753 -573 -510 -91 88 959 -793 -517 447 287 757 -178 -112 853 -39 -357 241 -493 -347 -591 
-996 865 -928 -964 687 18 964 557 -778 761 425 955 71 -285 536 463 739 -342 76 450 -570 -723 -485 9 -382 718 -926 -372 -339 526 683 639 -595 -81 613 300 -333 933 651 -320 -859 177 -510 898 -797 32 395 -460 407 -488 646 -632 137 955 538 295 948 852 362 998 -516 -271 -956 973 -98 471 -634 -562 475 -987 229 341 -123 186 325 -703 -461 606 -108 485 523 565 276 852 -244 -250 -324 736 -468 761 -356 594 458 947 904 -722 715 470 -305 -608 
-967 602 -194 834 -946 689 -889 -387 -837 -741 878 -108 -523 572 -291 -29 -852 494 169 665 -628 -155 -370 779 226 -982 620 -101 611 -278 293 400 -660 912 -756 691 -260 -401 205 878 -890 -175 380 -569 798 -397 -257 -622 166 273 859 -757 -961 -859 -538 -480 -987 751 115 623 340 -254 -49 -8 -962 842 -578 -978 -418 707 -487 305 -836 357 -741 -131 526 -913 -851 -628 -954 284 -698 -397 378 -408 -294 -955 733 -56 117 -131 -819 -746 477 777 878 -284 350 773 
946 -568 -551 -494 -130 559 -605 967 195 -983 -227 -912 -962 573 -107 -117 -869 -649 732 -183 56 671 -784 -929 -543 90 -639 -197 -518 -249 -206 -554 -723 154 -297 374 374 -834 -494 -906 859 -528 275 622 -748 -849 837 -369 753 397 -287 -338 144 722 191 -840 -810 -565 207 -675 901 -273 536 -903 -386 368 29 143 663 -25 20 -528 -37 -646 -694 936 -55 772 91 -727 -175 -162 960 -995 875 358 -24 -993 -75 -709 -383 507 511 835 864 -820 -69 526 506 963 
-927 -832 325 87 809 333 230 -56 269 -802 863 872 -185 622 32 -21 441 104 -638 459 982 982 -853 -731 480 668 -823 659 548 576 302 -111 -267 -472 -155 755 194 615 -819 114 713 -31 -190 912 -697 -373 -335 -376 -763 -249 -610 -212 579 248 224 469 650 -328 -833 231 -610 -238 773 -189 -539 -430 -459 -74 -150 -754 727 -595 23 897 -256 -631 -886 55 851 851 952 908 878 -36 320 -777 -126 584 997 -441 -755 -174 -533 -233 -915 -192 135 -735 -419 -687 
-687 904 -359 -819 -965 70 -232 -197 -289 287 -543 731 193 631 331 -705 241 335 -864 -289 372 -510 -470 916 720 668 -148 -620 278 12 302 617 931 815 -802 -361 460 -50 -774 144 -610 -276 -15 961 448 291 -516 286 -454 -200 -761 593 -353 36 -573 415 30 -946 -511 126 529 -938 315 -500 415 30 689 -511 822 529 -938 -500 -130 -686 -755 -391 -873 697 -204 817 818 23 663 -598 -169 343 715 -134 -426 394 -511 -999 979 -705 298 -249 502 -41 212 966 
-958 506 -26 -26 707 567 145 5 -439 -355 -386 -254 -18 -16 847 -65 -175 -239 -117 -381 -347 -922 337 706 -567 -6 -353 364 923 794 695 215 670 -319 574 30 130 -960 -757 -785 303 669 831 -332 402 -569 -335 -759 79 -121 -540 718 275 -969 -636 530 -43 -807 671 -536 687 -783 -466 751 727 -313 -791 541 -612 -392 314 551 -902 969 370 842 -404 282 -412 330 927 -400 -878 968 -226 -164 -557 -419 620 243 243 -114 409 807 944 -614 771 -75 -613 20 
-216 -772 860 -429 864 966 647 -364 -544 691 998 760 943 53 438 962 962 818 -81 853 629 -828 681 -920 -237 992 -875 545 549 -758 -171 350 -56 -963 857 -513 -986 -115 459 652 -862 670 -17 830 539 405 636 266 -973 -999 -225 111 -325 239 -88 -88 717 171 957 -130 -846 -845 308 -883 -784 920 -906 -939 -523 -854 -343 257 -39 580 974 416 274 517 -958 725 147 126 397 -107 -941 -845 462 505 -667 955 350 -687 -918 -641 575 374 542 -404 491 596 
-778 -21 -903 911 -444 -872 -505 441 -972 726 440 -655 430 953 -551 807 559 -605 726 -277 208 -673 195 225 -467 914 898 573 733 -654 202 -649 -664 687 56 671 671 -478 -784 -578 275 -197 -249 248 535 -642 -249 374 -834 -494 -906 859 -528 622 -635 371 837 -136 -167 810 810 -247 694 467 398 191 -831 195 -509 465 -565 614 -800 207 888 -742 184 901 -267 41 368 29 859 -743 688 574 621 301 334 -37 -271 732 -300 -622 -359 772 91 -258 -175 -775 
-856 -614 247 5 495 -993 -709 -752 507 511 864 -820 -610 123 -980 -540 -927 325 167 87 -933 -967 8 230 -731 -56 -988 264 -424 0 -181 622 -21 741 -638 459 982 -368 480 668 -823 659 574 377 -320 995 681 -472 -155 755 194 -439 615 -827 -819 380 -97 713 769 274 -968 -335 -376 -795 -249 -610 892 -824 224 867 469 982 -328 815 -630 -610 895 -189 944 -539 -896 718 -322 -214 -459 -754 -86 -531 -950 -728 897 -477 -886 -819 -592 22 952 -799 474 -36 
320 -777 101 155 997 672 -537 -750 -533 -915 678 739 -295 272 -419 -687 904 -791 -155 10 169 70 -232 147 596 -289 -385 -733 778 -543 -148 -613 461 193 631 -109 684 241 335 335 -289 868 -272 155 -181 720 -18 482 10 10 278 -144 12 302 880 -564 931 133 -802 -242 122 144 -610 -276 961 318 -347 -46 -46 -454 -292 62 -998 -284 -769 415 818 30 -946 126 529 -938 -260 -500 -130 -856 878 491 316 896 -137 817 818 469 663 -598 986 124 715 -134 
-426 -845 -885 -417 -511 100 406 742 -877 -249 -98 -41 -772 -958 34 -914 250 707 -4 -226 146 -439 -98 -386 -254 390 409 847 280 -175 -454 564 -381 -371 347 -922 337 706 664 -6 253 116 622 695 -469 -706 574 -977 -960 232 -785 148 303 669 143 -332 -569 780 -885 311 -121 616 688 -425 825 989 621 475 -487 -564 -822 -908 928 671 -536 687 -783 -466 284 727 -742 -10 528 -612 429 -79 -648 969 599 -404 825 282 171 -826 927 149 -400 -516 -341 -19 
968 213 946 -11 -557 -419 -231 243 -260 807 944 -556 -75 -613 672 611 -772 860 -69 216 864 966 647 155 -338 998 564 943 599 53 -889 -466 -506 569 853 629 681 -920 -460 -871 386 545 -758 -171 521 581 -963 -177 -513 550 702 652 -11 454 374 405 668 280 -973 -999 -225 111 -704 -728 -88 836 170 717 199 426 957 165 10 -319 787 876 -773 -939 -523 -854 -343 163 -24 952 537 274 -776 441 -765 -958 133 449 456 952 -107 -353 -941 -920 -845 -107 
-249 219 -758 -758 955 -687 947 686 -36 191 542 -565 -363 491 -836 -957 -189 -859 -828 -903 154 -965 625 -505 441 -58 -263 802 -724 609 -392 982 -292 523 987 -255 -692 706 73 296 -608 -547 68 68 228 -736 -757 -580 419 -908 -74 -260 181 -846 369 -539 -44 345 501 870 -45 204 -875 383 92 -650 -550 518 -738 596 676 890 -202 -966 -346 670 -645 440 411 214 -21 718 105 356 356 243 368 226 147 -367 -714 554 204 -645 -137 296 -726 -160 584 846 
852 244 223 69 -448 252 -380 475 -277 658 -447 385 -818 522 37 485 -767 426 103 66 532 519 848 -853 -522 -13 329 889 -171 -458 552 699 273 -124 789 232 963 -635 692 334 486 -184 -770 659 993 -954 -488 209 953 -343 -597 -531 171 -819 -455 330 14 435 324 965 358 770 -589 499 499 -830 -210 766 903 -377 -959 655 -855 995 -805 185 -397 448 -175 933 90 862 -466 161 643 633 -32 608 -909 138 -386 888 -178 551 40 -774 -590 908 -950 -294 
-451 -612 -286 -326 97 578 -847 -298 -454 -515 796 -874 944 944 -385 418 691 23 410 776 778 -525 256 751 -24 -24 -921 867 211 336 487 -414 913 -679 -565 987 -917 441 -537 960 219 -939 -818 640 -813 968 -282 -79 721 -167 -493 -469 -137 176 -157 572 -42 -270 762 148 886 -578 541 817 -533 366 -103 595 -2 -646 428 -206 648 262 -912 -780 667 422 634 837 502 107 933 418 -974 -292 -689 42 -624 851 -473 -38 -391 195 -96 -612 957 663 722 722 
-412 636 250 33 -81 -847 -750 343 -651 -495 552 668 891 255 83 -491 -848 -573 256 -911 -155 540 -936 258 221 -309 945 773 560 -873 -149 -881 887 54 -483 -908 165 888 848 943 -766 -387 983 264 749 -21 40 739 -570 -161 365 237 352 928 -427 690 -57 -988 -73 -28 978 30 -648 -753 349 -659 358 -849 -533 -271 242 849 -560 -742 50 85 -1000 -252 -20 -808 -722 876 268 216 408 572 -159 -430 99 -157 330 600 94 -595 -342 -190 -59 895 191 -932 
-425 -701 103 882 579 -481 752 44 -534 -817 -825 651 -971 -630 -423 289 269 -276 724 502 294 395 782 974 -876 -621 127 110 295 131 621 262 -819 -282 -239 -129 -68 347 595 317 766 720 -93 286 -172 -432 -14 889 -133 925 385 683 -162 -224 -939 -194 441 -382 339 -630 -970 941 202 -908 -86 75 299 -547 620 439 896 -265 -488 97 -437 593 81 -784 -734 950 -426 -493 -52 871 2 806 806 -341 456 -674 949 991 600 884 -953 453 -874 -272 -918 729 
-2 684 -166 -453 -317 436 -306 -382 826 162 -855 669 318 -869 -881 680 985 890 -407 491 894 -192 -987 693 -315 429 733 -926 -926 -79 -538 -657 207 -766 -928 23 -432 -670 130 -367 176 -873 113 -453 -512 934 495 -947 -947 277 -748 287 821 934 -371 -881 -503 929 935 270 92 -248 215 21 -589 -645 -830 753 -812 305 364 937 -282 242 -669 252 740 924 359 -11 878 -920 -600 -58 378 944 25 107 -924 690 -732 944 -485 -485 -535 -535 -864 429 -230 292 
741 437 -401 879 -346 -336 805 -224 -473 -458 -718 -58 -81 415 -423 -933 -318 -843 899 -853 247 508 573 -548 -683 628 313 -516 796 379 -109 652 -701 -616 184 662 677 -576 -911 -513 75 857 110 -367 -198 865 -571 767 -911 711 -186 -649 -47 488 -340 223 467 -307 -695 -224 -727 -853 -555 690 591 -300 527 -917 348 489 676 186 -405 76 203 -999 -581 133 13 511 179 -876 361 651 262 416 623 518 -282 313 567 208 417 -80 486 -442 -882 833 -196 517 
-743 -143 44 -102 -796 -963 -223 269 -117 100 304 -824 48 8 -897 -897 -227 -644 -998 -690 342 536 286 182 402 623 552 914 -922 -798 -831 -79 -187 53 279 -731 205 -775 219 -881 -632 306 300 -226 -226 -31 -772 -485 825 79 817 817 602 -226 -961 602 -981 329 -999 -799 513 731 -899 385 -425 918 22 74 511 -520 226 -733 732 848 264 -670 113 -344 371 -838 367 903 -95 -112 -623 176 -714 186 529 -340 -559 -589 352 -497 -287 -869 288 283 -676 206 
691 240 -516 -518 462 -546 -174 -200 -25 -532 -912 -177 -110 668 -139 871 922 775 679 -310 773 235 368 -358 -440 -88 543 -503 271 152 -207 590 -597 -2 -53 -749 237 994 521 -70 -279 -881 -492 857 -937 413 -260 75 576 -344 -601 -170 -519 840 -417 -100 -911 -123 -97 41 226 -46 526 307 867 593 -241 -980 43 27 -966 -608 -707 296 -493 -803 -662 276 -58 17 17 568 410 -934 -8 -262 -406 27 279 258 -384 -412 219 -118 378 -287 -789 -789 960 782 
-394 524 -848 969 154 -356 382 547 -429 -186 424 -27 -954 -486 394 741 -592 -735 -401 -314 -816 -413 461 790 89 -955 221 972 200 751 685 -937 -420 -106 -359 401 582 -14 221 510 850 290 31 -294 123 107 -411 617 -76 723 -457 -752 876 -801 -385 624 -819 125 -897 634 610 -685 -253 332 -497 -392 181 -396 -349 -963 -275 862 278 196 -612 -122 472 -283 -323 823 -934 -191 -727 951 351 119 367 -229 -731 378 -259 -757 -253 -978 -715 -708 -885 182 -937 -705 
-224 -494 -673 -138 916 611 -522 874 869 495 999 -385 -271 -102 999 -906 927 -699 762 -752 869 89 760 -616 540 -511 -180 -223 -321 630 -232 -309 -189 -673 683 -260 -218 935 141 -785 99 99 433 916 218 80 -671 -311 150 435 -571 -571 -667 534 -602 125 -495 -917 578 -344 -309 378 1 263 176 584 10 -930 -885 -372 -857 -827 -501 -297 635 942 785 -683 224 -105 692 -169 886 549 624 199 -724 82 -64 983 -777 -84 198 -838 892 -644 431 180 -507 -274 
-273 -527 -479 -190 -266 655 479 -608 526 -892 62 -234 889 266 -807 392 363 227 -626 547 903 -617 -959 -817 769 653 187 -784 51 -673 -738 792 -861 303 -525 -608 -262 -738 -267 -891 877 -628 698 -925 741 332 -863 679 374 -742 -646 320 -150 976 689 -3 221 -708 -113 -842 206 -238 826 -380 473 -901 -762 233 -345 -873 -578 498 192 339 -821 -946 148 286 -463 291 -730 -355 -854 -921 262 163 306 -593 -172 129 -216 979 504 379 -509 -710 -436 -742 374 433 
765 -470 -470 -193 549 926 323 398 558 -314 638 -725 730 -542 -81 -637 -736 -247 -115 -115 -50 -445 99 547 -365 144 969 49 590 -317 -649 861 -524 153 962 875 -391 -516 692 -421 15 -755 -268 741 922 -702 -648 598 96 -260 -7 792 321 -893 932 626 500 908 -976 878 -293 773 377 790 -160 -795 -854 -484 -672 396 145 695 293 861 -785 566 147 -172 -99 450 113 -925 741 -157 -862 -889 -889 396 790 790 218 642 -456 927 -155 -527 120 459 488 -386 
-868 907 306 -606 -470 331 -141 958 380 -983 -717 -679 -460 -279 411 -683 821 -990 84 342 -569 961 466 184 -653 194 98 -470 218 69 644 -979 124 58 -846 606 988 770 362 970 267 -450 286 -65 -929 -929 261 636 837 243 -440 722 889 -719 135 743 243 -939 994 -803 800 711 482 -617 -728 -478 814 -786 -327 -269 719 -571 -448 -641 -337 41 634 -538 334 48 -503 -516 749 -593 824 -803 -389 -589 -511 -446 -487 655 963 -341 776 133 -425 589 835 767 
-872 887 -398 -279 -354 866 396 978 950 950 177 -989 495 489 -827 468 -126 65 685 -28 -730 97 830 -546 926 101 -657 -303 148 -713 509 -688 475 -593 -570 -39 569 -179 128 109 534 52 410 363 379 -355 730 346 859 -574 -939 -585 -32 844 -62 -229 489 227 -415 -264 908 670 -209 -9 433 43 339 938 5 -2 -617 369 672 749 -674 640 -33 320 -965 861 991 632 632 -159 -22 968 -304 -681 -579 532 31 -44 839 412 822 760 479 519 -722 -463 
