-890 742 -587 838 -23 224 -292 -27 982 -839 477 -117 529 -779 756 -16 464 -431 653 667 928 921 -952 -591 232 -997 633 852 -482 334 846 -61 -871 93 -609 -757 -777 -876 634 -246 624 -610 650 -152 133 -686 -623 288 -647 278 -547 782 888 623 -308 -233 923 -976 720 -43 585 -107 21 145 -508 512 -893 976 13 148 661 798 -715 53 786 -756 211 809 194 -109 -521 -557 -273 -880 -101 -472 507 -830 616 -610 850 517 759 -659 -299 652 -654 -733 162 305 
-938 89 -271 659 266 923 890 -145 497 512 407 569 -363 -44 -847 -444 -695 -42 203 -148 98 285 232 177 -291 -786 -645 -858 688 -403 266 -303 -245 -33 -681 461 640 287 19 -664 -276 -637 861 861 499 -146 956 -616 -186 -576 -678 -881 541 310 -8 -6 -323 994 -829 -961 -509 -655 656 865 693 151 557 428 -470 -826 -82 -619 269 878 788 552 -535 176 256 506 923 -341 -93 -888 -939 -171 -862 -257 -587 -190 -815 -399 -945 -383 -905 728 -916 -270 399 -858 
-458 -987 -134 166 -302 -804 -948 -576 309 -924 507 89 48 -985 58 -408 -435 -61 -430 877 -824 458 -118 573 794 54 -403 -77 892 826 -560 614 26 64 791 -311 -242 58 -357 -528 528 9 610 249 495 -136 628 -655 267 -592 618 -681 160 350 310 61 -405 29 -117 617 -985 -239 -342 -851 172 -113 911 609 704 944 145 305 503 -411 -645 -317 682 526 -622 -312 376 -698 -596 789 855 644 -638 -409 278 743 -668 108 -508 -47 -837 361 -669 -865 -136 -155 
463 -469 -747 160 456 -468 750 506 -684 -818 548 -187 326 -622 486 -153 -11 -285 628 -953 -287 -992 497 52 611 -203 -753 -257 660 578 478 258 -266 904 -719 487 -58 915 536 362 120 907 -170 363 532 913 913 913 -980 -333 -605 872 -936 -590 -119 -255 -795 -224 -686 -319 440 974 911 811 -497 -783 -358 -651 104 -30 551 -59 -476 -666 -971 963 -98 -117 921 -991 168 908 -376 -639 -916 -526 797 82 -445 367 718 -88 -765 -225 865 381 79 -583 -49 637 
387 -851 202 239 -230 -124 367 35 -323 -964 -590 -815 -687 -452 -819 -994 -933 640 96 -85 863 178 -263 266 -659 -905 -457 -349 570 -763 -578 -611 343 490 -164 -824 -128 553 -984 -633 -542 733 -208 -491 714 -810 978 -339 -269 -189 11 -565 874 426 411 753 -317 -458 -466 -490 491 967 -990 303 788 530 52 -541 -131 -880 -180 768 -706 64 -12 496 -215 724 361 399 -145 389 324 987 -911 926 907 -572 -704 594 889 442 794 898 -335 383 13 -832 555 404 
-228 -853 39 -875 462 482 341 69 101 -246 979 398 105 893 -215 -990 253 866 925 606 -803 207 -764 -258 -790 497 7 -747 242 16 175 -18 453 -906 581 612 -971 69 -158 98 640 864 301 568 742 417 270 812 384 693 -184 -397 244 -866 -926 588 -762 -747 -19 -788 173 -172 421 121 659 167 646 -43 -978 76 419 51 -160 696 956 -157 423 685 -567 207 257 -567 664 894 -285 -712 -438 -596 -344 990 -539 -241 685 142 -879 -169 -21 -908 -850 913 
-863 -891 770 -789 -620 284 -374 -333 698 529 368 997 -80 243 939 955 939 -659 -399 50 3 -785 -672 244 148 647 685 -887 -70 800 -725 530 859 849 530 -449 9 -710 643 706 -477 974 -819 -958 -41 -164 -963 -963 629 389 918 -76 -76 -405 843 -486 792 1000 -646 764 673 835 106 733 315 648 -828 725 577 -66 -482 -303 186 -681 -510 -954 -838 797 -250 951 -583 -225 -213 443 294 -313 -148 307 381 -256 914 69 127 707 -785 -566 426 20 -438 365 
-59 207 -594 -558 -528 -525 -160 809 112 851 590 -854 488 223 210 -537 -630 -716 768 834 624 906 -663 906 728 309 -854 -45 -456 -514 -926 -377 -542 509 63 -395 -714 -697 239 -832 -446 920 129 -89 -573 -699 -471 335 -341 321 475 -943 803 -955 -751 733 -617 36 -660 -422 493 -902 775 497 -82 684 259 180 616 725 104 -178 -115 242 -116 684 -538 -765 293 -268 635 690 779 522 745 212 424 -503 918 -575 1000 -620 361 -936 321 -269 716 -564 -284 -364 
-176 374 540 -989 244 340 151 -297 974 -517 454 433 -396 -559 769 818 -217 247 -616 799 -648 137 794 -240 136 -30 -944 -178 555 -878 863 -260 -291 715 255 551 -551 946 -317 -997 -228 212 666 -49 -629 893 -773 577 -125 750 141 179 458 -984 482 597 554 274 802 438 -759 44 520 951 -255 -48 164 764 685 -549 770 381 291 71 884 650 -327 -210 -714 557 372 -941 597 -734 719 135 -691 353 -454 -576 933 -839 -298 -695 396 106 -536 -586 204 -109 
630 701 -238 -284 716 922 876 -215 -603 530 -278 -435 -597 629 290 986 983 488 35 737 361 -219 -941 -761 -505 -154 -820 -753 -550 488 -588 -619 -142 -369 -634 -657 426 -504 -786 793 579 -431 887 -135 598 -855 -923 -917 -347 -926 371 -499 -884 -570 392 20 -883 755 844 447 -202 -856 49 -184 -494 166 -908 839 337 -51 615 615 977 -758 12 -960 786 956 -303 578 -19 -193 670 144 -822 160 -940 -484 570 408 -915 -476 -884 -821 -964 -206 -309 -551 -643 -88 
155 320 912 570 929 346 173 -412 -772 -244 171 171 -102 527 285 -715 -299 -640 746 597 832 -836 531 -477 -833 664 -819 490 500 -37 347 418 -187 759 -141 -36 519 -108 -310 -462 -977 30 -25 -752 194 -460 -645 392 384 -290 -336 -919 315 -575 -623 881 -211 450 464 -677 343 -664 293 12 -697 758 -584 -532 897 582 398 930 -273 124 675 552 201 745 551 -829 764 -166 -893 501 906 307 -586 -144 387 -25 -645 -840 -600 323 329 523 -385 -927 342 429 
580 -383 952 790 -512 -481 -663 -399 -934 411 320 567 819 166 348 809 -562 -21 393 657 512 -596 -227 351 -947 235 -399 -756 602 -618 531 93 -31 590 -10 796 254 340 41 122 47 898 -335 -878 614 -358 -901 -478 -324 605 -379 905 -506 731 -847 -943 663 -211 -77 447 390 -115 752 -612 -43 378 -532 199 -768 -815 -270 -58 -792 -273 659 -538 136 597 460 -218 583 565 793 231 -844 105 -185 519 -352 793 6 -28 -79 286 -684 720 900 927 430 799 
-452 663 -479 -549 -503 39 -509 764 -5 706 -61 381 -275 -798 -538 358 -511 -974 684 132 677 25 561 108 -919 -380 194 491 -246 971 -421 28 -27 702 33 -368 -57 -518 -825 -1 -576 698 -227 -627 373 -556 -886 -243 -815 -399 615 -168 402 -949 -895 -967 467 347 472 -577 7 350 -904 -925 798 456 -671 622 -939 -818 -459 -564 635 755 399 -546 -255 525 866 -318 191 -765 -536 464 100 575 -314 214 -909 -789 -886 564 666 -554 -856 -591 631 -497 414 286 
-802 313 -341 -365 508 -912 -789 -842 538 -490 -495 329 329 -227 102 -893 562 941 784 -710 772 772 -252 536 314 134 -752 -912 -953 225 527 -346 657 174 -694 -340 -776 470 886 786 -202 212 237 110 -340 721 389 170 -70 721 852 440 440 -138 -510 -616 -543 -366 708 679 -689 -420 -480 797 -633 751 15 -850 -425 861 52 540 594 -61 -379 200 735 84 -546 187 508 982 913 109 974 -304 309 211 290 -268 361 -544 -753 700 457 281 -690 824 -451 -525 
440 -636 -727 958 89 -841 -149 412 -765 905 25 146 552 -187 -222 766 175 -123 371 -292 -239 146 338 -904 -232 -970 362 646 -50 -170 -483 923 311 851 -144 178 -85 643 402 -457 -122 412 -647 -841 -396 -767 -715 -890 571 333 832 904 -365 534 -6 601 305 -633 -815 -282 -889 57 753 -14 992 -658 209 -338 -206 -778 -775 536 939 -400 -277 -30 -758 -724 -560 -131 -275 352 274 -33 478 478 927 422 281 -918 -869 -353 -929 -112 -281 -907 -457 72 406 115 
508 -90 993 -739 -520 881 410 -992 -913 454 -754 -295 345 -265 844 8 -938 184 363 966 139 -661 257 -787 -75 327 72 -961 -310 -68 926 345 -840 -927 535 96 -471 261 39 -615 827 -158 -375 46 598 -770 482 -423 -426 624 -149 587 -650 -806 722 114 888 -615 -748 599 -146 238 675 -970 124 -414 -947 -825 -273 -130 -520 814 -25 246 -898 -340 112 -489 273 923 439 -454 -790 263 -916 220 85 -656 521 320 553 -378 -168 423 948 684 534 -831 -707 83 
-292 302 -877 684 640 -113 -245 339 578 -97 -631 -694 532 -913 490 -446 -950 -706 233 782 -535 135 359 -17 -334 647 -460 -544 646 622 -761 -7 -376 886 -405 936 532 -156 498 889 487 158 451 187 417 -181 828 446 358 -685 -421 -275 852 404 108 746 29 620 502 552 248 -715 590 539 101 -316 -392 -931 573 -541 452 248 -963 -531 384 -964 879 -747 673 122 938 31 -689 -163 884 -972 115 -714 759 -353 551 262 -357 178 572 253 278 -137 78 -597 
-284 796 -249 761 788 254 938 -751 -206 807 -217 -282 22 604 511 917 -492 -365 -184 967 348 465 -978 -264 -62 796 143 -234 146 -499 -588 -785 -328 -975 -365 -184 348 -978 -62 -365 -184 465 -264 -62 796 -588 -785 -328 600 78 414 -505 -570 -705 301 866 589 929 -98 216 -692 811 612 521 671 -390 110 949 -337 -872 712 -923 -712 197 -533 -293 -278 -290 611 -246 -778 -189 459 -835 872 967 -301 366 -222 -462 129 -989 696 -104 -829 -12 514 481 195 -173 
897 -723 525 -576 187 433 -877 719 862 121 -259 370 -334 39 -776 -216 -163 -432 50 -300 -881 442 -833 557 736 852 -413 162 857 970 217 -499 702 -546 438 -432 -727 -89 -927 -912 365 -331 -849 854 233 -227 -641 -110 -756 89 -197 538 341 971 810 -929 328 607 695 910 -878 -60 232 759 311 -257 -405 378 -902 348 -378 953 -558 932 462 -924 -363 -962 603 -310 -107 -508 -211 234 785 785 886 53 -159 -504 958 358 277 432 -982 212 -895 282 648 909 
137 424 561 847 204 812 -472 665 400 616 -163 -782 324 513 299 179 598 118 -976 -223 477 223 141 -239 -357 327 419 -341 770 -710 -558 493 -785 -438 -296 -746 -350 -381 -101 -687 903 -797 -72 817 -871 -560 384 133 723 -68 774 137 -360 460 103 277 657 88 149 -653 -661 491 -496 -799 -514 -820 367 166 -143 313 199 479 -609 135 219 -754 941 966 728 108 455 334 639 -535 -191 -678 -496 532 241 578 -191 709 208 -123 -857 -979 744 630 826 -3 
977 -300 -682 -241 -269 -30 -934 843 -619 -360 -795 -466 462 -208 596 313 864 -938 -547 -351 180 787 -819 -75 -795 -815 -867 611 -735 878 -888 -528 -40 897 -41 853 -535 -68 569 -479 -671 -641 -555 -428 -640 -386 -221 -942 -377 -6 749 -843 164 -510 286 -52 830 -129 829 -28 -610 -60 248 630 225 -382 666 815 -932 -254 968 794 597 -445 39 499 -75 -375 -660 24 -399 -506 474 -136 -905 648 -307 -213 350 -135 -447 504 -585 853 944 96 -623 -398 -454 -97 
-289 770 857 -59 558 643 -176 485 -58 -245 840 -760 -50 77 -437 -708 42 -584 -51 911 -500 56 71 -533 905 -354 51 -465 -370 927 -718 627 773 471 -221 -206 230 850 -357 803 382 230 135 811 310 -323 -290 843 -759 -914 -595 -150 876 240 158 -782 469 -551 955 116 320 -280 378 728 -65 -608 -651 -389 -29 -519 -540 210 -663 -690 886 470 117 449 464 605 955 422 -149 762 76 521 280 -239 496 -445 228 -895 498 907 -869 507 -94 -768 -300 -865 
710 633 -887 -966 -354 -3 381 520 -963 519 506 -402 -320 -509 -427 684 46 -38 899 469 -138 -304 4 -507 842 224 -357 457 740 -849 -597 480 479 902 893 -780 -804 117 475 -333 -467 -679 -686 259 -408 435 929 -584 -789 280 -880 -30 -812 -430 306 -201 945 180 -583 -804 -704 -476 -329 -580 879 458 281 -618 -166 62 672 -385 -991 -618 625 -338 -450 -732 -539 889 -864 987 -78 -749 -458 19 -64 -863 343 347 594 787 546 516 -65 -883 -988 337 -680 458 
622 213 -110 -554 930 -856 -870 324 929 550 -655 772 -635 -257 -218 503 952 797 -104 361 -610 885 -218 -137 448 -462 -483 309 -109 764 937 -722 -438 -685 829 -743 -910 108 211 -268 -712 -610 -502 -623 541 -858 450 -622 -733 -54 -280 -925 807 337 -18 648 35 344 772 125 936 558 884 -712 574 -972 -234 -719 -541 494 309 45 -883 -75 68 -265 153 -10 763 -991 -922 477 485 196 565 290 146 473 673 839 850 -577 -332 -52 -389 -357 559 758 -221 571 
132 222 -647 477 437 871 367 570 -59 165 158 666 -133 -962 482 349 962 256 -138 991 -706 226 623 -456 -222 -221 296 643 -963 173 -264 708 984 -802 -829 687 921 -312 -663 334 480 -520 -119 -478 271 -609 -378 -413 -8 188 606 305 927 -345 -965 480 -371 254 -161 825 -725 -837 613 -85 -446 -501 418 -151 -234 -995 776 -50 -224 -943 987 885 -360 600 663 -433 -171 747 519 569 350 -56 -158 -188 -12 464 75 51 515 24 -975 -70 -79 956 609 754 
702 356 -980 961 427 951 -584 856 -937 -266 308 -291 434 -552 495 548 989 871 -804 185 440 137 -246 902 -685 871 -77 -818 915 -138 -726 -651 279 399 916 -734 -59 -141 767 543 485 -971 19 861 -630 477 846 252 -297 398 -79 -757 908 -639 -281 -154 536 270 -323 -95 -540 82 898 887 -291 -316 546 -929 926 -688 -989 -29 230 -113 79 488 -197 285 -347 925 -828 -340 685 367 487 981 -259 -948 527 933 -917 967 -734 -819 -186 68 -557 -892 -459 207 
193 -301 -856 -75 39 979 1 864 613 -596 306 340 -354 -514 -60 -148 -16 356 708 -649 -379 -230 -458 -739 -117 613 -226 -434 -435 -870 56 -952 30 660 370 894 -725 340 -314 688 820 385 268 -760 -486 225 54 346 556 761 -117 426 -846 346 -566 471 -840 -458 -908 -271 -806 -40 757 -709 329 559 887 -901 908 35 890 -653 831 922 242 -680 -574 862 815 -706 -678 888 -448 572 -757 -80 -823 646 766 567 398 -409 -11 -178 141 761 -807 226 313 -941 
-39 538 -993 -844 -704 -120 -843 267 968 180 -190 -754 848 108 383 508 989 310 -919 684 -816 -150 558 -643 -765 -445 -159 -318 462 -310 -211 -52 438 69 -521 69 155 -290 577 126 979 587 20 172 294 -899 -244 69 -621 -773 -601 669 160 979 165 475 -778 -242 -884 -678 -882 107 987 283 567 621 677 -114 141 -627 332 -809 -716 872 476 -278 -778 -525 -169 508 -916 384 -232 -177 866 -296 873 -339 957 -715 372 -299 490 270 -263 921 -867 -98 -135 48 
432 11 -400 995 -659 -837 -179 -705 395 521 590 -604 -532 122 -655 -113 -466 927 -844 133 79 235 -869 -12 -931 -877 405 425 30 513 546 -960 426 167 471 981 215 280 -789 642 664 971 210 -753 -168 871 -872 -888 16 -175 316 -472 865 -445 702 -692 -36 -402 892 95 -39 -352 -780 -477 354 770 7 -954 -424 -455 -744 635 -145 544 -181 975 704 -49 368 -66 -528 -80 -556 687 -884 962 -605 -45 -946 818 -66 -476 -859 934 976 -833 999 609 780 110 
971 37 -85 -615 353 196 542 -752 17 -61 -596 914 323 530 -172 878 743 -190 -265 -550 111 -933 -404 -102 -155 367 38 -647 -563 -41 598 -963 227 -722 -865 629 214 -600 -361 826 944 -955 922 331 52 11 552 -920 1000 -741 -51 -468 151 -532 835 469 985 308 -34 215 28 -553 -833 832 -299 681 -419 814 577 113 477 472 -481 395 533 99 -965 -681 -512 278 -258 399 -144 -154 846 162 -583 -273 33 651 -457 -652 -753 -385 311 886 -834 569 -136 961 
996 -926 257 158 278 -617 881 -497 457 702 897 -995 601 -539 -491 -773 -635 847 -396 936 -467 785 518 -267 -270 785 79 359 743 -733 -130 377 854 -901 -568 -517 469 907 534 748 603 -118 159 624 514 834 906 -663 751 728 541 209 309 354 975 -998 961 592 -331 543 -77 705 379 940 965 -703 802 627 -522 -607 969 919 855 664 -446 158 53 -561 -494 -540 531 533 919 -923 -537 -232 732 327 -847 931 86 -846 -252 -826 777 345 51 853 -73 87 
674 -362 804 493 86 -980 -185 -608 86 -980 -608 898 95 30 47 149 -821 192 281 -909 561 -476 955 -810 414 -738 320 -962 -198 164 696 -980 535 560 266 -293 473 49 -336 751 285 -230 515 552 225 684 186 598 503 -45 -483 502 -259 590 42 -425 795 -632 -881 768 411 -128 424 590 578 784 -221 -525 546 896 48 561 -77 927 -28 468 -412 -377 -100 -154 294 727 446 374 -223 -909 662 -856 -191 -825 211 -2 -713 562 743 666 -37 145 492 -261 
249 -838 -296 -142 -880 222 -684 -161 -844 725 740 686 -703 653 641 576 -583 -459 532 13 900 57 51 -298 -770 -118 -857 928 572 -632 364 -995 -651 216 757 696 481 -55 -228 817 -37 -45 -675 -386 497 880 -532 484 478 -526 532 -332 442 639 766 85 -408 -709 300 274 -685 -459 319 655 405 957 -123 757 97 -541 -82 114 -1 -982 -731 619 160 484 962 -691 536 -940 -518 504 -532 -919 -698 455 631 -821 -299 721 832 872 602 -551 532 417 325 -614 
573 -183 -496 -447 -231 -263 -978 929 496 981 -779 -836 171 -505 872 -867 498 691 486 -220 215 -675 138 854 -742 -523 -373 544 -152 104 234 -544 -836 866 -64 -595 -832 664 -377 -872 451 996 930 -28 -296 260 -202 -508 418 192 -152 796 270 600 -205 476 -54 -745 86 -789 -123 -927 77 -541 -785 414 272 -212 -92 -267 771 -960 522 709 692 915 143 -659 809 -37 465 -211 481 -145 308 -902 -44 450 -441 464 600 -817 -211 -902 -441 383 -817 -750 957 691 
497 -939 217 -824 -239 86 308 567 49 -393 -43 -532 878 690 411 582 823 -786 -369 29 -423 -90 -325 -5 484 652 381 -798 -191 -511 -974 -678 831 -981 -51 -312 198 -973 205 -744 917 185 -421 -659 -125 -606 -368 -884 -57 2 -1 633 644 -273 698 189 216 490 -23 -886 -243 409 615 -535 -330 734 -949 394 -369 -349 -795 216 -577 7 -55 -202 -925 -565 494 456 351 738 -939 611 -459 -931 525 -450 -687 -255 607 155 434 -142 -450 751 -803 -275 965 -61 
-969 -201 389 603 950 -437 109 -956 473 678 -268 209 642 169 289 128 440 -484 797 927 -873 -319 -25 25 539 -445 -863 382 420 -541 -644 368 795 -235 -926 -80 -633 707 34 -485 -339 643 -713 460 34 525 -154 -805 -890 -623 333 303 214 135 168 -963 -245 -889 -199 -29 591 260 237 950 78 313 328 -933 906 -41 174 688 946 -713 636 -654 410 773 627 -263 -198 -205 -778 -939 -248 955 140 -206 -38 721 -919 492 -146 -999 -377 22 769 148 139 -350 
-615 984 723 803 558 -426 -734 -45 -705 199 473 -748 286 340 715 -887 -414 -669 -956 -190 242 -885 163 537 -33 -172 263 85 -656 -915 509 -97 -865 -988 505 942 -723 435 989 -885 -133 -461 595 -735 -213 577 -680 417 -636 -400 947 -188 140 -7 886 -509 -156 -802 902 404 -108 361 708 446 988 -662 -699 29 502 502 248 -715 444 -949 539 -950 -268 -112 241 -340 514 559 -957 -81 673 554 -795 104 -100 884 605 -847 575 621 -294 704 -897 460 -588 -943 
623 -206 299 -706 70 -13 -976 677 995 533 228 -636 92 270 691 -492 348 -264 796 -499 -785 -118 719 763 366 -705 866 -627 -332 -135 -692 129 -262 110 229 114 -923 197 -217 133 259 -778 -778 459 707 -20 -365 433 35 -684 -405 36 -140 -516 591 652 -996 -576 804 -877 661 -610 282 -826 39 103 420 833 -552 -227 -205 557 -330 683 197 -173 -546 -604 522 87 40 -625 -664 278 755 -226 89 692 -971 -543 771 -450 -692 -165 352 -614 -481 -880 510 932 
857 -240 -656 795 949 -652 -464 234 -841 673 153 -634 317 11 -702 648 137 137 847 812 -472 -472 -472 665 400 -163 717 208 -442 786 -722 90 255 419 -251 -90 307 -141 472 544 98 -216 773 276 -725 -251 -594 -871 -65 -772 -565 -141 -910 -126 -225 -120 958 -985 998 420 -107 -703 748 409 -698 -225 -8 -879 -92 326 -747 -876 188 -867 -398 -631 877 699 365 -450 -487 457 -771 918 -58 470 -793 -885 227 873 -192 658 -432 936 -496 837 789 -461 -193 182 
-144 589 356 930 -920 202 -561 783 602 -753 -614 439 -637 322 325 -338 616 243 -741 31 -760 -254 468 388 -838 -989 -299 140 547 -895 -19 -92 416 101 -953 -241 181 534 -2 -982 -69 -364 -591 -67 -251 305 282 103 -163 190 597 154 954 863 -498 152 256 -362 935 -462 302 296 637 -104 -106 -957 -213 350 -185 -977 813 833 -59 757 -930 356 -549 -387 462 -289 -788 63 755 -571 643 485 -58 849 139 992 -50 77 -437 -978 42 -584 532 -51 -648 56 
-85 486 206 430 -933 -175 44 657 -737 -11 -422 -210 -824 408 394 850 -167 -363 942 453 -622 -681 401 160 96 182 269 403 -594 -349 731 966 -569 -677 -152 507 -635 -27 -676 -168 -712 -133 240 537 -922 -895 215 -257 -459 -367 -471 941 -319 -369 -371 380 338 -584 235 -540 210 363 -818 994 470 -758 -591 605 955 422 342 -315 663 764 208 387 -267 -880 -30 427 -98 386 -223 -961 -11 -817 896 -101 62 672 -385 -991 -767 -318 -338 -450 252 304 -864 -676 
191 301 523 19 -483 -27 -203 787 826 693 639 337 199 -203 227 -91 794 -130 930 648 595 -169 929 550 382 857 -635 -914 -218 -568 797 -825 676 -234 709 541 -137 -651 -595 -375 -685 747 -438 -685 829 -629 -855 290 541 -610 -502 -81 541 -395 -759 -771 -993 -54 -280 -925 807 -513 -878 738 35 -55 125 225 558 425 623 797 651 810 -57 899 -317 167 -609 -883 68 -872 153 -417 -6 244 -308 485 565 290 146 350 850 -577 -877 -214 -357 -382 832 -189 
-406 954 -101 -484 -116 437 -580 -42 -617 972 -773 -333 176 378 918 848 -25 516 397 199 -87 226 265 -738 727 922 -782 173 -264 131 -447 839 -829 670 914 454 -559 113 662 655 -455 271 -609 35 -413 -8 -368 888 305 182 -265 -603 -542 783 442 104 369 58 33 204 21 493 126 247 -501 504 117 -923 278 -734 -751 -224 987 76 204 304 582 -472 -352 -22 -854 533 569 379 -536 597 -750 464 639 75 515 -501 -162 463 -112 -637 -649 828 150 188 
-210 -63 -841 -877 383 793 699 777 -233 959 466 -912 766 -707 982 834 -758 420 -734 -326 -1000 -641 -368 -796 292 206 -960 904 139 -439 93 167 -12 -229 455 -677 204 182 91 78 -86 622 -745 -548 659 107 -497 -962 -906 213 798 105 530 726 913 70 739 187 612 675 681 -288 424 359 -736 -43 497 613 1000 -288 -746 -941 254 30 164 -351 -972 877 179 961 -105 252 506 -907 -212 634 648 -473 -197 -937 -960 -944 -882 595 -203 132 919 -510 -810 472 
99 -661 -128 -27 90 860 331 -890 265 840 -252 -872 372 114 119 -746 974 398 -84 -1000 -716 -16 185 -418 973 305 586 148 -774 -847 -288 -241 -780 -519 -223 -665 635 226 -250 860 -802 87 428 -870 524 759 293 759 -637 948 -344 577 112 -513 -425 -51 -299 229 43 593 709 249 774 -345 267 766 162 -540 246 -442 98 -589 -952 -838 -948 -785 -569 983 -55 -794 -526 -510 714 488 -851 18 493 730 -53 584 -136 -149 89 396 -910 945 -771 -834 904 253 
467 925 291 -718 531 -488 769 485 -754 -210 -174 -965 638 854 -765 473 -582 93 -461 -75 -71 987 937 712 -127 618 497 500 -840 -942 774 697 -412 384 -600 -200 53 13 449 -347 321 866 -606 -685 -355 -531 -605 -118 800 688 -474 -259 335 208 -370 -170 -947 618 936 -233 -734 -165 -361 194 888 -567 673 -116 824 -855 103 -482 -114 516 168 709 -831 371 863 -716 965 -666 855 395 -929 -520 -60 572 696 716 948 -595 478 -20 332 -625 636 -705 -6 -39 
502 747 63 584 406 835 -138 174 -44 -745 -80 827 -616 115 -840 -928 964 -682 532 632 578 -90 321 937 -212 600 -542 -479 605 -939 -890 275 -799 420 333 -746 -373 280 393 -887 259 -206 221 139 -732 -222 253 -651 -770 878 -212 -177 -195 680 -85 396 -124 -397 391 280 -587 686 -334 -246 -458 -827 -871 690 42 26 -96 -162 770 -170 -820 930 673 653 738 430 514 54 871 -242 -85 364 -549 155 -882 629 953 866 499 650 -166 -171 163 423 -815 108 
-641 -94 -587 658 -478 -541 -105 -361 841 -575 252 -227 612 915 645 -803 751 -101 -519 950 755 -926 -639 -64 335 -54 656 640 -571 -1000 131 -563 -13 616 -219 -254 94 336 991 749 -801 943 129 -895 16 952 -87 -983 644 -520 562 716 206 -138 175 298 -669 867 869 211 499 -775 247 -186 996 814 -718 244 -596 -78 469 374 -663 680 -202 -115 215 832 -880 -357 372 893 -920 -721 -250 -855 -342 65 -967 -157 -604 -465 823 -614 104 -948 -86 263 107 91 
293 -135 -621 79 811 172 -501 -568 -378 -776 422 -141 -218 -496 -758 -132 962 -598 -836 -365 801 -971 449 -545 -387 220 693 104 136 -741 923 -975 185 68 228 66 -219 -228 823 230 79 -216 -116 565 -326 540 -388 431 527 656 194 -845 -873 -704 -357 -613 463 975 -758 807 816 148 433 151 -561 311 958 -458 191 135 -282 -102 976 -361 983 -531 916 -710 -512 -980 -322 -460 -647 -587 775 328 300 -182 -739 433 -877 -781 -570 221 -77 -314 -617 231 794 -384 
10 916 870 -782 -767 590 591 522 681 833 254 -511 785 -21 529 693 858 -812 528 -880 141 369 -869 253 -276 -493 -120 805 -882 275 -145 -207 -416 242 -315 -656 -869 -460 236 -28 -326 577 160 300 -796 -729 785 -995 -318 -348 643 -288 -775 -975 552 461 767 -144 15 -419 -588 224 533 -789 -832 599 -569 308 -765 203 481 751 -63 -353 -392 -156 592 -442 921 -767 393 -895 135 -102 -998 -907 -95 15 -171 955 365 685 -285 340 -177 227 -925 613 -879 566 
742 959 -207 -407 -625 299 -515 760 -592 -762 756 160 -469 -814 -345 -712 -669 123 -623 -45 370 559 -955 155 382 280 972 -989 441 741 394 151 160 -646 -317 218 -30 -827 -378 -51 -876 -450 -548 887 -232 624 854 473 855 369 -929 93 -686 672 -269 -512 590 -296 913 167 866 -830 687 -295 -32 485 -255 -930 -695 -765 -281 395 29 601 -28 -177 512 496 -95 406 -336 -280 843 908 -518 710 -715 520 432 -744 540 518 809 -478 194 -253 -834 -521 689 621 
-238 47 351 -874 403 -808 -796 -312 630 179 830 930 142 478 319 -785 162 413 -517 -938 780 785 -81 -163 54 -275 -7 -578 -668 497 -782 -563 -149 405 -269 519 -470 -732 -396 -727 -365 359 995 122 -64 -878 297 -226 555 209 150 102 -62 -975 -669 -187 -48 740 -245 250 -850 376 461 -4 793 261 283 977 859 -761 702 -142 422 521 -715 307 -559 -957 322 691 590 166 541 923 142 960 520 994 829 860 -793 -124 -939 683 -255 766 151 -414 -27 560 
-981 -686 612 -991 -614 -152 -415 -149 142 922 256 313 -54 -93 -272 -645 -939 -724 -574 338 -688 -310 276 -127 623 -105 647 -850 29 -916 -940 339 -133 852 901 -134 -577 -248 -289 198 463 -924 507 507 617 -961 -863 51 -304 -408 -435 706 52 30 934 439 -727 952 -885 241 306 534 -187 -31 -806 -258 773 776 522 989 529 315 951 -224 -687 407 -553 -264 306 -485 717 664 877 666 207 -29 971 -63 -878 40 -102 -402 -655 267 -275 146 830 -157 797 174 
-752 514 177 517 667 663 -312 472 -851 -418 -602 276 -643 312 -21 136 811 2 345 775 -884 -959 130 -317 831 -774 84 -56 641 -546 -249 789 681 -620 379 -108 361 -460 -957 -61 -443 108 -47 493 -712 122 951 -851 -865 -974 213 -306 -577 -370 -747 -358 952 -468 23 252 773 -645 -735 -779 316 -928 -585 -597 -928 -729 862 -818 -961 502 -743 -520 -287 -992 547 -210 277 52 611 170 345 -767 -152 -990 -844 660 34 -140 56 455 888 897 -491 817 -58 -584 
-180 168 778 -497 -890 907 -170 -129 399 120 356 -996 365 -364 -246 833 533 -350 8 -402 762 511 -570 -983 -255 -269 -230 659 -452 706 90 -841 -136 440 434 975 476 -87 -17 315 234 526 -836 -651 188 -268 -59 -566 653 -825 874 558 -971 386 -932 510 -117 778 625 568 -535 -788 470 908 -669 -946 888 -651 -319 -526 -166 -404 -430 -859 353 681 240 253 -787 -765 859 341 810 830 719 -906 -240 -981 60 -404 -687 -481 381 889 79 -583 530 552 924 206 
-261 -573 796 171 -175 -382 589 493 -941 866 -680 221 34 734 -819 532 532 232 -294 713 96 -26 815 -73 770 -90 850 738 -831 778 -639 140 676 344 -402 -520 946 -418 -115 821 -578 -947 521 88 -192 93 142 -773 -654 -899 563 -674 857 286 231 -475 298 -975 810 503 -454 -100 246 -259 -322 -998 138 464 408 826 -526 714 -642 -726 -212 822 545 -109 753 -147 -535 -815 143 -618 855 -289 672 967 -846 -919 -180 613 -919 255 -671 -575 615 -449 908 -167 
-834 355 270 380 149 -478 760 358 742 525 -696 187 483 -776 399 437 636 -455 -188 545 -699 900 357 926 -575 185 221 590 -704 594 594 -838 -680 -355 586 -94 101 857 585 -900 443 -718 62 174 629 -261 741 791 73 -539 -716 597 417 387 402 69 -112 -521 155 -497 -290 155 -112 -497 174 -874 97 172 -224 -431 665 -863 -15 602 -185 -312 382 361 941 836 641 83 -119 -987 337 315 -433 -566 -888 -675 689 840 -208 453 566 740 -379 612 -936 -635 
152 944 306 905 -507 4 290 568 -797 -592 -695 195 926 225 437 406 -338 -683 651 634 -466 136 -636 244 -894 197 -807 -67 -498 949 464 -295 -383 -786 -436 253 500 734 766 668 489 -612 -651 485 -278 -657 100 342 -230 409 696 545 693 318 -194 -913 796 -492 -567 698 -230 165 -404 687 -14 -154 -43 -341 -203 942 -616 -539 -376 111 142 496 853 -879 -407 274 -71 -570 -842 -179 140 920 770 629 76 -45 -821 157 -480 529 131 756 657 997 869 -556 
-629 732 -436 805 -212 933 -387 -581 739 3 -410 -126 -157 -743 -385 156 -410 685 49 581 -554 -569 -255 -201 -866 510 486 805 -382 917 -366 -57 580 482 -718 129 655 -260 537 901 598 227 629 -865 389 637 417 -144 318 -713 165 -201 738 -915 939 -580 703 -87 971 -182 26 419 -847 428 -92 784 320 -105 577 -872 943 302 -376 -261 598 975 -665 719 412 569 451 -316 986 966 257 -532 707 -203 -689 215 337 625 -39 -54 27 -238 20 20 325 365 
600 -411 843 363 -701 -594 -114 -855 -10 192 437 935 603 -213 159 -931 -844 -228 138 302 984 -528 -554 -484 625 159 514 906 514 834 834 -663 -663 541 541 309 975 309 354 176 673 -267 444 -514 611 -452 -893 -714 716 -748 400 -482 802 898 692 -481 234 -953 203 312 485 923 -507 472 -883 -445 -863 -161 259 -704 -450 919 513 522 58 489 415 83 239 -572 305 -321 -148 225 -971 -851 -67 -524 965 493 -185 -518 732 829 -50 942 869 355 84 561 
493 494 436 -124 840 -285 450 118 978 -491 259 -39 508 -337 -917 678 905 -680 166 225 471 847 -309 -116 186 -376 -765 664 -893 -746 -393 658 -425 795 -764 679 -756 -401 -107 680 614 -978 -615 698 -919 408 -928 -198 -702 228 108 -7 392 -686 -187 466 -306 -451 927 -709 355 -739 -412 924 -536 153 -6 -175 -998 642 151 -238 -67 18 93 422 -285 312 100 -303 329 -147 -172 -425 19 784 -421 -616 -936 671 -506 448 -313 -58 -497 -240 -701 91 761 732 
-617 -77 764 93 987 -94 -179 -28 -421 588 917 952 255 -118 902 -363 851 692 -392 -382 732 -857 756 135 670 767 -439 -298 -629 -301 27 -600 -647 -215 293 -504 899 26 -198 -54 -908 523 37 -357 663 179 -626 480 -386 -350 -74 190 51 868 273 608 -593 713 776 764 213 620 410 -546 -119 711 -111 -253 884 48 937 769 -208 463 557 -249 -760 996 -75 114 676 -821 934 -29 -234 -968 -494 -563 -944 -862 -622 -657 -581 -451 -717 -146 -403 974 -788 -414 
-45 -764 701 -15 -768 220 858 -533 -537 101 -619 754 -885 -915 -568 -850 784 636 577 -27 -20 -817 -500 157 411 18 -111 986 369 83 133 -880 343 -419 -917 -163 -122 967 -496 -763 -505 -751 -18 838 -709 550 -246 950 -878 988 868 247 -349 -771 -866 -903 928 -877 -504 284 -90 -414 -221 -82 -179 -750 -431 -6 720 -888 -886 -782 -347 912 979 230 968 -159 -621 -570 -869 -497 20 -90 512 -470 462 -167 -986 441 -639 49 741 -905 -806 -420 -908 -206 -729 -651 
350 85 -408 -3 -139 -803 -561 442 879 -809 996 41 -578 578 -41 52 568 236 -167 -84 920 -281 435 867 530 -532 -685 408 -696 -694 856 971 613 -781 -95 -859 883 411 -558 318 -580 8 678 490 93 572 20 976 -406 358 -247 215 989 -653 -754 104 342 -175 -505 791 431 179 -996 -988 -892 270 -366 499 949 -299 -499 259 -278 -555 -595 898 68 -788 672 140 210 779 -522 -459 -817 906 967 -472 723 -816 -642 -972 652 -530 -19 -274 -866 -292 350 -891 
-535 -77 86 -310 -734 845 -378 -492 -391 267 -436 -641 -466 -58 -11 887 832 -603 906 -290 201 -210 -468 422 -700 846 -575 193 425 859 -211 944 383 600 295 481 -44 944 600 809 691 343 -427 -146 -1000 490 -380 962 -697 638 -365 -694 322 -929 790 509 306 590 -634 584 768 552 107 -771 102 374 -103 -480 -545 997 -444 46 -86 -181 -415 669 -304 -487 -693 264 -332 44 574 368 -747 -749 575 -715 791 191 -623 -901 656 67 645 192 534 322 231 368 
630 -264 -947 -479 486 943 -306 437 -506 -224 28 -142 -828 9 -388 -500 0 402 -808 -294 -492 477 -34 355 -842 907 -879 474 -372 -662 -197 -838 142 622 -341 262 -128 -83 -483 60 507 -171 973 -245 808 975 -979 -922 -585 -141 105 -490 -942 466 717 -463 698 938 -296 -810 536 -963 524 182 389 -277 316 977 -753 -32 -264 727 -835 -61 -767 369 -118 -985 99 -943 -600 257 -461 812 889 -672 940 840 823 -351 158 245 -112 -494 278 943 -400 414 335 824 
102 911 -144 864 -366 -218 -318 -755 -546 -876 604 -286 -579 662 66 471 398 -862 678 238 618 -625 -342 265 277 -413 -804 781 381 831 620 -689 -192 983 -83 -610 107 -524 -598 615 135 -717 306 26 -634 807 124 -494 434 405 809 165 -549 939 253 483 975 -735 413 -682 367 -191 -726 959 876 -661 -825 543 -162 -447 -585 -48 -568 859 -107 -425 112 -997 150 438 -573 203 985 -506 -831 -65 -991 573 -412 -931 237 552 182 -534 -278 -729 544 632 671 -275 
592 904 836 -69 1000 -979 105 -611 223 330 -998 -368 563 -88 1000 -915 -950 252 -194 92 -754 853 675 131 86 -41 862 -689 -863 751 703 628 144 927 -269 -790 -688 -211 456 133 -140 -922 -612 999 748 555 -847 -675 621 -270 511 -58 -209 -202 -690 735 -195 795 303 -469 670 -185 624 154 -741 831 -521 -375 -700 -945 -840 647 286 -684 38 38 -130 477 174 496 -520 -170 -549 -499 918 39 -509 -810 574 -1000 720 524 984 -450 299 754 685 -195 121 844 
239 781 -690 -736 -919 -592 514 270 -462 -744 -52 -712 -662 375 784 430 436 -680 -653 702 982 -124 902 -198 -953 -460 620 -403 644 -243 -541 -962 -283 -209 642 -46 892 -592 737 -972 -168 402 -330 -931 -289 615 368 -924 -190 846 -260 19 -177 -802 161 257 659 -968 -503 -36 329 636 -268 848 940 -821 -433 -889 954 -549 -507 -426 947 -600 -37 520 -371 -601 275 510 59 184 761 -477 -183 -169 258 457 317 167 913 -458 -817 -883 304 -338 -232 -862 798 -705 
698 271 -945 -699 -865 807 -342 -167 -487 -760 733 -25 -495 -227 -812 -654 -953 -710 -337 -893 -418 684 -752 477 -398 -144 -261 -851 -711 -346 579 890 -234 -704 647 470 663 54 950 -755 110 -340 -52 -5 -555 -485 -305 852 242 -939 -446 379 607 708 608 434 -142 -633 -350 -400 -624 -275 -823 -379 -726 735 84 603 643 913 508 473 678 -446 209 169 289 -690 469 824 -282 -197 139 40 -519 -331 690 -81 -998 972 382 376 146 368 795 -264 -235 -926 23 82 
68 262 627 446 88 -713 460 34 525 -154 122 -773 -302 617 333 303 -365 -2 578 -261 -659 -369 157 -199 536 146 292 352 -206 78 -601 -457 328 734 -882 324 174 352 498 -132 410 410 -87 -822 -263 -504 -205 -279 217 -939 209 955 -90 -206 871 899 575 -351 929 -999 -880 -890 -746 981 -264 764 243 650 -237 58 -110 223 -617 -308 -443 302 10 715 -712 609 704 -125 -537 769 477 -501 -560 180 -73 -372 -587 -731 -16 737 -93 526 357 158 -277 -576 
277 40 -53 424 -644 245 267 294 824 185 906 673 -155 -315 192 -626 -341 377 184 236 458 -933 -160 -419 -213 658 -668 -7 764 -53 -1000 -346 314 525 -342 686 -349 -758 755 -295 33 29 -84 -925 807 -256 -851 680 -544 -44 217 -677 826 -658 -21 557 764 -869 218 -721 827 984 843 -370 803 178 -613 -149 587 -69 414 473 -318 -748 340 -146 238 927 527 492 -669 -273 -888 910 -208 548 537 624 60 -916 220 -656 -30 -915 509 775 752 -988 -22 302 
-568 435 -245 -885 -133 -518 865 -95 -618 -196 498 -759 574 432 355 -400 -188 497 140 -376 -405 -183 -423 -279 -180 958 -826 437 -846 311 390 -468 852 502 620 552 248 590 444 539 972 -284 364 -271 -340 200 50 -844 -92 -329 554 -537 104 252 -444 -529 575 529 262 704 -770 572 88 -899 -206 -193 -16 70 -249 -180 -137 -304 995 -487 339 476 -359 691 -492 348 -264 143 -499 -328 -785 -837 286 575 -686 -9 -875 -627 859 448 -692 129 607 521 110 229 
445 197 599 -217 -278 133 259 -778 459 -835 -457 967 366 -13 -281 -413 36 -855 975 -597 -966 -996 -723 -576 -272 433 -582 901 679 121 -259 -743 -602 304 961 -329 -291 -339 -218 736 683 857 -775 -58 -445 300 -802 -554 -244 -825 -664 507 -110 -226 54 375 971 767 -498 916 -125 -555 -614 981 -823 -860 510 694 857 -240 -656 360 795 -140 -659 -211 -491 -331 397 -165 -252 317 -589 -388 -911 958 909 137 137 204 812 -472 665 616 717 -812 803 -418 -707 577 
223 -887 236 435 307 688 319 726 351 98 -350 345 276 -725 -251 -594 115 512 -43 -772 439 -355 -355 974 849 657 -985 -801 -676 571 989 71 812 685 -882 397 -181 366 -212 639 207 -204 669 407 -71 242 -541 944 182 65 578 599 -817 190 -823 -190 -862 -562 -994 -870 961 -676 -468 891 -842 282 223 436 88 463 666 -35 -219 -636 -215 -140 43 114 -895 -446 224 606 -39 874 -271 -293 488 -785 -591 930 -391 -801 -90 -986 371 975 522 -381 364 153 
-556 742 -587 -273 959 -821 532 37 982 617 639 -684 -779 -172 -408 47 200 -971 -493 667 -669 921 992 -591 687 -955 -264 31 852 -989 605 -601 -996 963 -202 628 542 -757 870 -378 -51 930 264 132 271 -396 -610 650 -278 133 593 -898 690 288 -362 -13 782 866 -777 989 -799 485 -257 -357 -778 700 -108 942 -960 -894 971 255 -619 180 -566 564 -185 -340 53 322 931 211 420 403 535 -332 290 -317 689 257 -600 -238 627 -472 -516 616 -660 640 621 759 
-881 170 -395 -943 973 961 -54 305 475 -231 -271 659 -163 447 -585 578 485 208 57 988 569 -152 802 530 84 -802 -444 -781 359 395 693 285 454 232 210 -291 209 -382 -509 -62 -403 -880 -444 183 550 -720 788 640 234 793 601 -276 541 -637 702 821 731 -715 624 -691 -1000 -462 479 -320 200 -241 960 520 598 -529 -509 -594 656 -563 -969 -414 778 560 -981 99 415 936 -991 878 -484 -415 -535 981 176 776 -54 -389 -300 555 -645 -939 -862 -257 -587 -837 
-644 -815 161 -442 415 728 429 -916 -735 -270 -858 923 -519 139 -302 -804 -538 581 998 -924 719 -652 48 -985 -791 -408 942 52 -836 596 780 -885 443 54 624 -809 13 -28 498 -607 529 791 -311 688 730 53 -27 -410 -358 207 276 -315 891 -659 -248 -319 -411 695 792 160 350 571 994 -984 813 -697 -117 -312 472 -915 630 -113 -943 609 704 944 136 305 920 -291 -645 -560 714 -495 -622 -13 869 634 -519 -151 696 855 -638 757 -258 278 -668 -508 845 -327 
951 155 -151 776 -155 -469 678 948 -972 -913 542 750 -645 -735 -898 -187 326 680 -511 172 727 504 628 -953 563 -5 793 277 52 559 318 -753 -386 284 15 -248 478 258 -266 897 -24 913 915 36 362 615 58 -810 399 509 356 -996 365 -574 -605 659 -936 962 -266 615 -482 -795 495 472 -136 440 974 -846 808 281 -783 98 -568 -651 -622 -238 -364 -59 -53 297 -971 510 937 -729 795 168 908 -887 -139 119 -22 400 859 -430 806 718 -88 287 849 -974 
-556 690 -975 -179 67 491 946 -326 588 114 -863 -622 -272 546 -734 429 -459 -50 355 -580 -349 -601 19 -994 -422 -945 -181 -447 -244 -596 167 351 -843 -135 988 -489 -729 -852 -893 -433 820 68 -270 -875 -992 -988 -499 226 617 885 486 -806 290 890 652 -548 -54 -475 838 431 -461 982 -7 -207 659 84 88 307 -521 -674 -333 -377 721 -499 58 65 -309 -762 248 -200 -704 -395 483 -930 -272 -168 33 -307 715 -647 739 324 -637 -404 -726 -237 -113 889 889 569 
-424 488 430 387 48 239 -512 235 -382 -221 -151 16 -680 551 131 -767 532 -933 205 -892 953 -826 525 599 -739 -453 -565 233 306 50 -430 -148 -611 -143 343 -164 -131 -237 553 -434 -89 251 268 733 -41 -233 -457 657 689 -708 -305 -865 -459 874 64 879 -238 -147 -877 87 -490 5 53 -846 -990 -423 215 -655 954 -150 409 -42 -687 -180 322 377 -597 109 -108 -215 478 -866 48 221 -788 381 65 935 -980 -108 118 -704 -120 594 -954 -972 176 157 857 138 
125 -992 174 -228 741 -858 -539 181 482 341 286 -521 101 -837 -288 -90 105 672 867 -774 -422 -985 377 -244 -655 207 619 315 -501 497 -600 -53 -22 175 495 -561 -125 -403 433 -716 17 -158 -525 -97 -507 483 301 -177 -733 -69 267 812 227 351 -275 -484 -98 260 -780 11 -955 789 -788 823 686 -172 -380 659 734 715 -682 192 540 -12 419 -26 55 102 -811 -12 733 921 590 607 -642 -567 -463 971 -285 567 -712 -424 -344 649 385 -241 111 933 104 136 
-155 850 -169 -908 -984 -884 169 -891 836 770 -811 284 593 454 172 -790 131 558 220 -80 243 939 -354 -38 933 -399 -236 50 37 -74 -777 157 148 -155 -570 -286 389 -725 -707 -626 637 785 -26 -449 55 811 -813 -118 901 -111 70 -156 386 815 426 96 608 -397 473 473 -101 380 -702 -258 78 128 -193 483 -971 -139 827 -275 224 -268 676 -344 7 -138 -773 189 -442 383 329 118 847 -423 246 505 824 934 775 863 -471 449 -638 398 336 -439 528 850 
110 779 597 -116 940 -350 -660 420 -43 -504 -793 -532 -338 -166 -830 478 516 -151 166 603 418 510 38 289 -959 609 -584 -537 -85 109 -657 -512 652 899 -975 134 -346 -595 9 -40 -100 853 -519 393 904 -469 276 -902 -750 333 918 -907 371 -692 -249 138 474 -803 598 -963 -865 596 596 -320 -294 -361 -76 -141 -405 -284 -62 -509 742 -741 403 764 -408 -532 887 106 308 -543 -483 648 725 383 838 490 -744 448 -336 265 708 34 -838 -154 54 -248 -393 729 
-463 698 26 -148 -54 945 -834 487 69 127 257 -566 353 908 -777 -438 508 802 -715 -956 225 -79 19 -144 279 -992 893 851 511 -854 692 -727 405 -630 69 -716 624 -663 514 -663 906 751 209 354 -854 975 571 592 864 -377 -714 -542 786 -616 200 -122 -940 363 -753 -573 27 920 129 -812 -896 320 335 -287 321 152 803 -960 431 -999 494 -617 -73 -422 409 493 -902 -434 -82 684 164 -824 532 616 -541 -178 666 -115 242 219 684 828 -45 516 84 -630 
690 830 522 305 -125 -831 83 -503 880 -811 84 849 -730 -117 321 308 -611 -564 -364 -458 -176 661 -909 665 244 155 -423 974 -713 151 681 145 -396 -290 -559 -365 735 295 -421 -557 -325 380 -648 -507 164 -31 -772 647 -944 -546 -178 -846 631 641 -702 715 803 559 -551 757 -735 -654 -854 -371 213 -164 -49 -31 -328 282 -125 -253 141 355 179 739 -548 597 -812 554 -387 -208 -811 239 44 -445 -576 809 -48 455 -376 237 209 410 770 711 71 -158 48 769 
227 -335 309 -571 996 597 676 -473 704 135 712 570 -589 933 -34 -657 396 -403 -714 -976 -586 -414 705 -596 414 -126 252 922 876 -640 892 530 625 -500 731 -543 -325 822 52 983 -59 -709 737 -87 586 329 579 -458 120 838 -753 -466 -878 -564 -619 -777 -634 -657 62 -24 636 -786 -414 -431 603 -844 598 999 -923 -917 714 276 -926 371 -288 -610 112 -497 20 -883 -470 447 -180 172 -202 49 -184 -494 279 791 764 839 337 609 -51 -408 -181 752 442 -867 
956 339 -913 -897 -302 -19 509 271 144 -723 -621 -940 -484 -174 99 -915 902 -884 634 -648 769 52 889 737 645 -694 241 -291 -547 -469 496 -294 173 -412 -50 322 567 352 -140 -297 -799 230 -715 -373 746 110 891 -898 107 -379 994 -149 779 -122 -928 578 379 -468 -187 -734 -141 -917 464 -507 86 -462 275 -197 -25 992 367 308 -645 -67 384 705 -336 545 -919 293 -799 -482 -211 -145 450 383 691 -936 -185 -829 532 381 -50 -584 -681 409 95 790 686 -256 
124 -415 -105 201 201 -483 -829 -215 -198 -102 -733 -790 257 724 724 -748 -817 -668 3 130 -866 418 490 44 -486 56 48 -119 -331 -295 -473 889 316 -334 318 645 721 -886 210 322 947 423 736 -169 -501 -458 -947 -479 -866 -950 -11 -829 403 -506 -991 310 -142 -613 -377 -545 -440 -543 0 817 283 -85 -534 278 -790 355 182 -995 -879 361 -99 -662 -197 157 -325 -478 315 -128 -407 951 553 502 -400 507 -171 390 808 -979 -384 582 -810 806 88 -161 524 466 
-208 588 -463 420 -603 -655 744 -25 94 524 674 842 -941 777 217 -307 -753 60 702 -264 114 306 200 -61 -943 862 -113 435 99 -164 -25 -933 -464 954 -775 -966 -586 840 823 746 -686 -282 245 -981 259 -33 278 627 -400 18 -102 328 24 256 814 -144 412 -11 -722 285 -24 -653 402 516 -920 604 -38 -886 -463 890 471 995 -601 -923 219 640 -406 -326 217 179 -757 224 -966 -399 102 -744 -280 381 896 252 620 -846 -230 -83 686 473 -141 -524 552 -438 
-972 -550 -846 -585 321 946 -779 -497 40 809 -331 -316 -780 -194 -304 415 -639 717 244 -338 202 -471 507 59 -716 -661 503 524 -770 131 735 -48 853 31 -402 -107 -425 795 -997 186 -929 -150 -620 -215 312 854 580 -342 851 845 -931 804 -339 953 -534 -952 106 552 192 918 -756 -590 -207 -476 -231 904 836 -297 -220 -832 -926 105 -5 -223 223 330 573 -506 -275 1000 -915 -894 -889 534 -742 520 104 258 330 -156 -100 228 -176 -863 -915 883 -198 -877 -269 -99 
172 447 18 108 663 445 -660 -785 172 756 -211 91 -478 10 -649 -937 -612 748 999 -401 316 -716 427 941 -270 511 182 -568 631 -3 -315 718 -112 851 675 308 -262 -288 552 -431 -891 623 15 163 -284 -742 931 122 331 286 720 720 38 139 -173 -155 799 -170 -479 -479 -549 -499 -503 918 39 -814 -747 499 328 133 211 777 16 -99 -32 301 -717 190 -322 -837 25 -822 519 537 -638 376 414 -384 971 -464 -103 -73 624 959 -125 -196 605 -13 -344 802 
-518 -458 -440 276 363 846 -403 -609 835 -702 -352 984 152 -932 -305 -886 -909 -60 -558 979 -842 402 -330 -217 -850 -790 340 150 -418 -349 -12 -626 751 82 -132 -264 -522 350 74 -435 55 -142 -52 51 -956 450 590 556 -239 -728 333 -271 -604 -916 -40 782 -425 910 598 -390 -985 -640 658 828 867 -181 339 671 -25 81 28 -593 -89 -462 936 -680 801 527 578 -267 420 170 -419 -288 814 -874 -195 642 187 597 -338 729 -25 -495 -227 -893 562 -669 -481 875 
-710 -135 -337 545 986 48 -752 -800 -603 180 -938 -358 -346 -921 -537 165 470 -677 -84 -840 -87 248 110 -340 721 -79 -52 604 -525 -605 451 852 -943 440 51 926 -829 574 -366 708 155 423 -468 55 757 -916 -124 -217 981 787 89 326 -284 -441 -902 -48 -823 -61 786 338 -347 -948 389 -752 744 824 443 726 317 -717 294 599 972 -477 687 182 -918 681 -225 128 159 990 -816 -515 -264 93 -885 408 -233 -560 -319 -475 263 -354 898 766 527 -871 190 -495 
-989 86 603 -817 -541 752 -448 -988 -308 108 136 364 -110 -80 285 393 62 -254 -696 -766 -143 -339 446 126 126 -880 -74 -961 -620 989 -893 -291 465 -164 157 869 -302 -623 333 -966 268 -702 135 -278 627 -485 589 -444 301 906 -29 335 -69 -329 773 387 584 -206 -778 -618 822 -115 254 -234 -933 -106 378 273 -284 -212 -514 -145 -552 -132 636 294 -700 -605 -708 417 557 -785 -194 -448 -537 217 570 35 631 213 783 -18 -935 313 698 -528 683 498 167 -400 
6 663 -197 -392 -945 -563 -428 -935 148 -264 -902 702 827 -414 929 622 483 934 -345 673 760 539 -45 -650 427 957 -193 991 453 -748 347 715 675 350 527 492 203 484 -22 735 259 268 459 -455 326 829 805 -915 110 -334 -534 263 -916 220 85 521 320 -30 210 849 32 -85 -9 859 -123 -244 -577 623 948 425 966 548 -160 191 -369 334 -350 517 962 -973 -501 -283 -999 498 -688 -680 -375 679 -789 964 -993 -443 -252 -617 -376 886 -480 -480 -934 -183 
291 -147 -583 -31 -510 454 467 349 -303 441 -940 446 878 931 972 -192 63 -178 852 746 620 552 620 552 -715 -715 444 389 539 -195 -235 -914 647 -643 -345 58 -117 -748 268 806 172 583 -92 -329 -125 -416 468 434 48 37 -149 137 -16 -175 -959 -10 621 561 704 -69 100 -568 -588 -304 163 322 -151 -145 524 -752 -142 244 920 -53 -906 -197 -189 -41 217 -93 -41 -449 759 -188 673 -377 -946 -973 -492 967 465 -264 796 -365 967 -978 796 146 -588 581 
-442 719 286 -640 -498 366 811 522 682 866 -131 791 -350 648 575 -692 -299 -660 908 583 -421 110 -496 -904 -354 223 -169 -712 197 -533 310 -186 552 546 578 -246 -189 -189 -189 -835 -457 707 705 -681 -479 -176 -522 384 -435 691 670 -202 477 -824 -100 -597 -889 -966 614 -723 525 -86 865 -618 661 482 -475 -687 -422 39 304 350 -968 -873 -985 777 867 -287 236 -340 -330 4 482 558 40 -526 -58 -478 196 224 -555 -737 989 -931 386 -244 448 839 444 887 
-30 -868 -784 -712 549 54 -447 94 497 663 640 356 -965 -71 566 916 -692 644 -555 580 -877 655 648 -823 192 583 -32 -844 694 477 141 -469 515 452 500 949 -625 -219 -848 444 657 -491 162 162 788 -808 153 238 164 -803 11 -388 -483 -924 -294 648 909 424 561 847 812 812 665 616 616 -163 -782 239 546 -285 701 -460 -822 544 -34 255 -887 141 -239 403 363 -799 -802 -557 901 622 -141 -989 -661 385 792 -879 438 773 609 -281 -407 -11 236 -483 
11 869 -878 90 -992 439 -141 -93 535 -712 771 239 -120 958 88 -24 -991 -969 342 117 -24 420 -78 -708 -511 222 100 588 -377 -938 400 663 -3 633 72 827 -185 80 -671 -425 381 -16 -396 985 -54 117 -999 -570 792 -456 -484 -562 895 159 -865 441 -444 434 -682 -522 -203 852 -106 289 -799 -694 -716 -2 -916 285 -265 -357 -540 -86 736 372 610 -441 896 909 -34 -222 -501 -374 -646 270 -775 -322 880 -214 619 -749 -485 -264 178 -214 -565 882 7 -24 
