-241 103 -120 652 262 -918 -24 842 -178 -746 965 653 931 -945 633 984 339 386 -746 -508 637 815 468 -212 758 -808 137 -961 -61 -939 -3 -559 -158 101 366 -682 -644 405 23 542 -203 28 230 -245 -773 790 195 346 204 -364 -185 -664 397 763 -631 587 945 -684 459 500 669 498 835 462 -598 4 855 781 707 -918 483 -224 567 686 -407 992 639 122 -887 -776 68 905 -293 730 -120 -416 -957 -437 -888 771 887 893 440 344 -942 -141 911 -17 400 665 
78 400 559 -465 146 -217 -926 -887 -142 702 527 -580 -242 923 615 554 331 814 101 -455 -53 73 -952 -843 -850 195 548 -298 -477 989 761 52 -248 500 -631 -337 -971 -687 -23 -844 -535 113 188 307 705 -686 -942 -758 -846 -437 928 453 -476 -526 -690 633 -949 902 567 772 611 44 396 -97 -604 849 -301 -955 -177 -688 -427 870 110 -487 203 211 765 461 -49 -66 -373 340 954 -830 449 190 223 -254 745 460 -723 -475 -314 661 -561 347 -418 448 -286 647 
-727 595 -238 -463 902 -425 237 -838 687 -296 167 -398 -95 -210 99 318 -188 -538 -908 458 -600 259 61 29 -893 -620 -487 -99 112 -873 173 -912 455 150 337 -529 769 -182 491 366 -279 357 -821 -438 -626 -496 337 770 -45 -447 -604 -181 -828 -285 375 375 332 -714 555 938 -903 657 -808 -246 870 281 -449 657 -649 728 5 862 473 512 -88 99 48 89 763 207 -106 -91 788 627 -748 -128 -774 601 -987 658 -33 -961 67 304 175 -780 -754 -68 -865 -399 
514 203 -777 789 421 -464 -182 -572 130 -787 844 985 933 -52 -435 -431 -438 -332 118 -851 100 546 -456 78 -554 -226 -19 -768 405 783 404 -704 -229 -757 914 920 335 629 -711 -635 43 -571 467 720 903 863 441 335 673 -45 -67 702 77 -74 110 198 -783 -725 -375 -904 961 640 426 -446 -534 134 505 891 762 188 -668 -630 216 63 43 423 -762 -363 -31 -356 -481 718 -453 912 795 208 -629 937 297 -311 213 -534 865 422 773 -770 -317 480 -302 777 
880 620 264 258 -957 434 -318 -604 879 -232 -882 754 -184 -394 510 785 -517 178 351 -677 -917 -935 -965 883 -458 81 243 442 820 85 -977 -433 298 774 -772 130 614 -169 -36 220 698 847 -708 -378 -4 -229 771 -581 478 -502 101 170 247 585 -347 -920 918 -998 943 532 886 -853 637 -50 230 916 -198 417 -487 621 -560 441 -108 -77 -890 235 735 945 -933 -17 -934 -492 33 -123 146 731 -288 -26 -88 170 359 -394 -671 511 -409 -56 74 648 -788 -365 
-120 -915 -359 592 763 -339 -24 191 -848 19 -160 806 708 384 617 -622 -895 -579 -419 404 29 582 -152 433 542 -367 807 -923 -122 -336 611 -580 -686 289 -429 -828 673 278 -603 658 647 293 -955 -646 -119 911 700 -892 291 -94 -259 -584 -973 248 -637 64 -550 470 427 -62 -854 393 -707 -560 -306 16 -346 -462 -547 -444 -91 54 287 13 -561 28 -816 -352 303 -329 696 -252 -608 946 -275 319 -426 841 -499 552 391 292 -9 -100 -967 -415 197 478 248 637 
-549 -715 102 982 -299 -50 -170 478 -232 235 398 -765 -217 -349 364 -257 807 -447 548 818 718 232 -459 451 307 -199 62 174 -274 910 337 955 -975 -325 -537 39 -782 -766 89 -601 753 410 -391 359 -86 707 47 -425 411 429 -302 935 576 -584 734 -597 -403 -728 -919 -697 160 567 515 91 -167 -93 -207 496 -296 -365 231 350 210 -31 175 -179 94 530 -819 806 -302 -706 59 -64 -228 -109 721 775 -526 -702 -416 -68 -241 -660 237 796 858 -796 401 -495 
-289 248 -254 311 -886 -432 -782 -891 95 268 451 589 -13 -46 -930 464 -292 112 -160 359 135 579 89 279 -636 -202 299 821 18 -174 900 -492 -814 -896 134 -56 620 819 -96 -583 -173 745 423 907 44 -651 -372 311 -865 -858 301 -681 343 107 -664 296 781 -4 785 -274 988 7 -145 151 -490 781 -395 583 -612 302 567 -612 -285 -631 -865 525 570 -458 478 345 -386 907 402 546 519 144 -85 111 769 56 -914 962 855 -886 -550 -627 14 -252 538 -134 
-241 -974 30 -691 -31 379 618 336 755 739 -474 -622 -107 -951 206 -934 -810 313 -782 613 -569 611 -402 -353 -672 -988 250 238 -52 -582 601 -800 -716 356 918 -917 95 -567 455 -412 -170 813 -668 467 328 -980 680 -911 -21 26 -945 455 776 584 -563 689 -901 523 -308 203 -114 -672 228 766 637 754 -20 920 57 -414 156 425 740 186 38 -802 -54 616 592 582 -659 253 0 477 -582 -851 660 -368 951 109 431 807 -78 -669 -257 457 -732 743 -439 572 
262 265 -821 878 267 990 -720 -798 -876 736 256 102 454 489 -35 256 79 188 436 873 -636 431 -107 -882 -386 -553 -859 -722 413 -528 357 -165 -172 598 -698 -516 -111 -286 -897 667 -356 -880 -195 176 185 54 339 687 -226 -844 428 960 -433 -970 -868 -546 -91 184 -233 -214 883 120 636 -610 61 -968 715 747 286 770 686 -250 -178 466 531 453 980 -693 473 371 467 -610 220 678 494 -968 -28 123 837 -377 -741 741 -560 891 406 -445 -810 -183 -959 -318 
-832 841 -137 -574 -428 209 110 -918 -139 288 498 939 376 -153 -564 67 -584 317 775 499 284 -394 -119 728 420 -150 -114 -8 926 -788 -115 -465 950 -627 486 987 -741 -26 918 -316 -776 -735 56 4 77 221 -605 228 22 -1000 -29 -487 -813 290 233 818 89 -258 -444 36 -170 -631 -390 -304 -40 11 493 -543 935 256 -931 -223 -265 -403 685 949 -806 234 576 -826 709 548 584 -585 -337 934 -944 501 -38 553 -457 797 662 -190 -611 928 -190 823 -66 484 
-795 -125 -291 -84 -616 -452 -956 -235 373 -693 -247 317 578 -690 793 214 269 -327 477 -833 694 -701 92 -28 -486 -311 -313 -766 273 -910 -775 -420 -803 175 930 0 -587 851 -886 935 -433 638 -570 -424 -466 975 -478 -745 -132 -349 504 958 84 264 457 -402 875 -734 195 841 -658 -977 710 -71 -158 -313 -402 832 -837 454 -304 391 -788 -106 473 -401 691 -109 256 719 -734 717 -853 668 -180 -976 668 693 686 195 87 456 810 260 606 -725 547 -248 -630 438 
-293 -814 266 -519 14 190 -494 -538 569 243 -185 -754 366 -505 943 125 -929 909 109 -728 -309 -849 676 962 -733 -270 -609 -885 737 -743 407 -104 -460 933 -328 937 -809 119 645 -391 -120 -386 -462 73 113 -562 -984 -259 -796 -84 -710 913 43 -10 -271 12 175 -109 701 608 68 71 -246 -771 -58 906 733 -809 433 -274 265 960 -283 373 -403 -680 -763 -256 -822 -254 431 542 -265 715 59 -883 -239 -514 821 886 937 -397 -980 -524 704 -528 687 116 -408 888 
-975 -813 449 813 157 -782 996 183 512 -23 -221 646 616 318 -422 81 -715 919 36 441 76 116 -3 -999 -927 788 616 -688 767 -461 -658 834 872 -701 -539 847 -580 635 935 44 853 -559 7 -291 -984 590 -739 -594 391 246 -742 697 532 -660 -587 801 -886 873 -205 -121 570 250 129 745 -979 165 -407 -314 -321 882 -148 378 677 -25 953 -850 944 677 -27 480 995 256 -145 -96 287 -922 -904 389 -19 200 543 236 291 -656 -200 70 -353 763 -20 -463 
-312 145 -53 -162 267 -5 -782 -538 -545 344 -283 394 -958 669 710 -564 756 769 45 -45 528 -310 927 -249 654 -571 209 653 -21 101 825 682 -416 92 -453 48 -48 -750 497 939 641 -150 -227 -454 965 -130 -994 82 365 -186 -443 -608 250 870 565 -281 527 -463 784 -699 -132 -218 246 -667 212 -599 966 -692 -252 495 -713 -586 572 223 -899 203 -190 684 589 -736 637 327 -628 749 -655 86 431 562 76 -967 -513 -399 336 -118 770 -683 -678 620 -363 -176 
265 308 -156 458 149 834 617 845 -215 -842 186 558 528 -635 525 -428 -343 -288 -729 -644 -291 -567 -987 -544 112 988 -555 -281 2 813 837 56 -615 497 324 236 377 -597 864 683 613 599 -891 124 -712 -834 893 -372 871 -186 -918 68 993 363 -338 623 -216 178 783 -833 -174 349 -121 -376 -28 -997 948 573 10 898 835 392 768 397 975 -410 -840 -702 514 19 57 -406 -541 -463 -913 -140 106 -238 -479 625 -479 129 -287 850 930 -338 -112 684 -637 -653 
660 -230 383 -919 -333 -271 802 -229 -278 -128 472 -964 -498 -749 278 61 -211 25 -733 499 848 821 612 -249 -502 814 -637 566 -176 -245 587 694 339 177 38 -880 -208 -461 957 -913 -636 446 -204 39 121 -869 -109 424 -758 221 805 -26 -312 -315 -543 -246 162 -592 -935 194 -287 776 465 344 -147 -330 -831 -667 -895 827 747 584 494 -86 512 176 296 425 285 131 -859 -106 -729 909 690 333 735 313 958 129 -419 589 93 90 -660 -787 -682 471 -385 879 
495 -155 -876 -352 679 -896 8 -179 741 867 -704 180 78 597 -562 -525 -892 752 811 -432 -464 340 -33 -587 -654 -949 -813 -789 -128 -548 391 -440 445 788 461 -616 -574 484 530 701 767 -839 -150 -872 274 848 280 -347 55 928 -940 -937 -348 -946 442 -397 -614 -515 -126 149 -232 -635 -78 -651 987 -478 335 58 546 -766 -250 349 788 176 -141 -952 857 -627 -422 -180 -548 -792 707 -507 -405 -807 -814 3 -210 -928 -852 -857 288 746 840 890 -344 22 36 -860 
-597 -907 -480 -897 317 -461 -577 808 -480 727 740 677 275 -87 969 -631 191 587 614 994 207 -129 846 -821 452 -606 776 -941 -657 -544 -414 -532 67 -456 714 -633 -287 -216 694 -943 -188 -314 -25 -911 57 755 466 122 -951 517 373 757 22 268 -903 207 695 21 -383 -130 -267 -595 225 458 938 -648 -906 430 983 529 -40 463 -960 -310 -252 -582 -959 -248 881 795 -962 609 812 -838 -738 -327 -14 -130 370 -443 354 -329 850 488 -958 -855 461 -262 529 364 
776 -539 789 -320 -216 80 -156 421 626 270 -919 893 820 619 971 889 -318 -471 -260 -991 -753 523 -627 -361 -753 549 -408 -134 252 192 768 405 890 485 207 -335 -431 -103 485 100 -589 188 -506 109 180 737 616 -27 -336 117 -519 -746 784 -118 -30 -156 620 996 -912 602 942 987 -844 -284 -638 -701 -901 -955 -691 -927 -521 -911 -265 919 -358 466 901 -398 -845 671 -72 612 -905 -891 717 -633 -15 -559 -80 -27 60 -932 665 -522 138 874 -959 -700 845 -676 
1000 750 -952 249 200 495 629 -326 193 313 502 -418 287 690 535 979 521 920 238 -913 -136 753 -667 -180 477 220 -942 -802 -780 556 -159 686 -103 -960 -116 -673 811 -590 651 21 27 770 -265 79 14 -504 -328 10 -100 -891 -916 624 530 723 -20 203 -552 -738 -859 -676 -828 -693 -380 -67 -398 374 955 917 607 717 750 -461 -672 50 407 -945 -369 -704 -118 272 -699 550 482 -463 870 814 53 50 -997 -433 -187 113 -187 886 -412 704 -822 -137 643 708 
-389 -736 352 -929 -473 275 -931 703 409 -56 -587 -1 -493 -326 809 -433 -773 -892 -645 -224 104 -89 387 -319 42 -522 -635 -67 700 91 266 -69 400 -771 -438 -493 -796 676 879 -703 -76 718 992 825 100 694 973 -391 790 -281 818 732 -677 545 566 -412 -864 746 -871 -720 -82 732 -375 241 72 -706 -540 748 -622 812 -948 586 366 432 610 689 -750 334 523 311 259 253 893 -147 503 709 453 -169 180 102 -48 -789 379 977 -261 -862 999 207 -557 -361 
-491 600 -665 582 -669 61 862 -341 -831 910 199 859 321 82 -73 -890 916 446 324 711 -717 -231 108 693 214 -510 -238 490 -859 -454 -591 208 -498 538 -886 572 465 251 925 83 -370 223 -555 -381 -880 332 831 203 687 -570 584 -516 815 -571 502 11 299 878 -405 227 -759 -870 814 48 -338 -184 463 823 984 -679 504 777 -253 376 561 -559 686 472 -643 -470 -919 778 -622 -251 -238 -771 -871 -51 -235 -116 964 -699 -270 384 266 -823 -358 -154 661 -160 
-791 241 714 -124 -779 173 -936 -568 105 -210 879 -718 -837 385 233 -759 -619 139 664 -1000 591 -471 450 593 667 458 491 -84 942 827 362 818 597 -183 743 -377 -583 278 809 778 799 332 686 -301 616 -464 619 70 -711 394 708 276 812 339 -585 402 -486 -705 -90 918 584 -385 510 648 44 -50 -985 461 -580 -778 -80 382 -394 -823 251 125 650 -938 -645 -919 -954 13 209 229 641 -511 917 -998 37 573 305 818 332 -759 -490 370 4 663 -813 676 
-516 -837 956 -295 16 -87 -617 508 -958 -25 309 765 683 -355 -597 503 63 225 -799 -536 71 589 -171 -92 202 683 959 -40 -753 -451 692 70 259 471 546 -63 572 -230 905 -100 603 824 173 331 -473 338 -219 -345 916 -531 322 112 -740 -807 -114 -578 -560 405 255 768 669 421 679 -566 815 947 316 732 267 454 -225 -53 119 -210 -981 -493 964 -279 95 -188 99 256 -260 841 -345 971 392 -423 832 43 -178 373 -806 -699 -650 -705 -115 446 -98 697 
-608 -954 -554 262 100 438 -918 -669 736 161 851 -746 -543 411 931 212 -566 984 339 339 130 -746 -508 208 637 815 393 -552 -483 -890 -831 -777 137 383 -705 -61 -510 99 -3 -410 -158 -501 167 366 -682 -644 444 464 -152 60 -269 -616 -672 -781 -245 853 78 195 -915 346 -96 338 643 323 -664 397 249 -631 -324 886 392 945 532 459 500 669 890 582 437 462 -598 -801 -437 -700 -916 707 -795 -855 -312 -363 -224 567 -582 -842 920 -472 481 -887 -382 -776 
13 -293 305 -80 -120 -557 -700 -732 -993 300 810 46 887 68 -115 932 344 -141 456 944 118 -276 665 601 78 497 774 607 -365 146 -217 -986 -157 942 -744 -190 191 433 957 -242 923 525 118 470 918 814 235 61 -829 25 -689 73 -174 -268 229 -603 -858 -316 941 -606 -606 989 497 761 657 -642 -630 -27 500 789 -520 243 -793 -877 -23 -844 113 113 299 -643 -622 -771 -889 -678 834 -758 -167 -846 -781 772 636 928 627 -501 -481 -881 -690 620 -949 902 
567 772 -663 44 788 -942 -538 313 103 849 -749 781 -955 -177 -980 484 49 155 -11 619 -849 802 978 -372 100 -364 461 24 -66 -373 340 954 -830 449 190 -372 413 -310 553 460 290 -723 733 -606 -475 1 687 -550 -561 472 789 448 524 -70 -536 -563 760 595 603 603 436 600 419 -560 237 719 -838 687 415 -296 167 -398 -95 183 -630 -210 99 318 -109 531 -466 -418 681 61 -176 878 624 -104 597 587 923 -99 453 215 566 -455 571 116 -912 -497 
455 150 131 -501 178 -893 815 -530 -530 -38 357 -737 -438 -878 -496 770 -51 -45 -780 -604 -828 -660 577 966 403 375 -834 866 794 555 938 657 953 157 870 682 556 657 -649 -44 -361 -254 289 434 -165 -822 99 99 48 89 -468 763 160 181 207 -106 170 -91 788 168 -194 -748 -307 281 -113 -983 158 -636 -680 -563 648 99 -889 372 304 -204 -551 -857 609 -68 -951 350 -399 514 -777 146 -903 118 -182 -572 -988 -107 -236 844 334 985 -978 -599 933 -100 
-435 -431 489 -332 118 -948 -521 784 546 81 -380 -508 -554 -170 433 -19 692 -967 783 -523 -974 -704 -757 914 -227 335 43 -378 -318 -378 620 -383 427 -799 903 46 863 737 -813 335 -774 673 -165 545 -67 -20 -511 131 -522 773 110 198 126 -725 -375 -91 -91 -777 533 -726 -353 426 -333 -116 -45 -363 -763 -735 -113 873 188 -533 -467 922 -115 320 43 -999 -953 262 -304 894 219 -453 79 428 269 -910 -421 266 718 907 492 -275 517 -223 -54 -639 123 297 
-556 92 -801 381 -917 -534 9 422 773 230 733 252 480 -302 777 693 -468 819 676 -449 258 -353 -178 -136 -552 167 265 -604 -806 -232 908 754 -184 -394 510 379 785 178 68 351 -677 -388 -241 -686 -588 -3 -3 192 513 -535 857 218 -17 -87 -331 846 -170 115 656 536 -624 774 846 809 -783 101 -83 412 -61 47 265 1000 -582 326 198 -457 107 852 -602 705 347 19 -908 -592 -300 -117 118 -935 -685 -959 645 -34 442 820 85 -94 -977 -799 -463 -716 
774 -991 -422 182 -26 -169 -36 -207 220 698 297 847 -708 -143 -357 862 -364 771 478 940 -370 101 376 422 247 585 -347 361 141 272 -998 943 -710 788 886 -853 -248 637 -50 230 -863 -899 -198 273 621 -560 441 -108 -893 740 -442 -979 -987 198 -205 -924 150 -600 -934 -492 577 -334 -432 -231 -604 -288 524 645 359 -394 -923 511 -478 -56 -817 -814 242 993 -700 -120 -915 346 462 592 -339 -829 553 -848 -38 40 -804 -481 708 391 355 -824 -971 -461 -895 -579 
-419 404 29 373 -716 -152 433 -649 650 387 -777 -199 -717 -336 -822 -580 531 326 -429 449 -724 -141 106 309 -547 465 647 293 -589 -646 306 -41 401 461 -912 700 53 -892 965 -693 176 -403 -685 -584 -803 82 415 -637 64 -214 470 407 -439 -62 372 -261 393 -413 -413 -370 505 -398 187 671 -455 -32 -156 -909 958 -885 -561 934 552 791 -816 -531 494 380 282 -424 -262 696 -252 182 -687 513 482 632 417 155 -426 -295 841 -284 238 238 -521 215 -741 921 
143 -9 -100 -95 -100 -95 -778 -415 478 766 -920 -809 -549 823 -120 102 -534 -734 -50 900 -334 478 -265 344 512 -107 -992 254 59 -349 364 626 807 264 -670 -6 -43 577 232 -459 182 182 451 330 972 -884 -833 605 -274 856 114 -857 -747 -961 782 542 -325 -537 -700 -495 -766 89 -915 -582 513 -391 -737 -436 610 -710 939 -425 411 393 652 -302 -266 -381 935 576 576 -584 -30 41 -70 -403 823 -441 135 -219 -441 642 576 892 -973 -431 -49 249 -725 -296 
-365 231 -477 210 344 969 -879 -179 942 671 -819 -302 -706 668 891 -823 -109 721 132 507 -194 724 -870 -416 -722 -786 -12 -614 -149 237 588 796 -770 -778 858 4 418 39 -495 147 248 -771 592 -58 -886 -557 -432 -782 -891 235 885 -391 468 873 589 -505 -514 -224 359 857 564 225 -659 171 139 -43 567 359 -750 135 -812 89 279 -790 776 299 182 18 -174 886 900 -115 220 0 -123 574 -896 -859 -563 -970 -739 830 -985 237 180 -17 506 -96 -126 914 
-134 -636 423 907 44 951 634 382 371 -925 301 622 505 343 -239 -664 296 -208 -691 202 660 -846 -587 -110 988 -786 -166 7 248 -145 -808 316 340 781 -679 -395 314 -64 -612 434 811 -186 901 756 -865 751 848 834 -458 794 573 164 345 -900 907 -75 -456 546 519 144 -85 111 620 56 -914 -309 962 -412 783 -80 643 755 -112 -35 -622 33 -951 -934 -18 -846 -319 -782 -642 -248 -300 845 658 374 -772 886 -799 -677 -456 238 -52 -582 1 548 -800 876 
-631 918 -739 95 -567 550 -170 -81 -955 -426 344 -980 -946 442 -687 -21 -596 -546 -945 -996 455 -755 480 18 289 -954 -901 219 -140 -598 -72 -58 -392 -331 242 -580 706 754 792 -256 -459 920 292 -131 -849 580 -90 469 -223 521 -639 583 -88 -54 616 -829 90 582 -842 327 938 764 41 -646 -767 -767 -847 -987 109 611 -242 363 -78 -669 848 -555 -440 -732 -901 572 572 -509 -321 529 -450 -476 -821 -685 878 50 449 738 660 -80 -798 -876 -170 -853 256 32 
-68 489 -282 -35 921 256 879 -462 436 873 772 -636 667 -761 -882 -386 512 -859 -722 -528 357 -661 707 844 678 -261 419 -698 -714 -588 568 -559 -286 -897 418 -356 413 -195 473 421 -921 54 52 -966 339 192 560 560 -273 616 477 -411 -433 -868 -546 -319 184 -267 551 -38 -350 -759 381 636 504 -610 130 4 533 -735 -388 747 286 770 747 770 686 -250 -178 -680 974 671 149 453 -43 980 -968 473 -850 -756 -25 -610 -356 -484 -331 494 688 379 639 100 
355 837 -839 843 741 -560 304 -645 -467 -810 674 21 430 -848 -832 841 -137 902 -225 570 -166 209 110 -918 -139 119 -448 965 -244 -564 192 -851 -902 182 -42 284 -949 -394 -829 -119 574 728 635 72 -150 -114 562 632 912 954 954 422 -147 84 794 -627 -27 965 760 987 -351 -771 221 413 -283 918 -737 -587 -735 248 56 175 4 -165 -605 228 -5 -898 640 -952 991 -437 -487 -813 -22 290 233 818 257 -258 132 524 -223 -258 -346 36 661 -631 108 -325 
-304 268 -40 -495 -998 600 -529 935 256 -931 -223 119 946 -736 949 -806 -933 234 -64 -826 -220 -84 -478 935 785 -359 -585 -337 -126 -626 538 -485 250 -45 -212 925 152 275 648 255 319 -190 823 -66 -795 -877 701 -321 -84 237 -452 589 -235 -146 373 -812 -59 -786 317 578 944 -868 -756 -47 -373 601 112 477 -546 224 694 -701 92 92 -28 743 109 -396 -313 587 467 -41 580 -280 -775 -420 -803 175 -471 0 -604 -587 -902 -886 935 -128 288 -108 638 -570 
-424 -424 -466 -597 -478 -745 932 739 504 496 -266 309 264 -489 -174 901 706 -22 -9 -734 -423 195 841 746 -75 710 386 -71 231 889 137 -992 -306 -837 454 -670 -684 379 -788 861 -106 -148 -842 92 -109 256 719 596 -564 -852 86 -653 904 668 -180 -758 600 787 -25 -121 643 -651 -698 772 87 -629 -666 810 -860 19 -725 547 -248 -759 -311 -268 324 -814 173 139 552 528 14 190 981 -21 106 -699 -538 -976 -542 -754 -861 -505 -390 -853 -548 578 -169 205 
-671 -225 699 -290 962 -664 -733 -270 -732 397 737 -743 407 -104 -359 -460 559 144 479 937 -871 -751 119 645 435 704 536 780 457 205 909 113 -456 -800 -259 -753 -796 293 -66 -773 -398 913 -326 -10 -174 -685 -271 -234 577 -109 701 -863 608 -264 -277 478 553 -771 -58 -665 -880 782 -292 -493 -556 -274 -965 347 -470 -470 960 -458 720 854 350 -680 -763 983 -256 -254 61 354 228 -981 542 841 -651 59 550 114 -97 821 886 937 -397 -894 -980 -27 -315 -362 
809 -528 687 -851 888 638 -975 -813 449 813 944 -247 880 280 288 996 714 43 640 486 512 372 -407 -632 898 -730 -422 81 -342 919 36 441 76 -3 748 -80 -504 -66 616 -534 767 -461 -658 834 -239 -545 -701 835 767 767 -340 219 516 -414 567 44 425 41 996 7 988 -868 -984 896 34 -119 -594 391 -800 -492 317 532 62 -587 479 801 -956 127 -618 321 85 -205 -917 -827 570 717 250 129 717 697 745 594 -386 -666 -407 -314 -849 882 145 -797 
378 199 -173 554 944 677 582 572 995 256 417 -96 287 890 -970 -163 389 -19 549 -725 -293 236 291 -656 -191 -835 794 763 -53 -572 498 -38 545 330 -384 -523 -162 267 385 -774 -538 -545 344 394 78 436 -127 669 301 185 208 601 45 -868 986 528 -452 -720 927 -588 203 389 689 -974 -751 177 -80 101 -13 -652 370 857 368 -838 489 672 48 -241 602 -23 -592 497 939 641 -348 -348 -227 -829 585 -877 67 816 -130 373 -237 -117 -926 -608 922 -302 
-168 -400 110 535 527 -463 512 -699 -64 482 246 -667 212 -919 801 977 223 68 -713 -586 912 263 709 571 -899 361 36 -981 583 589 -736 637 767 -665 -711 529 327 921 852 562 507 -902 -967 -513 -399 336 689 -118 770 770 -699 567 -29 -29 225 690 -28 -902 265 -685 308 901 -943 103 -470 -683 -246 -174 845 -215 -842 186 355 398 528 -307 525 215 -969 691 -729 -335 -644 728 -567 -987 -465 -544 536 852 988 545 -270 -281 124 193 328 241 332 820 
-69 227 -255 -964 -267 -628 -901 83 683 162 613 599 -891 124 -211 -640 893 158 50 871 -326 144 68 993 363 -211 623 -113 747 -573 -221 -593 -138 401 -664 668 680 881 230 -476 18 -568 -118 -952 -520 562 -85 96 -796 373 851 815 -905 -207 -410 483 -714 -989 -51 231 208 -158 -406 215 951 -913 -611 -486 -92 168 -73 734 625 -178 -263 -8 -718 325 -315 689 -78 376 -653 660 34 80 -919 546 -899 882 -826 165 334 169 -911 -431 -964 202 -749 401 
278 61 -211 444 -733 499 37 863 612 -249 -741 117 157 -637 532 566 498 -176 -651 429 587 694 775 -883 -343 -880 -208 -461 957 -913 -24 386 -961 -796 -296 121 -344 -109 -758 221 306 -26 755 -315 -285 -318 -660 162 89 -935 194 -287 776 -344 465 344 -147 -101 393 615 -667 827 747 -822 -838 494 -86 973 568 296 -274 364 285 131 -939 452 696 909 737 646 753 889 129 335 333 589 335 61 -932 -873 454 476 -954 -954 -205 -723 866 -247 611 -352 
107 -896 -417 965 -179 357 865 512 597 554 800 -718 -127 752 -697 524 -410 -799 340 -33 -392 125 -207 -789 -789 433 212 391 805 581 445 -671 -237 461 302 201 -214 125 -891 -564 -340 767 -721 -240 45 -788 -614 848 163 -481 -884 -912 55 148 -561 -940 -823 996 -155 -946 442 408 -254 -336 800 -614 -515 -390 149 762 -92 671 -890 -136 -78 -853 425 -478 335 711 564 -133 -561 750 -955 -766 -933 -250 -297 349 419 750 604 255 -107 857 -642 614 942 679 
-180 -792 -254 643 707 -832 -507 -405 -172 -807 940 266 -274 3 -197 -928 -682 -132 -451 746 608 358 158 -344 146 -23 947 -979 -450 731 3 -480 -897 317 595 -606 296 521 -577 -480 739 740 915 -848 -573 321 -631 -588 246 614 174 -472 790 -427 887 -515 -893 527 215 -666 -941 -657 886 -414 -532 67 -456 -454 -633 -287 303 -85 -665 -11 -188 -314 -25 800 -776 169 755 466 -152 122 -951 517 -659 723 -455 -104 191 -903 207 341 21 374 514 -130 474 -267 
276 -473 -561 458 185 -628 -636 -80 -650 21 983 -292 -792 -40 463 428 649 353 -185 -959 134 -21 314 -58 -175 277 -689 -891 609 249 926 126 -869 521 277 617 -41 455 -130 248 -579 -499 354 -329 -459 605 488 57 -424 -606 -958 -423 120 461 208 -262 756 315 735 776 -539 321 903 390 568 -216 -846 -161 -156 504 -257 -106 270 -781 -306 -596 893 820 386 619 971 889 78 -368 -967 -471 -9 -260 102 -753 -596 896 -639 305 256 978 -447 -128 -250 -134 
-388 -470 103 -139 652 262 100 707 -918 842 -60 965 0 -103 633 634 496 258 130 -746 732 208 637 -165 -878 815 -239 758 -808 670 -270 -61 -510 -303 864 461 101 521 467 405 23 542 28 -245 853 -773 790 346 787 204 338 -185 -664 763 320 886 587 -923 532 51 669 498 426 -598 527 -700 781 707 483 -781 686 992 639 -472 -339 -887 -382 68 -293 -80 596 -416 7 -957 -993 -532 -888 46 771 887 -42 -217 47 911 -558 665 601 168 559 146 
-313 -926 804 -887 -142 702 433 923 615 663 -138 814 399 61 672 -768 -53 283 73 -592 -843 -603 -858 -316 941 -606 989 497 98 52 -630 -248 446 -61 -793 -413 936 -643 188 705 -678 -942 120 -929 -846 -781 636 928 627 -62 902 -690 -949 722 1 44 396 -97 313 190 103 -749 -301 128 543 -657 -980 870 -390 110 -849 -691 211 283 461 24 -144 -373 954 -25 190 927 -254 -310 461 553 460 -912 470 -606 -475 -314 -446 -604 -637 -418 524 647 -563 -467 
-706 603 816 -463 419 -126 237 687 415 167 -398 -95 -117 626 -233 318 -109 458 -600 681 61 878 -104 587 213 923 -865 566 -924 173 116 763 455 606 337 923 533 815 -38 80 -737 -888 -496 224 147 -432 -122 577 -887 -166 -836 866 938 657 -345 -246 281 780 24 -361 5 795 -455 512 -822 934 -531 -163 -152 240 -324 -106 346 66 249 865 -380 -748 -307 281 -983 -987 658 648 99 -246 990 304 816 609 -68 -865 203 13 -932 423 -464 974 -107 -236 
844 334 985 933 294 -431 489 118 100 663 -456 -380 238 311 -739 -886 860 -456 -716 -344 -229 914 -227 335 832 43 -102 -711 43 467 619 46 441 -813 335 673 230 -67 -20 77 634 -74 674 -884 126 -725 7 -904 -777 533 -726 857 -534 -116 158 -763 762 -27 -946 -668 -139 351 43 -999 962 -762 894 -363 -453 79 654 428 269 -421 -481 266 456 -883 492 795 -223 796 451 -556 92 -311 -969 -846 865 -821 230 480 -333 -735 620 264 125 -178 -113 -318 
211 -58 -297 63 754 755 623 510 -463 831 68 749 -388 -938 -686 -201 -623 192 560 -509 -848 493 -541 -901 -456 -170 128 115 453 -741 536 -913 -624 774 128 -333 -402 101 -561 -368 412 488 47 91 270 -407 -850 -582 198 -514 59 -533 354 -156 -154 19 -908 -592 -189 -311 755 -688 -935 -959 -34 428 -94 934 983 -433 298 774 130 -282 554 -36 -207 890 297 -224 -808 -4 -504 771 -732 -160 622 101 -865 585 -347 361 918 943 -710 886 -744 -654 -373 -863 
916 834 -487 -490 441 -971 -77 110 235 577 -205 -924 -934 826 33 927 -123 -221 -764 -288 -88 359 328 -923 -478 -409 -56 -797 242 993 -365 -120 346 -359 -828 -829 191 -790 -40 19 -160 -481 708 391 -636 -824 -971 -461 -895 -692 799 -407 384 373 582 842 433 -367 387 700 378 -334 662 611 -686 576 45 673 -603 554 647 293 345 -646 -81 352 142 911 700 663 965 -479 -403 -259 -584 -973 415 -550 470 771 407 394 483 692 -261 -755 -413 -306 505 -346 
-462 -924 -91 -909 -561 362 791 -531 463 -352 -960 -342 696 -201 -687 513 946 -843 417 319 -436 -295 -693 65 -499 -521 552 329 -579 -229 -767 -100 -95 197 -208 764 -809 -486 823 -510 -120 982 -925 -50 -170 478 344 336 398 59 -343 807 -670 260 718 232 -459 182 307 972 -884 174 -274 910 186 -747 955 -975 -537 -700 -658 -782 507 89 -582 359 -86 -816 -853 -710 -250 716 -167 -266 -381 935 543 -967 -584 -30 -587 840 -403 -1 -618 160 -441 -193 892 994 
-167 911 496 -725 -296 -708 231 210 344 -179 -69 -819 -302 -201 -415 634 891 -823 -109 721 -863 775 -526 -416 -786 388 -378 -149 237 -159 -655 -770 -778 -796 418 401 889 147 248 -771 311 -501 -777 -238 -116 885 -391 468 709 -946 589 -800 -13 -623 47 857 -892 -292 -698 171 112 -480 -160 128 -540 579 279 -790 299 18 -349 -545 -115 -492 -652 -896 134 -634 359 -56 717 720 444 819 506 -126 -583 -491 66 643 221 382 -858 -179 622 -681 92 -239 -164 -726 
323 -513 -445 660 -274 -846 436 988 843 7 407 -310 724 151 340 781 -679 -395 314 762 302 861 -285 848 -865 302 834 -892 794 -147 175 -411 907 546 -147 66 935 769 948 -309 962 -123 855 894 -562 212 -273 -607 38 -792 -704 716 -866 -646 720 394 -422 363 960 892 -435 -725 -603 417 548 873 -51 -122 -877 -425 -22 -522 563 -922 871 -771 94 -364 152 19 -260 -930 -117 311 209 280 494 -469 -106 240 952 -705 -667 -675 554 -225 -859 -844 -468 -457 
84 103 -682 539 477 791 -938 -107 591 -25 434 221 432 861 -331 13 -672 618 173 619 843 -288 -213 814 199 642 -238 398 -722 736 671 -367 -700 259 -335 254 362 127 365 -998 142 803 -366 796 -628 611 642 254 -586 -767 -169 -627 -226 -800 755 475 -622 -951 223 -911 409 -192 -904 -778 845 -814 -402 -988 588 -456 -23 -582 601 -687 -631 759 -917 -517 718 -484 -426 328 680 -911 -687 -21 -546 -945 455 -755 480 18 289 -901 -698 -308 -122 -672 -502 242 
637 754 189 -493 -20 -467 334 57 -849 580 156 469 -987 256 -818 853 -54 -829 592 155 582 -842 737 253 -205 764 477 -646 -767 660 -281 -368 109 -319 -242 363 -78 -221 -875 457 -732 -901 154 -509 265 -450 -476 -685 878 267 -720 660 -952 -876 -170 736 857 102 -68 843 -282 921 256 188 436 209 772 -636 431 961 -339 -859 225 357 -165 -3 -172 601 598 419 -698 -588 -788 -111 -529 288 667 -356 -735 -195 473 -921 54 -966 339 408 192 560 -844 616 
-411 -111 -868 -91 -233 551 -214 782 120 636 378 -610 -87 -968 989 -735 -388 747 770 -747 -146 453 -101 -986 -968 -850 -756 -610 -356 -484 -331 188 688 379 724 355 837 784 -741 799 304 -645 55 406 -445 674 21 430 -221 -848 -689 -137 902 570 -428 110 -139 -469 498 939 -102 67 90 182 585 284 -394 -829 638 728 635 69 -8 926 912 954 -841 84 919 -627 -27 760 987 -743 440 -26 500 918 982 -316 -587 248 56 175 77 -165 -605 501 22 640 
506 -428 -29 -437 980 -181 290 233 257 -258 350 132 -223 -258 -444 -170 854 -390 -304 -691 -396 11 493 -529 104 -931 -140 -736 -976 234 -64 -826 -220 667 709 935 -354 584 -841 -626 -257 -485 -38 -45 925 152 -190 648 928 476 823 -66 -795 -877 701 -84 237 -908 213 -693 -59 959 317 578 -457 -756 -47 -327 477 -546 224 694 -790 786 724 743 -74 -311 -766 282 580 -910 -728 333 801 0 -771 851 946 -785 424 -433 598 367 432 -597 972 -478 165 -132 
-927 504 -336 457 -174 901 706 875 -656 393 -423 276 -809 -602 710 844 801 889 -929 -837 -670 379 -106 -148 -831 -401 256 -130 -562 -787 826 54 -53 225 284 -30 -951 557 902 -35 -742 4 321 -609 949 -637 -231 287 -409 908 916 -30 621 -46 456 -996 -346 -178 572 828 149 974 -493 98 -817 776 949 -840 -93 242 891 -88 -312 -277 -913 964 -596 547 -988 274 -633 -135 388 -564 717 -853 -642 927 -180 -758 600 -25 -149 686 195 450 321 -708 810 -860 
19 -861 -499 -759 -311 -268 324 173 266 552 528 14 827 981 -790 -494 980 243 -754 -861 -42 -929 109 205 -849 676 -664 -270 397 -76 283 -641 -741 -460 144 763 25 -809 -106 645 704 536 263 205 73 113 -800 -928 785 -944 293 -84 -773 -398 387 623 -10 -174 12 -109 -863 99 -773 68 -769 -246 -267 154 -665 -880 782 -809 -274 347 146 -470 960 191 -283 854 -403 -157 4 559 479 354 228 -981 542 841 296 59 550 875 821 397 56 -954 -119 -524 
-362 687 116 888 638 -975 -813 -925 944 -782 -721 714 -542 640 486 -23 646 -632 318 413 -342 871 -602 -530 748 16 -587 26 767 941 804 834 -545 -701 274 -539 978 -580 516 -462 462 -170 853 -506 7 988 -868 -984 34 734 391 -742 697 473 532 62 -587 801 284 -618 321 85 -917 -827 717 250 745 -969 -666 31 -849 882 -148 677 -912 953 944 -908 -213 898 187 -145 528 -970 -163 881 -725 986 -150 -656 -191 -835 763 -53 -771 187 -296 545 -53 985 
-162 -838 -774 429 394 -573 669 185 274 -564 769 -220 -252 -868 986 479 -310 927 -249 654 482 -838 827 -21 383 -845 -13 -652 370 674 -416 -838 -453 727 -48 204 -750 -884 893 -222 -348 81 -450 585 -877 -730 -626 -130 82 -117 -443 922 -302 870 565 118 -281 535 -463 -699 -219 246 212 966 -41 -713 263 223 -899 869 -876 583 684 589 -736 -254 767 -665 327 749 921 494 562 76 -902 95 -817 718 689 -118 810 -699 567 -29 748 -28 -176 265 317 -521 
458 149 834 -174 336 106 770 398 525 215 691 -644 -435 728 -210 -465 -544 -543 536 852 -902 -715 813 -70 837 56 -615 -69 497 -784 -964 236 -901 683 160 429 -369 -640 -372 -159 -326 144 56 278 461 -338 -216 -729 178 -664 -833 -138 819 680 -376 -225 252 -568 -118 -952 -525 573 -822 898 373 392 397 -410 -20 -67 612 -855 -828 330 -521 173 -680 -253 -333 -480 -600 28 714 278 -208 549 -575 75 -259 300 799 41 891 -526 -164 736 -898 772 358 -25 
-787 0 613 -138 -173 -616 459 947 -647 966 -87 932 535 -259 54 -336 151 -621 -368 512 -285 -924 161 798 851 -702 152 514 57 -542 -463 16 -611 -486 850 -92 106 -479 -479 129 893 850 876 285 175 -78 322 -38 660 383 368 -957 -271 165 -228 -278 219 651 920 219 278 -211 -733 499 848 510 827 -741 814 370 -637 532 -9 -176 -245 587 128 339 -883 -343 -880 500 -306 -913 -909 386 -796 121 562 349 -26 937 -315 112 -246 -592 720 326 584 344 
97 -305 393 166 -895 804 882 494 275 296 425 -506 -106 -729 690 -926 158 55 -178 -419 93 -660 -932 -873 454 476 -954 -205 -876 913 679 -764 965 -179 357 78 -954 800 -718 -127 367 524 811 -410 -464 -203 -654 -207 -370 433 212 391 805 581 -960 788 696 200 -616 -214 125 530 -340 524 -721 484 45 -788 157 163 -90 -347 -763 -974 -670 -670 459 -348 -155 -946 876 -397 -614 -515 149 -92 -635 -537 -651 544 433 335 335 -409 58 546 -766 -933 -154 88 
349 419 309 -5 -141 -952 -100 -627 614 -94 -792 -254 370 353 -832 541 792 -613 -222 -897 266 90 -210 95 -928 -682 -132 -451 -534 890 -103 146 -23 -860 38 3 -480 705 521 317 -461 514 573 808 -838 275 -87 -697 191 587 -22 790 138 -499 -200 -606 -666 620 -414 -532 -456 -287 -216 -943 -11 -956 -321 -911 57 508 -152 838 466 373 22 268 -903 -158 -319 -745 -383 -107 490 -267 -595 840 458 -702 -648 -259 -789 737 529 463 428 649 -427 -972 134 314 
795 277 -962 688 249 926 384 765 277 -109 -621 536 -443 -32 354 -459 605 488 -424 -958 -885 585 208 756 315 735 926 321 251 -554 -846 -161 504 -106 -781 -306 -178 -130 386 -933 -972 -881 -318 -967 -9 -406 597 523 -627 305 -753 549 -134 744 196 373 -25 990 -907 723 992 -536 274 397 -221 746 462 558 -9 -339 494 234 -271 270 195 -380 -746 285 -135 -296 917 620 996 800 847 654 942 -5 -945 -664 333 685 311 -968 -691 752 -911 -265 919 -358 
466 901 -398 -845 671 -72 612 -905 -891 717 -633 -15 -559 -80 -27 60 -932 665 -522 138 874 -959 505 326 415 -534 405 949 -745 265 -405 355 -329 193 921 -883 970 -190 552 190 -978 706 399 -947 -766 -456 -616 433 -795 -60 426 -418 -935 -124 722 -551 -542 -529 557 -822 795 44 -264 293 293 73 839 706 -647 -256 -279 -160 10 538 710 -916 217 382 101 -257 715 -850 -885 -691 510 73 279 980 91 -211 374 219 -715 772 -831 750 -730 -920 441 407 
-91 128 -621 -35 -504 -885 567 -766 -535 100 831 -982 -997 853 -187 113 264 -807 395 -666 564 -224 -963 -192 708 -36 291 820 985 191 449 -931 -599 -452 118 8 86 -262 -981 705 299 -420 -308 -224 104 -89 -946 -319 -866 57 591 416 356 -153 -702 -26 230 -315 -403 590 -573 -757 879 297 -381 718 -173 -172 100 -362 916 -789 707 -653 -171 -593 -515 526 898 409 -704 156 621 738 794 972 367 220 72 859 -319 585 -185 -267 146 -272 846 212 -578 -167 
866 282 884 -288 -877 -455 157 -147 695 442 -844 -104 387 -95 -619 823 379 843 -905 -398 -526 68 784 269 -944 -665 582 -77 975 900 -20 328 -876 128 522 636 740 -599 421 953 -817 -937 -467 -149 -992 715 604 -208 -520 -734 490 -365 859 31 -34 -767 -438 -252 366 780 -335 707 451 -651 126 748 -880 332 268 203 -696 -841 744 -521 -676 -140 736 -86 -475 -868 974 -955 -759 -870 689 -900 -460 461 -184 -843 984 -679 504 159 -604 -240 617 -916 -699 -828 
103 -954 -609 -295 262 100 17 -669 -669 800 851 96 -543 411 -295 633 634 496 339 386 -649 732 343 -560 138 256 30 393 -239 -212 758 -777 519 670 383 -139 -939 -128 864 -410 461 -501 -116 167 521 467 444 464 -141 60 -203 28 460 -245 784 -610 790 195 -915 346 -96 204 338 643 265 405 397 -631 -324 886 392 -923 532 -684 459 500 228 -483 582 835 27 545 -992 -700 184 847 -918 483 734 -781 620 489 221 39 -561 481 -339 -642 -642 68 
905 674 730 596 -416 7 -957 -993 810 372 771 68 -51 -105 932 -702 344 -141 -141 456 911 118 -558 -276 618 78 -729 -833 -465 146 -313 -926 -733 -887 -142 -757 527 433 -336 553 615 918 -138 461 -400 -455 672 25 -544 516 -174 -592 -441 -850 195 548 -298 -606 438 613 441 -351 98 -555 -964 103 -27 500 789 -61 -520 -971 -23 -844 -535 -182 -643 -799 -889 425 -503 -465 120 -929 -343 614 -781 -519 636 928 627 -4 -481 -881 -690 633 -949 722 384 1 
-663 787 788 75 313 103 -749 -301 -955 -177 -688 -427 484 155 113 110 619 296 551 -691 211 100 765 461 24 -144 -66 -721 969 954 -830 -283 -607 -372 413 327 745 848 460 290 470 733 -475 -314 -491 -561 -418 524 -70 -563 -467 595 603 -823 816 -138 902 237 718 -838 687 415 -296 167 -398 -95 183 626 -233 149 318 -538 -908 -62 259 -176 25 -197 878 -893 597 -916 587 923 -99 -386 566 -455 173 -912 -912 -497 606 70 150 337 -501 533 769 -182 
491 -530 101 -279 357 -821 -438 -438 -626 -496 337 224 278 -51 -432 736 -122 -828 -285 966 247 750 -836 332 -714 555 938 -903 -673 402 13 575 -856 281 556 -259 24 223 -361 5 795 682 434 -822 934 -531 -163 -152 89 763 -324 -674 -909 346 -91 249 665 -380 -748 -128 281 -774 601 -636 658 648 898 99 -889 212 372 -204 -551 -857 609 -68 -951 -399 -94 203 672 -59 -910 -464 974 -783 130 -787 745 -263 -765 -978 -978 933 294 -610 -978 -978 244 704 
550 372 -948 784 989 81 -380 238 -508 -170 -886 692 -413 -456 -523 -271 -64 -393 920 -227 335 832 629 -102 -378 -635 43 620 -383 -799 619 903 863 737 -773 -179 -599 673 -128 230 204 -511 77 634 -74 674 -884 126 971 -725 -375 -91 572 961 640 -726 426 -333 -534 -116 -45 -451 448 -735 -27 652 188 -467 -115 351 320 853 -953 962 894 -363 -779 79 428 -356 -910 -421 -481 718 907 -453 912 795 208 -629 -54 796 451 699 -801 -650 -163 -534 865 -821 
773 -770 -317 480 -333 777 880 819 264 125 258 -957 -814 -113 545 265 -58 458 63 908 176 755 623 -639 -302 -463 831 68 68 749 -313 -241 -686 -286 -201 -3 192 461 -509 857 -423 566 -331 846 -170 468 925 656 536 -381 -624 279 -333 -402 267 -266 -561 412 -61 47 -903 270 -407 -998 326 -457 107 852 59 47 -8 -154 19 -65 -875 -641 938 -130 919 -935 -965 883 81 442 428 -73 -94 934 983 -834 774 131 -422 130 -282 -26 -36 567 -207 890 
297 847 317 -224 -143 -224 -866 -748 771 -727 -388 586 940 -370 622 184 170 247 585 -347 -297 -920 -280 -351 -710 950 886 -744 417 637 369 -50 450 -340 -899 834 -48 417 -591 621 81 -248 -971 740 -244 -338 198 486 945 -933 -17 417 826 33 -123 -400 -725 972 -288 -26 645 -123 -81 -394 511 -478 -409 -183 -817 648 221 603 -348 855 346 446 517 592 -339 -339 -24 191 -848 -38 -439 -160 806 -128 517 391 -636 617 -622 9 -692 -579 -407 384 373 582 
660 -152 -458 -649 650 807 387 -199 -122 -138 212 327 -686 531 259 -429 -828 673 278 -603 658 554 647 -766 -14 -365 -81 -41 461 -871 -877 -534 663 965 -693 176 -22 -403 -259 -584 -79 -803 248 415 -21 -214 -879 771 427 -305 -732 483 372 -854 393 -707 -413 -867 -370 16 -398 -462 -547 -32 -702 -702 -156 958 13 345 934 28 -816 -886 49 -352 282 -424 -329 696 -201 -687 513 482 -408 240 -607 -436 -295 814 319 -499 -465 928 573 -741 218 -767 -100 -95 
-100 -967 -415 -533 478 766 -920 -711 -486 646 -715 -120 102 982 -299 132 -506 -170 -597 -265 344 -663 -122 -765 -217 -349 364 626 -281 807 -447 -6 818 718 -647 -719 -604 -806 -806 -248 -199 62 -833 -833 680 -763 910 337 -71 782 -894 668 646 210 -700 868 -782 -766 -766 -280 89 753 -282 -391 -737 -86 -816 -853 47 -489 -250 393 407 -167 506 515 543 576 852 864 -383 41 989 -474 823 -919 370 160 -441 270 892 -802 -167 -93 -207 257 -296 -501 231 -686 
-740 969 -491 942 530 672 771 361 -706 479 668 -228 -226 -41 -896 132 602 -526 -870 -416 -502 -241 230 116 237 -159 -655 227 -778 -934 -208 401 -485 191 -999 -513 592 311 -501 -777 -238 934 -116 958 95 537 -310 468 709 258 589 -800 -13 -224 -46 -930 -994 -659 112 -480 -160 128 -540 135 -812 -848 279 -636 -790 -315 821 18 613 -545 651 79 0 -123 -896 -859 130 -634 -56 717 -985 -189 819 506 949 570 914 -636 -491 66 66 44 -626 634 371 -858 
-179 622 -681 92 -239 -164 -726 296 -208 -691 -351 -274 273 436 988 843 -245 7 407 -310 724 -808 415 729 -679 199 552 -64 -669 -944 434 -278 -285 -631 848 -556 302 -176 570 -458 573 478 164 -411 -900 -830 402 34 -147 66 935 620 511 948 -914 622 649 855 -886 643 -784 -800 755 -112 800 -35 276 -993 -951 206 223 329 -144 -192 -233 -904 -778 -569 611 658 -772 319 886 -799 747 -456 -296 193 1 601 -687 -889 -716 918 759 -917 -612 -517 243 718 
-536 -955 -426 346 -946 -911 693 142 -596 327 568 -996 86 584 -563 689 -596 -901 -698 523 874 -997 -672 -331 640 77 886 754 189 792 114 -20 -467 334 57 -849 388 156 425 -223 521 -753 -572 372 -802 977 -470 -205 155 582 -772 -659 327 -182 938 477 -646 -767 -851 -767 -847 -368 -455 -319 431 -998 -851 -112 823 -221 -875 773 -732 743 -822 572 262 -602 265 853 218 -616 -106 878 267 990 -910 158 -952 533 509 736 857 102 454 489 489 329 897 -760 
-411 -442 879 -462 436 209 873 321 431 961 -882 512 -859 -722 -115 -207 -661 -3 -172 601 598 419 -4 -714 -387 568 -559 288 -3 -682 -712 413 -287 176 185 -728 544 -966 -874 687 192 560 -844 616 -989 960 -433 614 593 -760 864 -176 -149 -214 782 883 316 -904 -779 504 -969 -87 -474 387 715 747 286 307 747 307 770 686 -250 -276 974 531 453 -101 -986 -311 -693 473 371 -756 467 -610 169 -356 678 494 -968 -28 379 724 642 -95 -377 843 760 741 
-560 51 891 821 -816 -810 -183 -959 -318 -848 -689 -765 -574 902 570 -428 668 110 856 -714 521 -298 939 376 -153 -564 67 -584 317 -902 610 499 -42 -871 -394 -829 -119 174 891 635 326 69 -430 -8 632 -493 912 954 55 84 794 -362 -627 -27 395 760 987 -743 -741 65 413 502 756 -316 -776 -587 -735 248 56 4 77 221 591 -92 501 22 640 773 -29 649 -31 980 775 -22 -728 -699 818 257 89 132 524 810 312 -958 661 854 623 953 -304 -60 
-396 -998 493 -543 935 -371 147 -223 -265 -736 -146 -976 -933 234 531 -826 771 -220 709 548 785 -585 -141 -841 -126 -944 -580 -843 -210 553 -212 797 662 -192 -190 648 928 319 476 -494 328 -602 484 -125 -291 701 -84 237 -13 -908 -956 962 373 31 -247 -786 -646 506 796 -817 793 214 269 -327 477 -833 -284 -609 786 92 724 743 -74 -33 -766 -725 467 580 -18 -775 195 -803 -618 801 248 -877 -933 851 -886 935 -785 424 654 898 -189 -570 -424 -466 766 -597 
972 -478 -745 18 -173 739 496 496 -266 318 -489 321 -174 901 574 -22 -656 -423 276 -809 746 -977 710 386 844 231 -158 -313 -402 -306 -426 -187 -670 -684 391 -788 -23 -106 -148 396 -401 174 256 719 -130 -67 -787 843 54 -53 284 -195 -30 -951 902 307 -825 -972 4 -173 -609 949 -637 -95 932 623 264 302 369 -154 573 -198 -770 928 -102 -884 689 -58 977 -695 -351 -412 568 776 884 -558 941 -744 242 891 266 962 -802 -913 450 -566 860 -119 274 -687 
961 388 -564 -852 -754 86 -982 -642 927 -180 -758 -104 61 787 681 -149 -651 195 450 87 -708 -666 -771 -860 19 -725 -499 -759 -311 438 -293 -814 351 266 -519 -178 805 190 192 -790 -494 580 980 243 342 -267 366 -505 -42 125 -853 909 578 -728 105 -849 699 -770 962 192 -270 -609 737 -76 283 -641 -552 -496 752 559 479 763 -871 -809 119 833 435 435 704 536 245 -927 -993 909 -456 -259 -928 785 293 -84 -710 913 43 132 -98 -174 -271 -770 175 -109 
-863 99 -773 -277 553 -597 466 -665 -880 -880 782 -809 -556 -274 347 -470 351 -403 -458 720 452 -403 -157 4 474 -256 61 354 431 -981 542 841 -651 59 -883 -239 114 -634 -937 886 397 56 -954 -119 -27 -315 -528 941 -851 119 888 638 340 -66 -813 -925 813 944 157 683 -721 714 896 101 -177 434 372 -407 616 318 -422 -101 -715 919 871 -602 441 -530 -3 -999 -927 -66 -587 616 26 767 941 -461 -658 969 -545 -787 835 767 -340 -953 219 -414 -462 567 
44 425 185 -734 988 576 -461 590 -119 489 -594 624 216 -492 697 570 -660 421 479 -125 -777 284 873 284 791 -205 -917 -827 717 250 129 250 129 -661 594 -386 -666 -900 -407 -314 840 534 -148 378 677 -25 -173 565 -908 677 572 995 256 256 -145 528 -98 -922 -904 571 -697 881 549 543 -150 -293 291 -601 -200 -835 -353 763 -876 -20 498 -823 -296 545 -53 -523 444 -806 267 -5 -538 -538 429 260 394 78 -958 948 -339 301 710 503 -564 601 -220 -868 
-45 528 479 -310 -52 -33 -588 203 -789 291 -66 -583 -21 383 -845 -13 -652 370 682 674 238 -838 -453 48 -241 -48 204 -750 507 -839 939 641 -348 -927 -450 585 -585 908 -130 843 365 -926 -512 612 -806 -168 565 110 -281 -735 -604 -871 189 -636 -64 -218 312 -680 -599 -587 -783 -252 123 519 -586 572 709 571 -899 361 36 290 684 589 -736 -254 71 630 327 529 749 146 86 852 431 507 -967 -513 -513 718 -199 66 169 770 -683 -678 -29 690 762 -686 
-685 -521 -156 458 -470 488 -683 617 -174 336 -388 106 355 558 528 -307 824 -428 -969 -729 88 -644 -291 728 -210 -987 -454 -543 867 112 -414 -902 -555 -715 124 -518 -70 921 241 -255 820 227 -666 894 854 -596 377 83 864 162 458 429 -891 -442 -712 893 893 -372 871 -186 -918 144 56 278 461 -338 623 -216 178 -221 907 -593 401 -664 680 843 881 252 -987 -997 141 -952 -520 -854 562 96 898 373 835 815 -38 431 975 439 -840 -20 612 -828 330 -297 
-521 -557 -253 547 -333 -68 -365 1 -450 171 -749 -164 -208 966 -277 -2 -962 84 300 682 330 21 -369 -930 -592 -121 -898 -993 -25 986 0 613 -138 -173 -182 -303 805 947 -638 818 -425 809 535 -461 54 -675 -336 -621 118 -524 799 -988 102 -144 -196 851 -702 152 -51 19 57 -259 -542 -993 951 -611 -473 -140 -226 -489 -238 -73 625 -940 -205 129 893 850 930 325 884 689 -78 322 -8 -653 660 -230 -304 856 546 882 -826 165 334 859 -786 472 -964 202 
920 401 -901 278 -868 53 -733 -530 499 863 510 318 -249 -653 953 157 271 532 -9 -176 -651 -201 587 -751 694 775 177 38 -277 650 198 -461 -941 -638 -24 -204 39 121 -869 140 562 -758 -758 221 805 -26 -312 -203 -286 -318 -472 -239 162 -592 -935 194 -220 -287 776 -228 175 693 -147 -101 -330 865 -667 827 804 882 584 494 -440 856 512 821 -634 -274 290 -506 131 -859 696 752 673 33 737 -765 158 889 55 129 335 244 335 61 -787 -682 471 -385 
-954 -363 -775 -155 -247 867 679 -764 208 741 867 584 -463 -954 800 -718 -127 367 524 -410 -374 -464 -886 -203 -654 -949 -789 -128 -548 809 391 805 445 445 788 461 302 -15 -574 484 -891 530 -340 740 -839 -620 182 274 -614 848 163 -481 -347 -763 -974 -561 -670 582 -823 -155 -946 876 -888 -397 -161 -614 -690 30 440 -390 149 149 762 -92 671 -890 955 150 -853 425 335 711 335 -53 58 511 -939 253 -250 88 690 750 -806 604 255 -952 -100 -627 -428 -422 
-94 -392 -358 -96 643 370 -832 -507 -405 792 -613 483 -814 3 198 95 964 -852 -857 288 -68 840 890 -818 146 22 -23 -979 -597 286 3 705 -897 -568 595 595 573 -577 -708 739 -838 915 677 -953 -87 321 -697 528 703 721 -193 994 821 -129 846 -515 -200 -160 776 -941 -657 886 947 95 -809 -806 424 297 405 -633 -287 -216 694 -943 591 -466 -321 -25 -426 -776 -408 508 466 -152 838 466 -687 723 206 -455 -808 -196 207 102 -319 374 -383 -130 -161 -267 
