-742 -78 -168 -634 -164 313 614 -724 -299 229 412 -910 -159 -699 -674 522 348 88 227 -283 -235 -898 -408 811 602 -70 213 -917 969 824 -655 -457 869 490 503 776 625 623 764 621 493 643 -784 318 42 907 -459 243 17 -603 868 166 621 -672 -882 -174 -883 -83 659 269 -577 287 -326 850 -586 831 399 531 -410 861 328 -197 -328 379 988 -745 -581 788 -92 321 998 351 -877 -436 209 998 -730 -91 731 -398 -648 -817 -244 168 -523 -15 -645 578 -948 734 
505 790 807 188 538 -847 -699 426 -968 460 832 -691 265 -717 -45 -34 831 91 -471 -288 529 31 -268 751 -56 -820 -277 -147 -497 109 244 32 449 79 -543 807 -708 -129 -42 -760 655 -180 -883 709 612 991 -445 767 442 -406 -444 -25 -606 -171 -31 619 -925 541 278 -74 -648 -588 -118 -441 -999 609 766 591 263 464 152 266 331 -23 -969 -333 720 -928 -286 4 274 -483 778 -419 316 526 217 263 878 -455 723 -464 606 381 995 -721 -88 1000 739 81 
-388 -319 -813 675 -384 499 561 -143 820 -863 -911 -424 316 -194 24 -85 12 -691 483 -253 690 -620 -836 -753 129 527 57 302 -739 -435 881 -570 4 222 624 913 272 -641 92 -597 -280 762 133 -905 -72 -390 -629 -873 124 976 880 -15 103 -445 788 -698 976 333 785 -988 -207 417 -170 487 13 -409 431 93 -711 -854 -382 -484 -844 -18 -180 578 45 -578 0 960 -900 740 476 -732 140 -288 578 780 -323 844 900 -252 578 -674 -121 -267 -947 -166 -395 261 
-373 -90 31 -338 -317 577 -994 171 634 -179 638 -268 -562 -61 15 944 -864 -616 -110 635 17 -781 -82 -844 -84 -603 826 -335 767 -780 -962 891 202 -560 -122 437 -570 979 -231 595 841 17 -973 76 -253 -821 231 -940 931 679 -407 564 -753 -295 411 480 749 -148 -430 -358 -621 298 374 -658 -637 -582 144 -566 678 -861 864 -870 -951 522 -3 993 -533 705 661 -890 823 968 158 -750 709 -758 497 892 365 431 339 980 -915 -78 -693 946 -342 -164 -732 313 
614 -724 -299 103 79 -283 -934 -293 623 -476 -629 706 -308 -235 669 710 321 -110 767 -522 -917 824 -655 -304 -457 220 -102 -816 503 776 623 810 59 -270 493 -290 809 765 907 -292 168 -448 680 567 868 494 166 -672 -824 -762 106 235 659 -71 287 850 379 -753 45 -666 329 -527 -370 -328 786 -267 -745 -132 57 321 71 -500 -910 -877 -599 209 -730 -809 -416 -398 1 879 168 862 -334 -745 772 -704 999 825 -275 -582 -671 790 188 538 218 532 -19 460 
832 354 -955 -170 265 -717 -174 -999 91 -128 -239 529 -112 -994 -793 -248 -238 556 382 -300 -277 -462 693 109 32 -392 -543 807 -722 -329 -902 -42 -271 -760 573 -883 584 468 136 991 95 -571 767 442 -444 87 -990 263 541 -637 -74 838 87 -648 -524 -588 702 -137 -441 -819 -338 609 453 -246 263 -793 266 -23 -404 -988 116 193 -731 740 -286 -760 4 -691 579 -483 -597 -480 -82 316 -882 526 -462 739 843 -464 606 -454 381 995 -721 -75 564 345 905 846 
-388 425 -649 675 598 803 -513 -143 -863 -901 -911 -156 587 713 531 841 -691 7 -253 59 -233 -620 237 -682 151 57 302 378 -570 624 14 -924 92 494 995 483 -72 -390 -873 146 -754 -123 -377 220 -418 405 -902 242 -156 -357 -758 -194 687 -195 -814 631 329 730 -661 -854 -919 156 60 706 -734 -499 -123 12 -320 45 -578 -891 -905 394 -900 -952 476 298 -575 -457 479 -134 780 548 844 -769 -252 -203 665 -121 -494 82 -497 261 -431 -780 -10 800 577 171 
592 -475 404 -179 436 -723 462 -234 -639 -606 -326 -171 2 320 234 -577 -82 241 -844 -84 210 -769 -229 11 -929 178 -560 -122 -831 437 714 -681 -412 16 -760 -692 -704 17 -924 -253 -821 1000 434 231 -582 952 -783 117 -671 564 -753 46 -214 813 476 -596 480 -116 749 -148 -581 -957 -358 -891 -621 -509 440 -660 -615 -637 511 907 -32 262 -405 221 -971 -214 -951 -897 247 30 728 -60 -996 332 -677 -890 968 -972 -750 709 -893 -758 -181 424 -549 365 431 -466 
-897 -168 -649 -122 667 -153 -731 -331 361 -364 -713 -154 -856 238 -292 -710 911 420 806 -828 593 887 -520 -237 -233 685 -87 -591 -33 294 -352 617 1 265 891 797 -540 328 367 349 -655 -313 -320 -212 372 708 19 -412 304 -950 -6 -819 -773 551 321 -183 -254 -249 29 -997 616 278 531 204 771 -246 -713 725 -252 -306 551 -429 -358 -365 997 55 230 -908 564 989 581 949 545 307 -101 363 961 -757 -909 -953 -295 8 398 825 -978 522 229 277 -383 397 
-127 67 571 -548 256 -597 -987 -385 -56 771 74 -204 391 -748 -911 -859 -734 -178 543 604 -128 214 216 954 79 205 108 -89 406 -786 263 -160 722 836 -455 -613 260 888 -793 -949 -481 -986 -188 997 -560 -29 -140 -22 -263 -259 -60 309 -699 -220 604 485 555 266 -386 508 -601 929 -189 975 14 -875 -919 572 464 -455 -997 108 -582 924 -200 459 -522 89 966 -274 414 -640 -800 404 -537 48 -595 -933 -660 958 856 797 368 922 -762 -186 -30 -566 -626 44 
350 573 -419 335 546 609 867 88 -2 213 577 713 705 -854 210 59 943 -383 178 380 -765 42 640 -931 -79 733 777 419 3 -962 -44 -608 934 540 979 -840 -654 792 358 454 312 -677 917 -686 313 -14 599 -179 -651 -362 -159 696 359 -945 -344 605 -520 575 -891 473 -939 229 -521 457 451 -379 -162 -698 496 -976 438 -405 -165 -713 608 408 480 130 -79 863 -97 -420 168 -463 162 -811 -289 -6 612 831 647 -608 -547 -200 -9 -287 -260 -541 -362 809 
625 698 720 561 -92 -322 -9 -749 380 459 68 -130 987 649 -274 744 446 695 -108 390 -792 -542 565 -442 666 -498 582 -490 -972 769 226 -428 719 105 -554 869 -156 -52 -497 -162 74 876 -729 58 392 793 181 -746 -442 -932 51 -765 110 -152 783 -638 152 -327 502 -544 -397 426 605 451 -505 939 -735 -112 593 598 740 -661 -972 -744 -559 -628 -85 45 864 -509 407 276 98 431 171 637 -70 -160 378 -639 -433 889 -423 596 -71 -528 -891 584 154 -755 
-253 920 16 -658 -663 -334 -253 -943 292 -956 993 -308 -597 -78 759 -807 546 95 -538 -440 -432 -881 -160 -370 -14 138 459 -952 -451 -435 718 435 507 -491 702 109 -133 58 -126 292 -686 -466 -805 -369 -383 -172 -989 826 935 47 918 316 522 563 -10 -378 -595 -978 339 -908 257 281 -904 -165 289 534 928 879 9 361 -292 541 311 -909 -853 783 -529 11 -737 -100 -586 -520 438 -851 204 736 241 737 136 -815 174 -323 530 522 344 -299 246 244 618 -126 
332 349 -102 -446 -30 692 225 -365 -254 930 -421 -206 980 479 343 855 -36 -293 940 100 847 711 540 -92 514 403 -922 53 -310 -946 880 364 -793 -565 -561 707 712 -50 588 -448 142 -821 -702 -239 201 713 620 -341 874 -880 133 524 909 585 -152 -398 -884 939 -120 -976 845 -113 843 545 -847 -772 -684 -195 205 943 767 -186 32 -666 447 -652 203 -127 -263 -751 931 458 -209 396 -570 677 623 -987 70 -881 -878 -811 -660 423 -723 666 -215 443 -215 450 
297 -820 -737 419 -941 -292 301 986 625 930 -878 -890 -312 -259 -942 -416 -799 391 -316 -370 -220 328 -470 361 -930 430 -947 -409 -256 962 -442 -443 -844 -370 -776 774 645 226 196 259 17 584 -469 -72 -431 -363 439 -459 880 405 -979 293 865 -375 651 171 -436 961 -626 -481 -732 549 389 -973 315 825 -281 91 981 -31 753 525 -664 -39 -302 384 730 -522 -785 397 54 672 166 369 -744 -323 -665 -263 -9 -5 -760 975 305 879 336 -908 230 -139 -489 824 
402 278 767 132 924 860 613 -440 -108 773 795 -790 753 563 -260 -708 -907 863 744 -222 373 354 -507 -592 285 301 -900 -708 -293 604 94 -931 458 219 548 -85 -412 -64 176 -320 -187 893 -50 -114 -222 -50 367 219 -415 -909 -336 -458 966 148 -557 -714 645 -830 851 55 -254 544 -117 -429 -602 77 -971 926 -135 921 -34 -942 -376 -63 903 -469 311 485 -224 -663 276 98 39 171 -867 637 466 508 378 847 787 250 -433 -27 606 -262 -516 -502 584 154 
-315 304 -955 16 927 -663 843 -932 898 393 -565 -614 292 -26 664 -308 -153 -597 -31 27 -134 -411 352 546 718 878 661 -122 -160 -272 -664 347 138 -952 -199 797 265 -500 213 210 282 -769 696 121 -428 950 109 761 -133 -339 311 -367 -502 890 106 323 852 315 826 -747 935 551 781 -11 -173 522 -168 563 424 -595 913 -6 257 281 -92 -535 -235 915 -404 -38 33 712 286 -18 541 -214 173 -853 493 11 -781 872 -465 17 -520 815 438 214 736 241 
737 -815 998 -323 498 -588 -387 -958 -762 -723 -883 634 -126 332 349 -102 -147 804 278 692 139 -707 -254 -994 -428 479 855 -36 -293 -221 -791 703 -92 514 320 -922 -971 281 -946 -16 -119 256 -793 -82 234 -742 561 297 -358 -821 -868 265 -647 166 972 -268 620 -754 -880 133 -601 15 704 -520 -113 -694 -601 704 -113 524 -153 912 704 -694 909 585 -364 -352 -946 -434 -273 515 604 300 -899 -113 593 246 -417 -240 180 589 449 -690 -727 407 -186 815 -873 7 
80 -513 226 -84 458 -544 -209 -566 396 170 -345 281 472 47 603 70 976 312 809 -762 -660 -934 658 423 -538 126 463 -506 -925 297 -820 -737 654 -292 301 -939 100 625 -369 -762 658 -890 385 -845 -624 -416 -121 921 583 -294 -207 328 186 987 -995 -947 -409 962 740 236 186 982 -761 74 -776 -562 -972 -414 259 -747 17 752 200 -72 -363 439 -459 -129 -457 -949 498 179 -436 -370 -481 776 -870 -478 549 389 315 665 91 -31 753 525 -368 992 -39 -302 
-708 564 -57 -243 397 54 -732 248 -48 169 -74 72 -665 -263 -48 -9 44 279 -760 975 -471 336 -699 230 -139 391 -475 932 -863 997 -65 544 672 154 860 413 -368 -440 -108 -741 988 -790 -456 -201 -108 -708 884 -216 744 -222 569 354 -729 -592 -182 -325 -718 300 -293 -708 -293 -137 604 586 -925 578 -198 -277 -403 -64 979 -723 219 548 -314 -605 -412 -985 -64 311 176 -151 -320 219 -633 -786 542 879 -710 -306 202 -50 637 -550 -947 996 219 -415 682 -358 
-909 462 514 -23 -497 -434 -487 -315 -188 -986 -191 419 531 -228 -675 -689 -279 -407 986 742 48 966 -92 450 -650 148 -268 -986 208 -709 -379 -914 229 -785 488 94 98 -412 -261 887 -735 -464 1 -770 41 -785 653 453 -375 678 -502 -792 150 79 564 -359 330 115 -726 925 -999 -132 -813 -679 -824 -430 510 -10 144 -510 -173 47 -733 290 -683 -495 454 575 524 37 710 801 311 -801 -468 375 -273 146 339 -924 -660 588 383 -54 -43 -14 668 -723 299 -665 
401 990 -771 305 -106 -258 -826 -514 963 -483 926 547 -409 -292 -333 839 103 -434 -664 -932 -624 -875 -585 -417 15 -689 -420 -415 417 741 621 -4 -843 -555 -796 297 220 -897 -374 662 934 0 -381 -318 657 -267 631 -999 922 -231 -781 659 -714 -985 561 -597 -107 -779 735 77 70 664 122 594 -740 262 148 703 -614 -248 422 -820 20 -191 232 301 486 794 525 275 -818 306 955 -999 501 -985 -217 -896 -616 -378 507 -874 -998 -839 -534 977 -453 578 -781 -545 
-795 295 -995 -794 473 730 520 -532 629 939 -146 512 26 -750 151 -650 286 -147 -601 -460 -235 -88 637 -985 454 -84 -929 -334 -716 309 -833 129 79 -40 -995 -101 -560 -725 496 834 -404 4 380 -889 -415 -140 500 870 -472 -410 -191 -842 -11 527 -235 -667 646 802 1000 742 -1 662 844 -862 962 -167 105 806 -232 286 -44 -424 -49 958 431 661 -788 19 -912 697 -581 -453 451 -324 -989 396 289 835 -598 -982 -200 906 -499 -511 -861 856 -42 927 -555 -542 
44 -734 461 286 419 -668 463 192 -158 391 185 -262 696 -202 712 -786 -220 725 -370 195 874 389 793 71 -298 682 -900 -790 -57 -295 -283 -957 -401 359 -616 27 -112 -647 643 -963 481 296 22 -170 705 -8 -609 -908 -980 294 -16 -395 16 682 -676 -415 65 57 -580 21 55 -861 -899 -389 -726 703 -141 290 -811 437 -863 225 847 -102 -374 -248 519 -510 822 -127 -147 452 210 -234 977 904 127 744 770 -673 471 148 105 555 859 782 -400 -410 213 -24 
-423 -497 142 -466 -90 594 -973 -332 141 -904 -446 223 -111 -379 259 529 -202 -149 458 496 -911 -362 806 -772 699 -264 587 -772 -248 800 -754 -340 -957 224 -554 -398 907 -39 138 -89 425 -836 -452 837 289 -426 -671 229 338 -373 -218 190 -926 1 -69 396 206 555 -580 -970 799 -933 -834 -7 -63 939 -229 -698 -813 -466 336 -40 660 205 -944 -177 922 -839 -631 653 -643 75 -336 -108 -753 685 617 701 -509 -372 -836 -859 961 654 -665 -417 637 144 671 -933 
946 -732 -506 813 -724 -299 229 103 412 79 -159 -934 515 522 348 -476 227 -585 -308 804 669 742 709 811 602 -70 213 -945 -550 -212 824 -157 -655 678 220 -92 -102 -802 503 514 412 466 669 -880 -309 59 -12 -290 759 -184 765 -459 243 17 17 680 956 -12 -252 382 621 -672 205 -824 331 -174 -491 106 -83 659 -703 -71 986 -180 -326 -586 -753 837 762 329 -410 -839 328 -197 -328 -267 -952 -132 -41 57 435 321 45 998 583 351 -877 -436 -599 209 
825 104 -453 885 -697 483 -398 676 -244 -985 862 927 219 -745 280 578 -948 566 -530 -582 234 -112 -31 762 -499 698 -847 -699 426 -968 -201 -743 -351 -955 -71 -818 265 -121 62 -174 -97 -630 -401 833 -128 -288 91 16 5 21 -994 -793 -56 556 730 -277 205 -519 693 109 244 32 449 79 672 -849 -329 484 122 -490 149 573 261 627 584 468 735 136 911 -761 -445 -859 -673 442 -406 -444 533 -606 759 -507 922 -637 518 838 -719 -648 -524 -918 -118 -441 
-332 453 -246 -246 -170 -500 464 -793 -712 -568 331 -404 -988 -333 720 167 167 -286 -384 4 -87 284 109 -483 778 -605 316 -882 514 -764 943 206 843 -439 343 606 -379 381 811 -898 -721 -75 564 999 739 -30 9 54 -649 -207 748 831 499 -506 918 355 -143 -143 -135 -542 -156 947 316 24 -85 -994 -77 841 -691 483 323 0 896 -233 -373 -620 92 237 -833 824 151 617 -710 393 378 -301 196 486 233 4 965 14 913 272 -641 92 -597 -712 -859 995 
133 -905 -72 -527 145 976 -754 -123 556 737 220 734 -445 405 -902 -698 -86 -156 785 -988 -207 -758 847 417 555 726 -195 505 88 542 730 -661 831 252 706 -844 744 -123 198 -180 578 45 -578 0 394 936 699 740 -821 352 140 -818 -288 -134 -973 379 844 -769 -403 603 210 -171 -267 -947 82 97 -730 422 -431 -780 -615 31 -799 577 -994 171 -687 -475 -448 4 408 27 -723 -913 -562 -61 15 -606 -326 -171 2 475 376 -901 188 -935 -248 -769 -916 -229 
-229 123 -929 891 734 -560 350 -122 327 -681 -939 979 721 668 -760 595 -692 841 17 -973 76 -924 662 500 38 -205 231 -940 931 117 -67 -753 46 -524 943 968 -636 749 757 954 -581 -957 -358 532 919 298 -713 -658 -615 -637 -582 144 653 -428 -501 262 -405 864 -656 -971 -214 -27 432 -897 247 -524 993 -199 -60 -956 -162 332 661 -890 823 -972 198 -893 -50 -832 497 892 -772 -397 -466 -897 -915 -785 -168 -693 946 -164 775 313 -506 -724 -299 229 103 103 
385 -295 -699 -323 623 -983 88 -629 808 706 -283 -308 669 -898 742 321 709 811 957 -522 -400 -945 162 -511 -157 703 -457 678 -457 220 869 -102 503 776 412 -91 764 621 59 493 -260 -784 12 318 765 -459 -292 168 330 567 868 494 166 -299 -325 205 -882 396 -174 699 106 -642 235 -703 936 287 -406 477 -624 -586 379 831 -646 837 -743 762 -410 -839 -370 -911 -328 379 786 349 -745 -952 -581 -92 321 -500 998 -910 351 -708 -436 -599 -320 -40 104 -453 
885 731 245 -416 -752 469 -817 676 594 -244 -149 192 862 927 219 954 -913 578 -476 825 566 734 -801 505 234 -112 762 538 -847 -699 426 -968 -201 -743 -351 -955 -170 -818 355 -717 -45 -306 831 91 -699 -288 -545 529 32 -112 -268 -994 -793 -248 -238 556 382 -300 -277 205 -147 -497 983 32 449 79 -543 -586 -849 -849 484 -902 -42 -271 -760 655 -180 261 627 627 217 302 468 735 991 -152 -571 -673 529 -444 -783 533 -171 489 -31 759 922 277 -857 -74 
-719 838 -648 -524 702 -378 -137 -441 -95 -999 -332 -100 453 -246 -319 263 -818 266 -568 852 578 -969 908 -333 720 167 740 -692 -384 -87 284 109 -483 -597 -124 -480 -605 -82 316 -882 526 -462 217 663 843 878 -455 723 606 381 811 995 -721 -688 -88 1000 999 779 -30 9 425 -813 748 598 864 803 -842 -686 513 -135 -901 -86 -194 -85 -994 -77 -957 483 323 0 -4 -373 493 92 -753 129 151 617 302 -734 157 -435 486 -619 739 965 14 272 -641 92 
-597 468 762 269 133 55 -72 -962 -873 223 146 -754 -123 -15 556 737 -997 -445 -418 788 -902 976 333 -988 599 -758 -834 -194 726 487 505 431 -529 93 -711 827 831 -382 252 -484 706 -734 -844 433 198 12 -180 -639 -560 -578 -891 -905 960 936 -480 -643 -821 298 -575 -288 578 383 -323 844 -769 -252 -403 -853 210 -121 -492 -947 -751 82 97 -497 -196 -431 -615 -338 800 -317 -541 889 -687 724 -448 408 -720 -723 -268 -234 -639 -61 -990 944 -179 -326 -171 -110 
-729 635 376 234 -781 -82 -82 -935 -844 -84 210 -769 -916 -569 767 11 -929 891 734 734 -518 327 -122 -570 -412 -429 721 -781 379 841 -805 -441 -140 -253 38 434 231 -582 952 -783 679 -407 -67 5 -753 46 -214 411 390 -596 480 -636 757 954 -581 -430 -957 -605 -891 -621 440 -660 -615 -170 -991 511 144 653 -841 -501 -861 -204 221 -656 -971 -214 -951 -277 414 -524 30 728 -71 -533 -388 -996 661 998 823 -1 -972 -750 709 -893 -758 -181 245 892 -549 365 
431 339 -586 980 -915 580 266 -274 -398 413 -49 -310 -760 95 -439 -800 650 -998 632 -363 678 338 884 989 -675 63 708 115 578 755 217 -118 -801 885 -100 634 -166 -444 -94 -397 -163 128 -755 42 -682 -438 -168 -404 -933 -509 -479 686 727 727 -331 361 -364 -154 975 -505 274 -568 -710 911 420 -384 806 -476 578 -779 887 197 221 886 977 -284 819 -719 -591 -960 294 -352 617 265 891 891 797 328 -592 -723 703 -70 597 -212 -746 19 19 -412 304 -950 
650 332 -990 -805 -819 -21 -205 -782 -348 321 -183 -254 -249 29 -588 616 -314 -752 -79 520 -635 -246 -713 725 725 -252 -306 -429 417 -358 774 997 368 230 573 35 564 989 369 -33 -454 949 85 -177 949 391 515 -636 -930 -909 881 -780 8 367 -362 -641 422 -192 229 277 -269 -383 29 -127 883 883 -563 180 687 256 747 -877 -987 -793 -16 -56 -590 648 -204 -991 -788 -295 -911 -859 -581 -385 850 543 -723 352 -128 214 752 550 -320 -137 -296 57 125 125 
-14 -786 232 -437 722 363 -438 402 -512 -289 922 -612 -97 879 -245 -986 -188 417 -560 -29 628 197 616 -383 904 -259 -60 972 80 -699 -220 -357 604 879 154 860 -386 508 11 -712 -189 115 -976 -875 -919 572 -369 872 -455 -920 -598 628 -73 28 867 156 -253 89 966 942 131 244 172 515 -906 778 488 -288 -15 -150 -988 -968 -933 833 266 856 797 677 -499 -60 -138 -701 699 -30 -164 695 -413 44 -414 -488 -419 546 992 867 121 241 88 -696 213 960 
327 705 -230 -854 331 -19 -19 230 178 380 -765 695 -738 -88 322 75 -25 -25 -813 777 419 316 805 -618 537 -242 -44 -608 934 -178 979 871 -840 -832 923 440 358 716 454 312 -677 917 -686 -599 313 399 287 895 -842 -179 -651 295 -362 -159 -331 -469 -836 -400 -825 432 -39 568 -2 575 512 -713 473 -939 668 -302 -353 -23 717 164 -773 -624 687 496 263 9 -424 853 -405 10 -198 -428 -638 197 -550 526 648 -390 -73 137 503 -679 -166 -785 -413 -62 
-995 9 -811 420 73 787 -467 325 134 739 -381 647 -313 -998 -800 368 -564 -748 530 59 253 565 -117 -781 625 -831 -831 293 -345 390 303 -865 -230 209 -848 -456 68 -542 668 499 987 205 -862 -274 744 556 -164 695 -108 113 830 -792 -542 724 565 -728 -681 90 137 -386 28 577 -542 605 -540 607 287 788 -461 -371 -642 206 -156 -52 -497 -162 876 -729 -361 -895 244 -443 181 555 -746 -362 196 615 9 -788 359 -152 783 -80 -638 152 -16 -965 885 -544 
162 623 825 -800 213 815 -505 -110 579 -125 -678 -446 740 706 -972 634 -744 -71 -216 -705 181 292 45 864 616 52 98 243 437 552 -327 -51 358 -419 -385 378 -185 250 510 889 -423 596 -516 -502 -996 798 950 923 -253 920 -658 -663 -334 843 -932 393 -614 -432 672 -26 -956 664 655 759 -42 -222 -356 702 -78 206 159 -924 54 -814 546 831 -955 143 -432 -384 -621 761 -160 -664 -563 -14 138 396 288 -451 -435 718 188 435 210 507 -421 -491 435 121 
658 109 129 -133 58 -126 292 -86 -367 -502 852 -989 802 -747 85 -947 626 -819 918 316 522 -168 563 424 -993 -18 -978 913 365 -908 -566 -582 -419 908 702 152 260 915 928 879 -755 -755 -404 -155 361 -568 -292 541 -214 311 173 -853 811 493 -781 872 101 344 17 -277 828 438 717 708 736 241 737 -815 174 -323 -577 -577 530 -588 -387 -484 -299 950 246 -1000 244 618 47 47 827 306 -446 278 -536 692 209 -365 -254 -795 930 -421 -756 -428 980 504 
897 943 -36 -293 940 -221 -90 -791 711 725 514 -553 -365 -922 -27 107 -728 -413 -946 -16 -22 256 -793 331 342 -796 -742 712 -50 588 348 -821 -868 -239 166 698 972 620 -997 197 -880 133 15 -520 -113 524 -153 569 585 -152 -946 901 -884 251 80 895 -976 300 -818 843 545 -240 -772 180 -195 786 205 407 -439 70 165 -873 447 7 -831 80 203 -257 990 30 731 -251 48 -302 -544 347 396 170 -570 997 143 47 603 70 976 -881 809 -762 653 -919 
423 -538 666 914 -215 472 -90 504 -245 -805 -925 297 952 -179 -737 268 654 -310 -771 703 703 391 -948 930 -25 -389 -383 385 -632 359 468 -416 -799 475 -121 391 583 -370 575 -259 -224 -470 361 -930 430 -947 -409 962 740 236 186 982 -761 -844 -237 -776 -750 457 -972 152 196 259 17 -469 200 -606 -367 -363 439 -459 880 405 234 -457 -949 498 171 -436 961 -626 -481 -238 -732 -123 509 -973 652 315 -69 -281 91 -327 -31 753 313 992 -39 -437 428 517 
-522 -395 -57 397 -656 986 227 248 369 -48 971 -424 -665 984 -48 -9 -281 44 -760 305 879 336 440 -325 -410 836 -475 932 -863 997 278 100 -65 672 154 413 -368 -599 -901 109 773 988 795 261 -456 563 295 -108 -708 -248 -216 863 282 -116 569 354 -507 -303 -592 285 -182 -250 -325 300 -293 -708 -293 -349 94 -198 -277 -403 458 702 -11 548 -734 -605 97 151 311 107 887 542 -710 -50 637 -947 367 785 -550 -415 -762 109 -32 -792 730 966 -681 -714 
131 851 55 -170 -161 259 -292 -878 77 194 -327 -452 350 407 988 921 -34 725 -376 -63 903 981 -978 485 663 609 -707 450 977 98 39 437 171 -867 637 -307 -327 -51 -419 300 378 -639 787 -433 510 889 -423 596 -71 -978 -502 -996 798 154 -826 -755 923 -253 16 -658 -875 -819 582 898 100 986 555 292 -26 664 655 -42 -222 -356 -31 206 -924 54 231 -814 -545 -955 878 -440 -432 -384 -122 -160 -885 751 -370 -563 786 -952 -973 -451 -384 797 265 188 
435 -299 524 507 -491 435 121 702 303 658 109 255 129 -211 -687 -894 311 -466 418 449 -383 323 852 -989 802 284 85 -947 626 47 -11 -173 -10 -993 -394 913 365 257 -582 329 -165 702 152 260 928 46 9 -688 -38 33 712 286 -18 541 -214 173 -923 811 493 -529 -781 872 -100 -120 -586 -520 815 828 19 412 708 -157 -458 136 -106 174 -434 530 -844 522 -387 957 -958 -762 244 -883 634 387 900 47 211 745 306 -147 278 396 139 -365 -795 538 
-206 6 299 343 897 943 -36 -427 289 711 725 -617 -553 320 -922 -971 107 -310 598 880 -233 364 -338 585 -565 -561 707 -120 -742 740 588 -448 -358 -821 -868 265 -250 201 698 972 620 -997 -754 133 704 -113 524 -153 912 569 585 -364 -152 -888 -195 -434 251 -273 -120 845 -899 -818 843 246 482 -772 180 -195 525 205 878 407 -186 815 -666 -873 882 -113 -652 -786 203 990 -263 771 -751 -92 458 -302 884 -209 -783 439 -345 281 601 623 -987 47 603 -880 
976 312 -409 676 -762 653 -919 529 423 -538 -215 472 443 -506 -805 -148 535 -179 683 391 301 -939 100 391 930 -948 -25 -310 -389 -890 -312 -632 -342 468 -416 -799 -121 391 -316 -370 575 -207 186 987 -47 -995 -947 -65 -256 740 -442 791 -443 -761 -844 -237 -776 457 -835 -414 545 -723 -723 17 679 752 -469 -72 -363 439 -459 -926 405 865 234 293 -375 651 171 179 -52 -436 961 -626 214 462 776 -238 -870 -732 -478 -123 549 389 652 315 -681 825 -228 337 
-327 -930 753 230 313 -535 -368 992 -664 179 -302 384 -708 -522 -785 630 973 -656 672 -732 166 248 369 -48 -744 169 -74 -424 -285 984 -48 -9 682 -5 44 279 826 986 305 879 336 -908 -325 230 -145 836 -475 824 511 402 278 767 132 -210 544 672 860 860 688 337 -368 -971 -599 -440 -901 -108 109 -245 988 -107 -965 -790 989 753 634 563 295 980 -260 -108 -238 182 -248 884 -216 252 282 -174 373 569 354 -507 -729 -366 -592 -984 285 93 -423 301 
-742 -78 -168 -342 775 60 614 827 -314 412 -910 -295 -917 -699 522 348 -983 227 706 -283 669 710 -545 -110 602 957 -917 -511 824 -157 703 -927 869 -102 -596 -816 776 623 -91 764 621 -505 -270 643 -784 837 318 907 243 330 -603 -137 -510 621 -325 205 396 -174 933 -83 550 936 287 -406 850 -753 712 45 -666 -410 -527 328 -392 349 -132 -581 -41 57 435 45 998 -708 -599 -320 -40 -730 885 731 -416 -398 -817 594 168 458 -334 -745 -203 -704 999 -948 
-530 734 -582 790 188 538 218 -911 -19 -201 354 -691 -170 265 -121 62 -34 -541 91 603 -288 -545 16 32 -268 751 -820 -300 -277 205 -147 -27 244 -392 -586 807 -329 -902 -42 149 -180 686 584 612 136 991 -152 -445 -5 442 544 533 87 -171 619 277 518 -98 838 87 -524 -588 -918 -118 -846 -95 -332 609 453 591 263 243 -818 152 -712 -568 852 554 -969 -333 -731 -928 -692 -760 4 334 274 -483 -597 778 -82 316 -882 -462 217 663 878 -464 -379 -454 
381 -721 -688 564 999 739 9 425 -813 18 831 598 -513 355 -686 513 -135 -901 -86 316 587 713 -358 -77 -811 483 59 896 -233 -108 -620 92 -753 129 -710 -734 -739 378 -301 881 -619 4 965 14 -924 161 -381 943 -712 494 -614 269 483 -72 -629 124 -123 -377 -997 734 -418 405 -902 976 -156 845 -357 -301 -834 -194 -170 726 505 -814 542 -529 -711 -919 -382 -484 -844 744 198 -180 150 -639 -578 -401 -900 476 352 140 -288 383 780 844 -605 -403 -674 665 
-492 75 -166 -497 -901 -373 797 31 800 -994 171 724 -620 -179 -720 -723 462 -234 -61 -990 -179 -34 -616 2 -577 241 -84 -916 -780 178 -300 -122 -831 714 -939 979 -781 379 595 -692 841 234 -805 -441 -924 662 500 -821 434 231 -582 931 117 -671 -753 46 789 411 968 -116 -636 757 954 -916 866 -358 532 919 298 -658 204 -991 144 -566 -501 -530 262 -204 -656 -493 -870 432 -897 414 247 -469 30 728 -71 -533 -956 705 661 998 234 158 323 709 -50 -832 
-181 974 -538 -772 -397 339 613 -915 -78 -693 -634 -732 -506 -724 -314 -568 412 -283 -917 515 -307 88 227 706 804 -898 -545 -408 709 811 767 957 213 -945 162 -511 -157 -304 -457 -927 -92 -102 -596 776 623 669 810 -309 493 -260 -204 -784 809 769 907 -469 680 956 -137 166 -299 -325 -71 -824 331 -17 -762 106 -83 659 687 287 -154 850 -589 379 712 45 762 554 -839 -370 -96 -392 786 -20 -745 -952 -41 435 925 -77 -910 351 -877 -839 -495 209 825 104 
-91 -697 483 -416 -398 676 594 -244 168 458 -334 -745 578 -948 566 -530 -275 -525 -671 807 188 698 -911 -19 832 -691 998 -818 -121 -717 -174 -630 -541 -699 -239 371 529 31 21 -268 751 -176 -56 556 730 -416 -462 -497 921 32 449 79 -543 -722 -902 -564 149 573 -180 261 686 627 584 612 -754 784 911 -761 767 -406 -444 533 -606 -990 619 -925 -637 -74 -648 -242 -918 -378 -846 -338 675 766 -319 263 464 -793 266 331 -474 908 -731 -928 -340 4 274 284 
109 -597 778 -419 -605 -263 709 -824 514 -764 943 739 843 -439 343 606 381 406 -75 -88 999 779 -30 9 54 -319 675 -384 598 803 -842 561 820 640 -424 484 24 -358 531 12 -957 483 -253 896 -108 -836 237 824 151 57 733 -739 378 196 486 233 739 14 161 -381 943 -712 494 995 649 55 -72 -390 -873 145 146 -56 880 409 556 -377 -995 220 -418 788 -698 -156 599 -758 417 -194 -170 -706 -409 -814 542 -529 730 -854 252 -499 -844 198 12 427 
-639 45 -560 375 -401 -900 -952 740 298 140 -575 -457 479 -973 379 900 -252 -203 -674 -121 75 -947 -348 -166 -395 261 -90 -10 889 -283 889 -185 4 436 -720 638 -913 -639 -61 15 -606 -179 -326 -616 469 -729 2 475 376 234 -901 -82 168 -935 -248 582 -603 -335 -229 -962 891 202 -560 -831 -681 -412 -429 -231 -760 595 569 -704 -973 -441 662 -253 1000 -205 975 -940 931 679 -407 -67 -753 -295 813 968 -636 757 -581 -670 866 -891 919 440 204 -991 -582 -566 
-32 678 -405 864 -811 -214 -27 432 -277 -3 247 30 -199 -533 -956 705 612 -890 968 323 -893 497 424 892 365 253 -417 -742 -78 -279 266 -507 -892 -398 -915 -310 -381 -61 95 -616 -439 -800 -54 -707 -998 632 -417 -804 678 884 -798 0 812 63 708 115 578 -367 217 542 -143 -17 -148 -100 -535 37 621 -94 142 129 -163 -96 -755 42 -577 688 59 -404 -649 -122 113 686 -331 -364 -154 -505 274 779 911 -384 806 -476 109 -779 887 197 -568 -237 -233 685 
705 -591 318 751 1 -98 267 328 -592 -144 349 -313 -320 -212 -746 19 304 332 -551 -805 197 -21 551 500 -254 -623 -588 616 278 -777 520 -635 -246 -528 241 327 -306 217 -365 880 -548 55 573 35 -556 575 369 581 -823 762 307 391 515 -493 -953 8 259 -696 -978 522 277 -663 941 620 311 67 206 975 256 -597 565 -987 -793 848 -344 476 74 427 391 -295 -911 540 -581 -178 -221 -599 -128 183 216 79 108 57 125 -786 655 -160 722 -809 -455 -863 
260 922 -949 879 929 -302 417 -560 -239 -140 616 -263 904 -208 -259 90 823 309 -220 415 -389 154 860 -386 667 76 -712 929 -189 975 -976 -875 -919 535 917 603 -455 167 -997 566 -582 156 -522 -126 966 -274 -906 778 488 -930 404 -15 48 -57 -933 266 694 -399 922 513 -701 857 699 -30 -626 178 350 601 -129 546 992 867 121 241 88 950 -509 577 327 705 -854 59 -383 -904 -88 -931 966 -735 -254 -987 -523 419 3 505 537 213 770 -506 -77 871 
923 836 665 716 -42 -420 313 399 -14 672 -179 93 295 -847 466 696 -469 966 359 537 -39 -520 -902 -713 473 -939 -596 -521 457 -379 -358 518 -162 -698 918 -110 194 -483 521 302 -459 131 608 -365 526 130 589 863 -986 -679 173 -92 168 -413 -453 9 -811 -289 330 -6 325 612 134 262 -904 -403 -547 -9 110 -541 -362 33 162 809 881 -831 293 -345 153 5 -9 209 -698 901 68 895 -130 -252 -862 -274 -221 744 556 695 -748 113 -542 193 -728 -442 
90 591 134 47 582 -720 -490 519 -540 226 719 898 206 -310 335 -162 613 776 389 58 793 181 457 -309 397 9 -788 -60 359 -600 -80 -931 -638 649 -650 -4 -544 623 -800 213 -505 -700 579 593 -753 -972 -136 -71 -216 -628 -85 -982 616 52 -792 -336 -458 730 558 -732 148 -557 871 45 645 -301 -830 -234 616 -161 544 -117 -429 -487 -602 77 194 -431 -327 -971 926 350 -878 -135 413 -29 338 921 -890 -482 725 457 -376 584 903 -469 981 311 -680 -978 
485 663 -105 941 609 -707 450 -427 977 276 98 39 -867 466 358 -419 926 300 -639 250 -433 -27 737 -262 -978 -891 584 870 -826 304 920 927 610 -875 -819 -253 -932 100 -943 555 292 -26 -956 664 -308 209 -153 -597 -31 -78 206 -411 352 -545 831 -955 878 143 -432 -881 273 -160 -272 -664 347 786 -952 846 -435 265 -500 213 524 507 595 696 702 303 658 109 575 58 -894 -686 -805 449 106 323 65 -989 315 802 284 -747 935 626 47 856 -11 213 
-384 563 -10 -18 -394 -978 913 365 257 -582 -92 908 -535 702 260 928 46 9 -38 361 712 286 541 311 -909 -187 11 -737 -100 -586 -520 815 -851 -157 737 -815 -323 155 530 522 957 -299 246 -1000 244 443 -126 47 349 827 306 -446 278 225 -254 -994 -756 -428 980 -152 479 826 855 -618 181 940 100 289 711 -92 320 -4 53 281 -310 598 880 -233 -338 32 -537 342 707 -120 712 588 142 -702 -239 -647 166 842 698 -449 -341 197 -880 133 524 909 
569 585 -352 -152 -946 -195 901 555 80 895 -899 -419 545 -847 86 943 -195 786 205 878 767 70 165 -873 882 -113 -786 203 -666 -127 226 -263 931 -302 -544 -566 396 -483 601 -987 479 70 312 -768 -660 423 672 666 914 126 443 -506 450 -148 535 952 -820 -179 268 683 -941 391 -771 703 625 -585 -762 658 -362 -312 -632 -342 -942 -141 -799 475 921 566 -316 -370 -207 -470 987 -47 -995 -242 -256 740 236 186 791 -443 -234 74 -776 -562 645 -414 -747 584 
200 -606 -367 -793 -459 -129 865 234 405 293 498 595 -370 -147 462 -870 -732 509 315 -681 -228 897 313 -535 -39 517 -57 973 617 672 227 -947 248 -744 -74 -424 -665 -263 318 -9 -5 305 -728 -908 230 -139 118 824 511 278 767 544 860 337 613 -901 -741 -245 988 989 753 -527 -201 989 -238 182 884 744 -116 569 -680 -729 -366 -984 -423 -718 -900 -419 -293 -349 -396 -675 94 -931 -403 61 458 702 -227 219 -11 -734 -104 -412 311 176 887 219 -633 -786 
189 -306 -50 367 785 -550 -762 109 -633 -32 -458 966 -714 620 851 -234 616 -254 -161 -429 77 194 -452 -878 -135 -936 -34 -376 584 903 -83 311 735 485 663 -105 -311 -663 977 98 243 251 552 -307 -51 508 926 -668 -927 -639 388 -433 737 -71 -528 -891 870 154 -315 -955 927 -334 843 582 393 555 -26 297 -308 -222 27 759 -411 -807 -814 95 -538 878 661 -881 -122 273 -272 347 459 -973 846 -199 -435 718 188 435 210 686 282 435 702 899 109 761 
575 -687 -339 -785 -367 890 -383 -172 65 802 284 85 781 316 213 -168 -384 -10 -993 -597 913 -908 281 908 -535 260 915 -755 -404 -38 -438 -568 -18 311 173 -923 -187 783 493 -781 872 101 -120 344 21 -851 412 708 -157 -458 136 -106 998 155 530 -844 -311 344 -484 -958 -762 244 443 618 -126 -213 332 -102 692 -707 -795 -994 -756 -428 -152 826 855 181 940 -90 711 540 -92 403 320 -4 786 -971 -728 -413 -946 -16 -119 -793 -82 -537 707 -120 712 561 
297 -121 265 -250 201 698 -449 -341 874 138 133 15 -520 -694 358 909 -601 704 358 909 -364 439 -195 -884 555 251 515 -899 -818 246 -240 943 -195 449 878 407 -186 165 -873 882 -113 80 280 -513 226 -263 -84 -251 -92 458 -302 347 396 -483 677 472 143 603 976 719 -878 676 -762 653 -919 423 914 126 -90 504 450 -148 -542 -820 419 -310 703 625 -585 -25 -878 -890 -845 -259 359 -624 -658 -981 -121 566 -370 -294 -220 328 -353 -47 -995 -242 -65 740 
186 791 -443 -761 -844 -370 -776 774 -562 -972 -414 545 -747 679 752 -502 -72 -363 -350 -926 865 -979 293 -457 -375 595 -436 -370 -147 462 -238 -732 -123 509 -973 315 -69 665 91 -327 897 753 230 992 -437 428 517 730 -395 -57 973 617 672 -947 369 -744 -323 971 -665 -263 669 682 279 628 -728 424 -325 -410 118 -489 511 997 100 -210 924 -715 337 613 -599 -440 -901 109 773 -107 -965 851 -242 -527 295 -260 -238 -708 -907 884 863 -174 -116 -680 -729 -366 
-984 59 -250 -718 -970 -900 -419 -260 912 -349 -396 -675 94 -319 -931 980 61 458 702 -227 -11 -734 -104 -85 97 151 382 -963 107 887 -187 893 -50 -114 189 -222 -306 202 -50 637 -550 -947 367 785 -550 -44 -762 109 -633 -32 -23 -497 -364 -929 -912 -216 68 -191 419 531 -228 -675 -689 -279 -407 986 664 973 472 397 -229 -388 489 -292 -879 321 -178 336 370 203 -117 -473 158 134 -764 39 434 -464 1 -821 994 -476 -17 -377 678 -502 -792 150 79 564 
602 565 -861 -472 -185 -320 400 853 981 892 -845 803 144 -886 413 22 -637 945 -8 7 528 -916 15 381 964 644 953 726 -774 -873 120 -44 984 622 606 973 476 744 155 -262 846 30 204 -811 401 990 177 -874 -106 575 5 -772 963 505 353 547 694 -684 -742 -18 149 710 96 522 -675 -984 -94 -475 563 -754 619 727 126 -43 990 -109 527 912 49 917 -85 -989 813 48 -337 -261 308 -381 -318 657 -267 -37 189 -903 -231 709 224 -158 931 899 
-604 -779 735 -734 321 -300 941 234 117 -873 445 -615 224 -201 422 -786 532 366 -11 -911 -720 459 525 633 872 826 -809 52 -273 -280 -887 -371 982 295 507 -874 -998 -839 -534 -556 -453 578 149 -386 -69 -700 -995 -655 -905 357 -13 819 -735 256 -189 -395 -244 -743 -131 -831 -116 202 616 813 -8 -274 -685 26 -270 -84 128 -504 -315 -705 865 818 -846 497 559 306 -52 949 421 851 -41 4 946 -513 -439 -266 -515 635 -240 489 537 950 121 795 -588 282 
367 397 -552 -724 -129 -793 59 -338 563 -465 343 256 556 -650 909 -828 -186 -856 800 -973 661 16 754 -516 401 -469 -453 451 511 -721 396 633 -254 543 89 -101 711 38 -170 -511 309 -572 276 763 -555 -427 44 -734 -147 501 -328 87 575 631 885 185 -262 696 -202 712 -786 -1000 491 368 907 -124 -438 -251 -738 192 -581 -758 -460 548 530 872 784 336 359 632 297 -115 690 643 -602 991 197 56 406 -8 452 309 -21 735 -85 -356 917 844 484 -415 
206 60 614 -724 -299 -314 229 412 79 -295 -917 -934 -293 515 522 348 -629 706 -283 804 669 710 -545 -979 602 469 957 213 -917 -550 -511 -655 -655 -304 -431 869 -102 -493 503 776 623 -91 810 621 567 643 -753 12 769 765 907 873 243 17 -448 -603 567 -137 494 382 621 -325 -71 -824 -882 -17 -174 106 -642 235 -209 550 -703 687 -577 287 -180 -154 -326 -624 137 831 -646 837 -666 -410 223 328 -197 -96 -392 786 -20 -132 -41 788 -92 321 -500 -77 
-910 583 -708 -105 -436 -599 -320 998 -453 -697 -697 -752 -398 -936 676 680 879 -244 -693 458 954 -745 280 -704 -476 -948 566 -530 -218 -801 505 234 790 807 -31 -499 218 -911 532 -19 -968 460 354 -691 -170 355 -121 62 -45 -630 -679 -541 -128 -239 91 371 -494 5 31 -268 -248 -238 556 382 -416 709 205 693 -27 921 983 32 -392 79 -586 807 -708 -902 -564 -490 573 261 686 217 302 468 136 95 -445 -859 -673 381 441 544 -783 87 -606 489 -990 -31 
619 922 -637 -74 838 -719 -648 -242 702 -918 -378 -118 -846 -441 -819 -338 -332 -100 453 -246 263 464 -793 -856 -712 -568 331 554 -969 116 720 167 740 -760 4 -87 109 -483 778 -263 709 -882 -462 739 263 -455 723 606 -454 381 811 811 -898 -721 -75 564 564 345 905 779 81 54 -319 -649 675 -384 499 864 -506 355 -686 -143 820 -135 640 947 590 316 -194 587 713 -358 531 12 -957 7 -4 690 -373 -620 -836 237 237 -833 129 57 733 393 26 -435 
881 -498 4 222 624 14 -924 161 -381 943 -712 468 -859 649 483 -905 -72 -962 -629 816 145 976 880 409 737 -997 734 -445 81 405 -902 -86 242 -156 845 -357 -207 847 -194 555 487 13 88 431 631 329 93 -424 -661 831 156 60 706 -499 744 433 -18 427 -180 150 -639 -560 -891 -905 960 699 -643 476 298 426 -575 -457 479 383 379 -323 844 -769 -531 -853 -674 -171 -494 75 -751 -166 422 -901 -373 -90 -10 382 889 -283 -541 889 -475 634 -620 327 
-723 -913 -639 805 15 -606 -973 -34 -616 469 -110 635 376 234 -901 168 -248 582 210 -769 -335 -229 123 -962 891 734 -122 -122 167 -412 -429 721 -760 595 -692 234 -805 -441 -924 662 500 -821 434 231 -582 952 679 117 5 -505 46 -214 813 943 -596 480 -636 757 -148 -581 -430 -605 -891 532 -621 -509 440 -660 -558 -615 -181 511 144 -32 -501 262 -204 221 -811 -809 -27 -277 -3 247 -524 162 -71 -533 -956 -162 661 998 -890 823 -1 158 -750 198 -50 -832 
-181 497 424 892 365 431 -466 -417 -897 -915 -78 -693 946 -164 -732 -506 813 827 -314 -568 103 -910 -917 -699 -674 348 -983 227 706 -308 669 710 -545 709 -979 602 -229 -70 -522 -522 -400 -917 969 824 -655 -304 678 -457 -927 869 -861 490 -493 -802 683 514 412 669 473 621 567 -12 643 -290 -753 759 12 -500 42 243 17 -469 680 956 -137 726 382 630 -672 -71 -824 -17 -883 933 -83 235 550 269 936 986 -180 -406 850 379 712 45 -666 -410 -527 328 
-197 -96 786 -20 -745 -952 -581 788 435 321 -500 45 -910 -708 -105 -436 -495 209 998 -730 -453 -697 245 -752 469 676 680 594 -244 -149 -523 458 927 954 -645 280 772 578 -948 566 -530 -275 -218 -582 -671 -112 -31 -499 698 -847 532 -19 460 832 -691 -71 -818 -121 -717 -34 -306 -401 833 -969 603 -471 -288 371 16 31 -268 -268 751 -176 -56 -820 145 730 -300 -277 -462 -147 -27 921 32 -392 688 672 807 -722 -849 -129 -902 -564 -490 149 655 50 -883 627 
627 584 452 136 784 817 -445 -859 529 441 544 533 489 -990 759 -507 541 278 518 -74 838 87 -833 -242 702 -794 -118 -846 -95 -95 -332 675 453 766 591 -170 -500 464 -818 152 -712 266 852 554 -988 -333 720 -928 -692 -340 -384 -87 284 109 -72 422 -124 -605 -82 -263 709 -824 514 -764 780 263 -439 723 -379 -454 381 381 811 -721 -88 -88 345 905 846 -30 -388 54 425 -813 18 499 -312 864 803 -513 -842 355 -686 513 -542 640 -156 947 316 -194 
24 -85 531 841 -691 7 -253 690 802 92 -833 -419 151 617 302 393 -739 26 881 -570 -619 4 739 965 14 161 -381 -597 -280 -614 995 -905 -72 -527 816 223 146 -56 880 -123 -15 -377 -997 734 -418 405 -902 -86 242 785 -207 -301 847 329 555 -834 487 505 -814 631 329 93 -661 -854 -382 60 -484 -499 -499 -844 433 427 -180 578 -639 -560 375 -891 -905 960 -900 -952 476 -732 426 140 -575 -457 479 383 780 437 844 -769 16 -252 -403 -853 -171 -267 
-947 -348 -166 -730 422 -196 -373 797 31 889 -799 577 -541 592 -687 634 -620 408 27 -723 462 -913 -234 -562 805 -990 -179 -864 -326 -616 469 -729 2 320 17 -577 780 -82 168 241 -844 -248 582 210 -769 -916 -780 -962 -929 178 734 350 -831 437 714 -939 979 721 668 379 -692 841 234 -973 -441 662 -253 38 434 -205 975 -940 931 -783 117 -671 564 -753 46 -524 789 411 390 -596 -116 749 757 -148 -581 -670 -358 -891 919 298 -713 -660 -558 -615 -181 511 
-566 -428 -530 -861 -204 -656 -493 -809 -214 -211 -27 432 522 -897 247 993 162 -199 -60 -956 -162 612 332 -677 234 968 158 323 198 -324 -893 -832 -181 424 974 -538 365 431 253 613 580 266 -274 -398 782 -310 -760 95 444 -439 -800 876 -54 56 -998 -391 -417 678 -822 884 383 812 693 708 578 755 185 -847 -704 -161 -100 -900 982 37 621 895 -828 -397 -163 -339 -946 42 688 472 -404 -509 113 686 727 573 361 332 -901 108 23 975 975 238 -292 -568 
-95 911 420 676 806 -476 709 -906 -676 887 197 -568 -788 977 685 645 -960 318 751 -61 617 265 265 891 -35 -540 328 367 -1000 349 -70 719 597 889 372 708 19 -218 -412 431 -950 332 -805 995 197 -21 551 321 276 171 -249 -874 29 -601 616 -314 -410 204 -21 -246 -528 241 725 -252 -252 551 217 512 -358 774 880 -666 230 -908 35 564 575 -761 369 581 949 545 -101 363 961 -757 -308 -953 -295 8 287 259 -696 -536 -192 629 -881 -663 29 -127 
883 160 -450 687 246 918 280 565 514 -793 -818 -344 771 88 -204 26 -940 -295 -911 540 -581 -581 850 73 -723 604 214 216 -43 79 158 57 125 406 -786 232 587 -681 722 836 -809 -512 -289 888 -793 -949 64 -481 929 -731 417 -54 -560 608 -29 764 -209 76 904 -208 90 972 146 721 -921 415 485 -845 -728 -351 667 76 358 236 582 -189 -192 14 -111 965 -557 -619 872 -920 167 -997 -801 -582 -200 -119 -791 412 966 -837 131 244 172 414 -640 -800 
-288 -288 404 -537 45 -595 74 -909 -660 856 -672 694 677 922 570 502 -186 699 604 -481 -333 -626 -413 -65 -463 -414 390 295 -129 -104 -111 992 311 48 241 -937 16 -509 -753 820 -304 -567 99 -479 331 59 -19 605 -383 494 -904 -765 42 -88 -931 75 -25 733 -813 -428 -520 316 805 -321 537 -242 770 580 978 978 -506 871 -840 -840 -654 79 665 716 -201 454 -42 917 893 506 -577 -14 599 -179 295 295 -847 1000 -331 696 -836 797 537 -945 -344 605 
-520 -261 -902 512 473 -939 229 -521 457 -379 -624 -698 918 263 263 -976 194 -483 10 -127 -197 131 -396 843 669 480 -390 -73 863 44 -679 173 -420 281 -413 -463 -62 694 -203 930 -289 330 787 325 134 739 -381 -608 -800 -200 -9 -287 -564 -260 -534 -362 33 809 625 698 -831 293 561 -92 11 89 -230 447 -456 -631 668 987 432 981 -184 -221 -694 556 -164 426 -108 113 830 -792 -173 724 565 597 -950 -681 137 666 -386 582 -542 -490 -972 408 226 719 
875 -554 869 206 -310 335 -532 737 74 613 776 389 58 392 82 -851 -746 -362 506 51 594 110 359 359 -600 611 -80 -862 649 -650 -16 502 162 -397 825 -800 451 408 -765 939 -700 579 -112 -125 598 740 706 -487 634 634 -744 -559 -216 -628 292 589 -982 616 52 224 -792 -336 -458 -604 966 -732 -681 -557 45 645 620 131 851 55 -170 -254 544 259 -292 -886 -878 -724 310 194 -431 -327 -971 926 350 -878 407 -135 886 988 -936 338 921 -34 -890 -482 
-942 457 64 -63 112 -774 -469 -83 -680 735 485 -864 -224 -487 941 609 -311 -663 -427 -35 -397 536 431 251 -307 -70 358 -160 -385 847 388 250 510 -27 737 606 -262 932 -891 798 -131 -315 -955 920 16 927 610 -875 -819 -253 -932 100 -565 555 292 672 -956 655 -308 -153 -597 -31 -78 -134 -924 54 546 95 718 -955 -94 661 -432 -64 761 -160 751 -664 -563 -14 459 459 396 -973 -384 -435 718 265 -500 686 282 -421 121 -428 899 950 255 -211 -687 -339 
-894 -86 311 -654 890 852 -989 132 826 -747 935 551 626 47 918 316 -173 522 -384 563 -10 -18 -597 339 913 365 -566 -126 281 -582 -419 -419 908 702 -235 260 915 928 879 -755 -404 -38 33 712 286 400 980 -214 311 173 -923 783 -529 11 -737 -120 -586 -277 21 438 214 708 -157 -458 136 -129 -485 -434 -577 498 -588 -387 -484 -484 -299 246 -723 -883 634 387 -213 211 745 827 -102 -147 804 -30 692 -707 291 930 276 538 -206 6 299 -963 479 343 
826 855 -618 181 -913 -427 -221 -791 711 -273 -92 -694 -617 -553 -346 53 107 -310 -946 880 -119 256 -793 -82 331 234 707 712 561 -396 297 -121 -821 -868 -685 -647 -250 201 698 972 -268 -341 -754 -880 133 -601 704 -520 524 -153 -9 -364 317 -888 -946 901 -884 -434 -273 -120 -976 300 -500 593 246 -240 -772 -684 589 -195 449 786 -690 -727 943 767 70 -666 -873 882 -113 80 203 -666 -127 30 771 -751 -535 -577 357 884 -783 396 170 -345 281 472 -987 603 
70 -881 -409 676 -811 -919 658 648 672 914 -215 472 -90 -506 450 -148 -542 952 -179 268 683 654 -292 301 703 986 930 -585 -25 -878 -383 -362 -312 -259 -624 -658 -981 -799 475 921 583 -370 -294 -591 328 -470 987 -47 -995 -242 -65 -409 962 -909 -442 -599 982 675 -234 74 -603 -812 774 -750 457 457 152 -414 196 -723 -906 17 752 -502 200 200 -431 -363 439 439 -926 -129 865 -979 -375 651 171 -52 861 961 709 -626 -481 776 -870 -478 549 389 315 665 
-281 337 -31 230 525 -368 -664 179 -302 384 517 564 -522 -57 973 54 -732 227 248 -48 -323 -74 72 -424 -285 -48 669 -9 -5 826 -760 628 -471 -728 440 -325 -145 118 932 824 511 997 653 100 -210 924 -715 337 -971 -440 109 -741 -245 988 -107 -790 261 753 -527 -201 980 -238 501 884 863 -222 373 354 -680 -729 -366 -984 285 59 93 -423 -718 -900 -260 912 -137 604 586 -925 578 -931 980 -64 458 702 -227 -11 -734 -605 -412 382 -963 107 -187 879 
202 637 637 367 219 -415 682 -358 109 462 462 514 -959 558 -732 871 45 -301 -830 55 -234 616 -254 544 -117 -886 -724 194 -971 -878 413 -29 338 -34 457 -376 584 112 -774 981 311 -978 485 663 -487 -311 450 407 -397 536 431 437 251 552 466 308 358 926 -668 847 -185 388 -313 510 606 -262 -978 -528 -891 -996 -131 950 -315 923 913 16 -658 -819 -253 898 100 -565 -614 -887 -956 297 655 759 -153 -356 -31 27 159 -411 231 546 831 -538 143 661 
-64 -621 273 -885 -885 -664 347 -14 459 -973 -451 -435 718 265 188 213 210 686 -421 -769 121 702 303 303 950 109 761 58 -126 292 -686 964 -466 -466 -805 890 -369 323 -172 65 132 826 -747 935 551 47 918 316 213 424 -378 -394 -978 339 365 -566 -126 -582 908 -535 152 289 534 928 -755 -155 -38 -438 -568 -292 400 980 -543 -909 -923 -187 783 493 -529 -737 101 -120 -586 21 828 828 717 214 736 241 737 -815 -129 -485 -577 530 -588 -311 -299 950 
246 -1000 -883 634 387 -126 47 745 827 -147 804 -536 396 139 -707 291 930 276 -756 299 479 826 -618 181 -913 100 847 703 -273 -694 403 320 -346 -27 107 -728 -413 -946 -233 256 -338 585 -537 342 -796 -120 -742 -50 -448 142 348 -121 -702 403 -239 -647 166 842 713 972 620 -341 -997 197 -754 133 -601 704 -113 358 909 912 -9 -352 -763 -398 -884 251 939 80 -976 300 -500 593 843 545 -417 -240 -684 943 525 786 205 943 -439 70 32 -873 882 -113 
-113 80 203 -257 226 771 731 -535 48 -577 -302 884 347 -566 396 -483 -570 677 472 47 603 976 -409 809 676 -768 -811 -660 -934 529 423 666 126 443 463 504 -215 -925 535 952 -820 268 -941 -771 703 986 391 625 930 -762 -762 -389 -383 -362 -845 -342 -942 -481 -658 -981 475 -121 391 -370 -370 -591 -259 -224 -353 987 -930 430 -947 -409 962 740 186 -599 982 114 -234 74 -603 -812 -750 -997 226 196 545 -723 -906 17 584 752 -502 200 -606 -367 -793 -350 
