-991 -967 193 790 69 805 509 0 902 -780 91 -316 -646 -481 -541 820 -404 129 257 -609 -284 667 752 -90 -688 593 -973 518 -194 -853 -206 -391 -766 -347 -862 -875 509 -830 314 121 -259 -904 -533 -148 670 709 943 -251 476 -511 930 730 -425 136 -758 -127 -722 -774 542 719 83 900 705 278 804 474 779 478 -954 731 338 -309 -972 879 25 -608 -662 -534 -671 124 131 -912 343 716 -246 165 -267 -338 -791 -178 -24 527 -887 -721 857 -878 -161 -281 490 580 
-386 -193 -558 837 88 -129 -421 -766 -733 484 -191 989 -523 500 -142 -883 577 120 838 -829 -939 764 -674 383 -632 328 -828 742 183 -368 -279 -475 -968 224 -79 -422 -29 -844 216 -533 140 618 -473 -447 214 -564 -493 939 -78 -142 861 93 -975 852 -675 611 824 -379 -971 397 912 44 23 228 739 182 -363 197 223 670 -991 76 -256 -192 938 -251 23 -70 -890 444 394 -319 -106 896 967 -657 -90 676 144 -116 758 22 987 288 149 -423 -312 513 -836 -738 
-963 221 941 970 -765 421 -646 -820 966 -434 605 -487 528 428 676 -421 103 390 415 477 -398 161 -815 794 -615 814 -72 -583 693 -646 -632 680 -957 956 -553 251 -17 -439 321 -5 259 -316 -352 -415 681 -941 904 595 108 206 -804 292 393 -998 913 -961 44 710 99 -776 -406 286 -123 -69 -585 -775 498 -746 -44 636 139 414 -309 -842 991 -972 61 -481 632 417 -147 -501 -66 671 -610 -551 -970 -580 -595 -96 -941 -29 -231 197 -327 -126 57 241 466 41 
-538 250 -309 175 -809 29 758 -744 -275 672 -417 69 955 372 256 383 643 993 -838 -780 -218 709 -823 -90 354 -248 938 642 16 452 23 211 521 10 25 350 544 -852 -557 134 797 956 -333 -340 520 113 229 -400 -71 -827 -918 -500 202 854 63 100 -340 -248 -713 548 -243 259 651 371 -483 918 -428 -174 453 810 -592 -108 -435 671 -107 -903 -926 -425 -606 847 -806 -899 -110 -97 913 -658 -910 -685 635 -57 421 660 -812 -201 918 -352 -615 740 17 -262 
-461 546 -716 961 673 115 -623 512 -134 -615 248 20 -697 -881 785 752 357 746 -270 799 890 399 -557 -600 662 436 -563 -719 -253 909 -225 993 746 404 316 715 290 -401 -13 165 651 -999 910 -257 -22 -303 -225 -446 -426 461 962 -587 207 357 -724 -932 621 -461 976 337 -172 -684 243 84 -236 439 -883 -917 -249 206 359 848 -430 684 460 -251 -883 828 589 384 316 909 494 466 552 796 255 101 -513 15 -676 325 -140 67 222 203 -37 -385 374 -194 
-275 47 -166 -942 -409 419 470 15 39 -863 737 701 -484 -586 -518 -668 -527 -436 -990 -106 205 -483 623 597 922 -595 -368 710 130 -354 333 -116 122 -413 -172 55 676 118 -398 392 -215 -55 -189 201 -69 88 -594 734 878 -384 -815 -746 684 -467 238 -640 926 -155 438 899 762 -475 -122 36 -227 -169 892 650 35 -286 608 -159 517 730 895 229 783 983 973 -664 798 454 -554 -930 -375 706 -668 -422 -923 -224 -814 874 108 752 -187 641 464 -935 -861 -520 
21 840 304 940 -875 -799 199 -367 129 941 362 850 -794 166 -659 -115 721 89 -161 -632 849 965 -263 566 597 262 933 -127 -224 -531 394 -63 -146 401 863 -822 778 -819 -462 444 611 12 -815 752 449 -906 452 -505 -819 -349 -457 -103 995 -124 -212 -931 -868 166 30 127 898 -104 103 -967 -401 -485 682 968 -14 452 -565 -876 -712 -335 931 700 -464 425 128 542 288 -474 912 242 -779 -368 -671 867 -842 -532 2 -328 -437 338 -391 -724 -198 209 -715 178 
-926 -543 -440 -110 -415 -654 -211 -184 758 835 385 47 897 -44 904 -614 542 444 527 -772 -764 262 12 -940 885 -208 -735 -961 -475 863 -822 884 151 -793 806 -932 480 122 461 -285 -699 390 969 493 -28 -894 1000 -521 833 -491 950 843 -321 -135 -37 734 -156 724 675 -30 -452 581 598 195 52 -536 837 269 250 449 937 -23 -521 506 -291 845 -118 -123 -231 805 969 -440 770 -744 -488 -796 172 -989 846 307 0 -490 245 -191 402 279 464 213 -345 -870 
72 -788 978 508 -495 -278 -337 -675 -11 172 332 462 -504 660 730 47 -10 -12 -58 282 -274 447 -666 -639 -929 -476 -244 157 -79 -944 -593 448 -18 748 380 850 939 -8 536 -297 740 -629 -356 -380 388 937 -845 -903 -193 -462 -315 495 645 844 -289 -587 -253 609 977 -420 -972 740 -628 -634 558 -641 -458 870 -470 -708 -384 914 220 1000 648 -379 -597 717 347 409 -755 -156 747 621 392 -411 923 369 227 630 -889 253 -934 -233 -593 -879 838 203 -817 796 
-795 -423 612 -233 78 -577 3 -287 495 411 -196 -834 -395 -758 134 370 941 870 -563 745 -610 -785 -590 270 491 -47 -822 -366 717 773 -561 -720 -905 929 -503 -743 551 219 799 967 187 233 618 -97 -728 180 617 790 392 -364 -122 844 -230 772 218 302 -936 48 418 -556 -427 28 705 84 -902 106 816 -313 -448 940 245 326 67 700 570 98 496 298 942 -706 0 -227 -661 -862 -838 -55 -864 -30 938 -946 751 -538 -892 -848 -658 -683 185 -605 -770 -463 
-919 -127 -233 -134 -703 -646 -816 -934 650 803 427 -617 223 354 -484 -521 975 498 -686 -372 234 -653 -488 -62 -813 897 -342 581 286 -253 211 -104 -620 -6 908 15 120 -385 993 -619 -618 -104 -441 -66 301 -332 -76 101 267 224 -465 734 947 769 701 -431 949 93 400 342 -250 498 -705 -659 -769 583 -412 103 304 -379 -453 -93 -330 -717 -541 -626 851 309 -315 -807 673 6 691 601 358 396 -639 -765 136 402 -723 315 -901 -296 631 -931 -458 195 200 -817 
622 -209 -295 971 874 -5 -14 880 82 -127 -608 813 817 328 -279 -797 531 687 -674 278 857 -438 615 -349 -962 -984 626 -595 -250 434 -455 412 206 -832 -95 739 511 388 856 53 389 -273 370 913 -923 843 160 194 -571 47 351 755 -916 592 -585 424 -273 604 193 -692 -505 -588 907 -498 -679 -57 574 -508 -303 -186 -578 372 861 -619 -153 625 64 677 645 343 -431 389 -8 -614 -218 505 77 237 -109 725 -235 535 540 83 450 710 592 433 966 -917 
423 542 -628 487 6 65 -330 -926 -286 -820 452 959 993 -732 -59 328 73 928 663 -269 494 970 708 15 95 818 -746 253 492 423 -885 785 739 122 -871 -903 688 695 -739 934 218 391 132 -885 -417 557 329 -372 756 -148 -487 -625 407 -285 789 -211 836 776 -932 -974 707 244 945 932 -595 -300 -877 615 -281 -798 234 411 344 -398 -742 349 -896 -544 786 -853 -761 835 -50 454 116 -412 172 842 -464 -659 572 -860 -926 -330 218 660 -324 907 -550 -108 
-915 -475 -81 823 46 -913 781 649 -452 425 515 299 255 -718 -633 -660 6 115 471 -433 -855 398 147 -586 -594 658 970 -295 722 -476 -483 -365 -319 -696 677 84 145 958 441 -981 244 -637 -929 432 590 711 597 155 122 -836 749 306 371 -646 251 -432 -396 -731 519 -888 -103 -845 423 -698 -185 170 686 -164 20 -106 -253 452 -813 752 990 -390 706 -865 832 -232 -730 -195 -364 -295 -876 974 -452 716 214 -905 -222 -404 -882 841 -226 -162 -376 -721 -953 771 
578 -612 626 -92 110 -646 439 404 404 14 932 839 -506 -267 145 -794 -655 -161 -825 841 328 451 871 -741 -568 -688 -221 447 326 886 774 -342 -148 924 -766 -328 -374 -450 -684 -588 -907 -602 673 807 -708 460 -120 569 87 -984 -573 604 893 -974 223 -170 179 49 -884 -645 -754 -881 885 861 -857 450 160 -688 -267 839 -742 -147 817 -204 -220 -225 989 382 423 827 -296 -618 891 -531 289 983 -143 -818 84 -942 611 -103 264 -502 119 -469 -373 -348 -543 -890 
-343 388 -845 595 245 -206 -366 325 930 -194 265 -444 44 -306 492 -377 724 917 186 586 -359 -809 -959 -304 418 -654 -137 -191 -814 -65 6 64 -778 -272 18 655 -597 -186 374 975 67 976 695 -812 13 117 365 155 -803 862 775 278 981 439 -614 -391 -474 -949 861 -804 548 -1 985 527 191 400 -537 566 -585 -371 -675 -76 -582 -215 -444 -597 -785 -158 -455 -628 15 -856 720 815 -66 -124 218 372 993 84 -878 184 995 -230 170 87 236 -386 -527 918 
250 270 976 -715 -154 -752 -820 985 999 31 -550 767 -791 565 262 663 414 15 252 818 760 492 218 -698 -319 122 433 -596 104 -739 415 -192 343 332 557 933 -372 581 756 625 -148 -363 -743 -487 -352 -470 789 -239 -766 -171 -718 131 -200 974 169 -985 -300 727 615 -978 -281 382 528 -189 411 -398 710 196 -843 40 960 -413 -762 221 557 116 172 -674 -659 -986 -926 462 -330 660 66 -550 -108 -41 468 846 -589 -753 74 -443 -644 -452 -702 515 299 -718 
-633 -797 115 -952 471 -210 620 -816 -586 250 79 658 -295 -85 -465 -319 677 -124 441 -585 244 979 -935 140 556 -437 -122 -451 458 711 -958 -803 155 -255 -836 941 -199 -646 892 660 267 -50 -731 741 796 614 915 808 -191 -773 442 -788 357 -880 26 -813 36 -390 -981 706 649 832 911 -730 -195 -764 -295 -14 -916 -364 361 716 696 6 957 -882 841 -162 -376 -581 603 314 6 459 -127 114 965 -784 439 404 -537 -177 839 -887 -375 -262 -603 644 -161 841 
328 871 -741 -20 742 -508 -762 -406 -342 -686 -392 -948 -545 -374 -623 634 812 501 221 -907 975 807 167 -708 726 -5 -909 557 524 -659 134 988 -984 -44 604 536 672 220 -531 547 -884 -940 -804 -881 861 664 459 114 -267 701 95 -354 -709 817 -853 -204 -220 -225 468 989 -187 382 341 23 -564 519 -849 961 801 -143 574 -747 440 -942 -528 -567 -103 -830 70 -205 -223 333 499 -94 -890 -257 -343 -592 388 930 -352 442 -366 325 930 -625 -258 -444 -697 -446 
-192 -364 -377 917 -908 -787 186 -895 959 -824 -51 962 189 713 -555 499 -304 366 -654 581 978 -113 -917 -274 924 -221 417 501 -623 18 -597 -827 975 -854 294 344 -197 -793 -141 995 -591 262 155 534 -773 862 104 278 357 8 -614 -379 -391 -914 -864 -526 -949 -46 -266 -986 922 548 -379 -1 191 -72 101 191 400 -537 -248 411 -585 395 242 768 627 -675 -582 -215 478 -491 529 -597 -785 980 242 -280 -455 -95 969 400 -665 15 284 -803 720 815 885 -66 
-173 365 218 34 427 -394 683 -198 -878 -881 -474 184 -112 995 195 93 -230 -626 170 87 236 -622 -386 -527 -245 918 -999 524 833 890 100 -275 270 645 -242 831 -715 -546 -445 632 840 -304 940 800 -274 793 -756 -443 -653 17 -693 703 -178 503 91 109 786 -758 -816 -500 -3 -155 258 -422 584 802 -972 563 946 -846 -138 -550 -235 -116 -321 -631 105 -316 82 149 -909 -693 -961 435 -248 774 -750 -719 389 769 165 -196 -417 -775 -658 634 922 604 460 -559 
-615 -672 -806 846 335 131 -59 167 777 -401 -354 -86 -499 928 -412 102 -873 674 401 -503 -409 829 -39 843 -55 779 -476 632 -999 51 -426 -553 -591 -105 -18 524 803 -576 385 718 -101 -90 -323 -88 -275 232 624 -182 -992 -146 799 -268 377 -911 -323 750 -738 118 441 -19 -53 -537 452 -679 36 233 -7 158 124 -721 -422 918 422 -871 -600 343 -826 -913 928 -287 203 -606 -9 -893 -581 422 -355 -955 -251 -593 673 -732 915 -225 476 371 764 621 966 -137 
-977 -497 719 -172 -623 -769 -844 -652 -917 471 -763 701 -891 465 -66 122 -601 -216 936 -351 953 922 37 -595 -819 -282 636 -914 844 -456 -794 603 -625 -189 565 771 -299 717 540 784 -385 678 -740 -980 733 -1000 663 256 544 -987 405 420 -302 397 79 755 3 -495 936 -525 569 779 -656 -77 -75 721 837 -207 -38 -753 -296 48 856 90 169 -849 595 898 -172 -766 -361 -57 895 360 119 -52 688 -552 160 360 -689 -230 -1000 -941 935 612 -308 142 703 -624 
913 326 -637 341 -797 -651 -521 -434 -348 -994 -145 -245 58 -203 -87 -60 830 -565 41 503 695 -893 -906 264 703 -297 -700 -989 -576 71 -743 531 -359 675 -839 280 -443 168 -358 -957 -44 576 -871 152 -902 172 873 -113 -686 218 -51 -716 531 -430 -334 -663 -697 732 653 783 -995 8 279 -377 -264 499 -897 -870 15 -380 -836 834 -94 390 547 622 882 -199 849 620 227 -870 792 319 -108 724 897 -555 -116 860 524 -777 442 -518 815 -827 186 632 220 -519 
135 -792 -483 938 394 974 552 -377 675 -843 -471 -401 758 -59 -425 610 -180 914 210 -385 -919 -982 -721 239 840 199 958 908 -951 -539 999 138 -889 114 -192 469 618 530 711 836 370 -511 83 -926 -125 567 -440 -514 112 -251 -519 672 -290 -862 274 849 295 340 -687 740 -915 -223 -454 388 696 -231 -664 -218 548 -846 -622 -652 556 760 -495 -2 -786 271 254 -435 -728 -991 104 -452 417 -235 738 -76 770 290 678 602 -167 709 155 -882 -526 743 227 -53 
196 399 -497 983 -333 -944 805 683 0 106 106 -636 -109 -426 -316 -46 -101 -910 -191 820 -172 -141 129 -529 397 707 662 475 752 -227 -172 683 -688 593 -493 518 903 908 -853 283 459 148 -365 -391 -2 -203 -510 -875 388 509 505 -119 121 529 575 -155 -316 -25 880 670 -521 943 -251 979 989 802 -348 -425 207 56 28 -326 -742 216 -774 -739 -368 -324 900 -880 705 -370 278 167 -765 779 -822 478 260 -697 -683 338 663 -743 -972 -606 -863 25 -608 -662 
859 839 -226 -671 124 113 -912 -890 -671 86 -246 165 434 -791 -178 915 527 -385 667 667 857 -878 16 490 103 -126 -239 -69 493 837 720 136 -827 989 -421 -766 -733 414 438 622 -36 -523 -9 316 180 529 440 120 838 180 180 817 779 -850 420 -185 -334 -649 328 -828 534 473 183 104 -271 -985 -327 -755 -17 -685 -968 819 224 -79 -422 148 -539 216 -173 934 140 -908 -473 -356 -560 214 -903 554 554 939 -78 691 -510 -447 925 852 436 931 611 824 
783 955 -946 -594 44 -38 228 182 -363 -212 389 -285 703 340 76 -256 -192 -185 272 -755 -544 -907 951 444 468 -319 437 -903 -52 22 91 -316 -325 -620 676 -376 144 153 -919 -62 987 266 288 861 461 122 550 908 513 -836 -963 221 -303 -576 789 -940 136 869 -849 157 682 -908 345 -269 -487 449 969 827 -874 -126 676 898 -146 -191 -332 -107 329 772 -916 -421 -654 942 589 374 418 -423 -398 -245 713 -952 224 -354 -615 305 -71 -780 721 -534 -646 984 
680 -564 826 2 612 526 251 -17 -439 463 -5 -683 865 205 678 -352 506 -415 -467 681 -748 673 40 904 595 108 902 -804 386 -528 -998 183 -961 -264 710 637 441 529 797 -369 -525 286 -123 266 -559 -775 325 681 104 -779 660 -119 139 414 -412 -770 -842 522 -972 184 329 417 -8 -147 -702 -530 411 -667 549 -610 -551 -722 -458 -798 -603 -595 -96 -29 946 -231 -847 -604 -545 757 -10 57 -556 -321 875 -70 369 -599 -233 347 175 52 172 474 -744 -275 
-734 -281 500 -684 516 -503 955 372 252 -831 383 -180 -491 371 671 -221 815 709 -90 354 -248 938 352 692 -795 452 996 211 10 198 -879 183 544 -557 -793 -888 -328 328 826 616 -333 390 520 801 229 -732 584 -827 867 -393 246 -135 -498 63 -158 -702 -340 544 -243 919 548 552 -836 -575 70 -491 -353 508 113 -428 -174 825 -282 -442 -682 -811 -435 -803 423 -617 153 -310 978 209 22 -606 16 8 831 -472 -110 201 -97 913 -658 -910 324 -685 -822 -651 
-757 977 965 570 -201 -402 -46 198 76 491 -360 -28 740 -113 -174 -734 -243 546 -125 967 -731 115 -379 -64 -22 -134 -615 218 -550 -697 679 752 970 746 136 894 -424 976 -379 -874 613 609 609 784 -108 -494 211 -917 206 8 359 -678 -430 -546 684 460 -251 664 959 589 384 -406 -62 494 195 -305 763 -238 -753 709 -808 947 253 101 -513 15 168 -141 325 -868 -154 -534 708 714 -37 -385 -194 -194 -789 47 -981 -168 499 -123 -65 470 250 -833 642 418 
-863 737 676 701 103 -586 -518 -668 -74 718 -990 112 441 898 528 279 219 623 291 -389 -595 -314 792 130 -354 333 -116 529 -413 -14 -621 55 553 -452 -931 -398 393 -19 -232 -759 -55 470 -189 -590 293 -4 492 -594 -367 -900 558 878 790 -203 -815 -202 -984 254 -527 397 -548 32 549 -624 -907 -652 438 899 762 933 -448 976 36 671 -988 -169 -373 -386 -112 370 663 467 -159 376 730 895 -879 229 -506 983 973 -531 169 283 -554 269 247 539 612 -422 
-17 294 -426 822 255 -354 -187 280 20 -935 666 -814 -520 -436 21 840 -623 940 -875 -146 -223 199 539 950 653 246 -173 850 -794 -374 929 658 -659 -579 -585 249 -268 679 710 77 965 -20 -733 923 515 -724 736 -127 -535 174 470 401 863 -822 -557 -980 -819 943 444 -990 -1 -165 -165 -370 -889 -281 -505 771 -819 -723 -457 -103 995 -793 -863 -161 -212 859 879 166 -179 30 394 103 -372 209 -401 -264 958 340 895 -457 452 -610 -462 -733 -447 414 -335 -482 
249 -464 -817 313 128 542 -512 563 -684 912 -277 -680 -996 -671 7 -1000 -670 -549 217 973 338 -391 -724 -956 655 -715 -768 29 794 -986 -543 194 -110 -55 -654 -592 -184 758 550 385 761 156 -416 -427 904 -253 -45 125 527 564 959 -772 -764 262 -36 891 -582 301 -168 -208 -685 -560 -961 -475 -217 -368 -822 884 151 478 806 -932 480 73 958 614 360 -760 -900 -860 119 -351 -167 493 921 -894 -322 -760 868 -211 950 843 -321 436 -608 -156 724 -105 675 -30 
-452 -221 598 579 354 -832 -536 -97 837 -667 -31 -412 79 -366 937 -23 -521 -142 -35 506 -291 139 -118 -123 -925 741 969 717 770 -807 929 -506 -796 525 -989 -897 794 -547 373 -448 -490 245 747 -824 453 941 213 -345 -209 -851 794 -788 978 -474 204 456 743 894 -158 137 517 -11 977 -263 -171 -985 660 730 230 -35 -12 559 -58 282 922 -968 -572 -721 -639 -833 -234 -824 157 -944 714 -22 -18 408 -656 -932 939 -606 536 -498 780 -963 -629 -20 237 -760 
501 426 639 -707 697 936 341 825 555 678 -800 462 645 39 -289 -587 604 604 977 276 390 -972 740 381 -628 248 -735 -634 204 741 -197 -458 0 -823 -483 -293 -384 -407 -921 428 -979 648 -133 10 141 717 347 -538 -700 950 -693 374 747 811 0 -907 31 50 -411 924 -613 -994 579 415 898 -993 -60 -774 47 -917 -549 -879 -872 346 297 796 -795 -697 697 -233 78 861 -634 -296 606 -65 54 -213 380 -791 -834 -744 -395 -296 -758 595 -814 -385 138 604 
941 -937 870 -965 -301 -385 -768 -768 777 270 586 -831 523 393 -717 352 -784 773 218 -672 305 -866 929 487 -872 -55 -345 -600 -375 799 967 403 187 233 618 -97 -728 435 617 -25 790 739 -812 779 -364 -725 -212 -230 772 -687 799 702 418 -215 -954 858 28 157 -698 -684 130 -902 -557 29 886 802 -614 -313 -448 940 745 -842 722 387 -225 774 516 680 570 565 -9 298 -477 411 -69 -22 -227 528 6 -40 -838 -55 -30 489 -946 -456 411 323 313 -892 
-751 133 -341 296 -683 185 -605 323 323 -919 -127 5 -134 -703 -646 325 -138 -934 988 650 568 350 427 653 -629 354 -14 -295 -281 488 -957 234 -653 -488 -62 -813 806 -757 -782 -610 -781 -253 211 658 -591 134 552 723 947 15 120 806 -385 993 -440 -949 -399 -66 301 -332 896 736 24 101 267 224 -169 -465 956 692 756 895 -331 701 -431 949 93 400 342 -85 990 417 -207 -556 -77 -988 -769 -412 -361 304 -379 -379 -592 -91 247 -758 -168 -168 310 -385 
309 843 -315 -807 673 -119 -538 -690 716 578 774 198 207 221 441 350 -588 896 402 -456 933 641 94 -724 -901 -17 631 -224 -82 -740 -590 -432 865 200 -452 622 -981 332 101 -295 -321 874 874 -5 -790 -14 969 880 -127 -608 813 -138 -4 -813 -246 181 -369 57 775 -294 687 -836 -885 264 -277 -438 -470 -422 -955 296 -349 -302 -676 -125 626 925 -308 412 -250 434 -736 236 584 -832 300 739 -738 856 867 389 269 -406 -805 913 440 623 971 671 -961 768 
64 -388 47 755 868 -916 438 682 -472 -64 588 -822 -767 162 -223 -692 790 -505 14 195 211 809 -566 824 350 -57 -252 -978 -398 -584 266 -150 163 454 653 965 -619 -153 625 -167 253 -217 -567 604 343 -181 -138 630 -362 -614 -564 -576 485 79 237 -109 -202 -599 -235 745 535 -541 83 450 -862 416 831 592 966 966 -917 -504 -754 223 -26 -265 65 -330 999 31 -550 767 -373 328 262 -617 405 668 668 414 -572 15 -552 818 -746 515 -281 62 -864 -885 
-838 -698 739 892 -206 155 -903 25 688 695 -739 -305 934 -29 -271 812 -895 755 -885 -885 1000 -288 557 557 -123 933 -111 868 581 756 -933 625 -363 -743 -487 -625 407 -285 789 -211 293 553 119 -932 -718 -804 244 131 945 103 932 169 -346 977 389 -508 -300 -877 218 23 -978 -383 903 528 -189 -680 551 506 -969 -314 710 349 196 -843 -843 -85 -694 -191 658 -407 -50 454 -140 50 592 172 842 -674 -659 572 -648 -744 -182 218 484 66 -550 -108 -609 -212 
-691 -380 -320 -906 -753 46 -913 781 -645 612 403 425 515 -74 427 236 236 -633 -660 -761 115 418 -521 -429 -855 398 620 -430 -586 250 79 -594 658 341 345 -85 283 396 -476 -365 25 -696 677 -124 -29 958 461 -25 244 -838 -935 140 -247 -437 -451 506 -346 -958 -803 -255 -45 250 306 -646 -646 892 251 937 267 -432 524 -448 -731 -496 796 -888 614 258 423 -698 -333 -773 557 -323 266 20 931 247 374 541 -813 -293 215 990 -981 -455 -96 649 -113 -232 
-148 213 168 -764 752 -14 -876 -289 -52 -364 676 -371 -905 234 -222 -404 603 243 611 710 -622 -376 -721 -721 -953 791 791 -612 626 -92 -853 114 -647 138 404 14 -662 932 -424 334 -375 125 145 644 995 -487 919 -10 -949 654 -803 451 -741 -774 -265 -20 -688 742 858 447 326 774 -148 900 -948 -328 -105 -450 812 221 913 -602 673 807 -348 -5 557 569 134 -921 339 -468 -899 604 893 -974 223 220 538 109 -170 547 179 276 -884 -940 393 -754 -881 900 
29 4 -857 664 -52 459 534 75 857 182 839 -742 362 -147 -582 817 411 -853 292 40 341 974 -801 800 382 -238 827 -296 -618 891 -531 -849 961 38 674 -177 -818 -703 440 -236 -939 -528 -103 264 -205 711 -469 -509 -973 -373 310 -968 -94 -866 789 108 226 -874 930 -352 245 -151 -366 194 -618 -12 -559 -625 -258 44 -306 -192 991 782 -908 205 85 208 26 -359 962 189 713 499 -304 -578 -670 366 366 -976 581 978 -191 -624 -917 -274 924 417 501 -623 
-623 655 -736 -186 -827 -854 645 -747 344 -197 -812 13 117 365 262 -224 -784 534 -803 -169 -773 537 104 777 357 8 -614 -379 -391 -495 -474 676 -949 -46 -219 -986 -74 -379 199 985 101 400 -537 -248 566 33 912 395 686 -675 -76 -582 -965 -444 617 -597 -418 242 114 -455 -26 400 109 -379 -856 720 476 885 -148 -173 365 218 993 84 266 -474 -400 169 195 93 391 -626 87 236 675 -612 -245 -999 933 890 -622 -275 -181 -242 -715 930 -752 -926 -484 959 
-732 100 -674 567 328 73 148 262 405 494 -572 773 708 771 252 -746 203 253 423 -838 447 739 -715 122 -745 155 -596 688 695 605 -305 415 -29 218 391 -689 755 -885 1000 943 -123 329 -111 868 581 -933 -259 588 334 490 -743 -487 -625 -948 397 -869 -315 293 836 119 -766 -932 -974 -718 244 131 945 932 974 -346 -985 -558 -508 727 -246 615 687 -383 478 180 528 234 -680 -25 506 -969 335 -742 196 -544 786 -85 -694 -191 520 658 498 -762 557 116 
50 -980 172 842 -926 -860 -648 -61 708 -229 498 484 66 -932 231 92 -946 -41 -41 -212 468 -475 673 -589 -641 -913 781 649 -452 369 98 425 515 -973 299 -718 -672 -797 -761 418 -521 -210 398 -601 -430 250 -594 658 345 396 -465 -365 25 -308 677 -124 -29 441 -981 -585 276 -897 979 -935 140 556 432 -731 -122 -451 458 506 -958 155 -255 -45 250 749 306 -199 457 -246 251 937 267 524 -731 796 429 643 -103 337 644 -698 -333 -773 557 -328 266 -607 
357 -880 694 374 541 -293 36 215 -390 -162 597 846 832 -236 -232 -148 213 168 -764 752 -295 -14 -876 -916 -364 361 361 716 214 696 354 -383 405 603 584 611 -622 -530 603 -953 791 -705 -917 626 552 110 114 -647 965 439 404 -820 -662 932 461 -537 -662 932 -424 -887 -375 125 321 -603 -794 -655 -487 -441 -10 -949 451 -774 665 -61 -96 -221 -887 -406 708 924 -686 -766 -813 -948 -374 -105 -754 634 501 221 913 -907 -602 975 807 167 -708 726 -909 -462 
-581 524 -659 134 87 -582 -984 339 -44 -899 -747 -388 -974 223 -20 538 -531 179 163 -649 -940 -754 -89 885 29 453 664 450 459 -688 534 857 182 839 -742 -354 -147 817 -853 40 341 974 -801 196 800 -187 423 827 -296 -618 -564 519 891 -531 -849 289 961 38 674 -143 574 -818 -703 -612 -236 -939 675 238 -567 291 -830 156 -502 119 -469 -223 -973 333 750 -348 -543 -866 -855 -257 108 442 -592 -874 388 930 930 595 -352 -151 -646 329 -713 930 -426 -559 
-194 -194 265 44 -697 -446 492 -192 -364 -377 782 917 -908 -626 -691 186 85 -895 541 586 208 -824 26 -359 -814 -809 189 -555 338 -959 267 -578 946 601 -654 581 29 -288 -171 -624 -917 215 -65 924 621 64 -778 -7 -736 143 -186 -827 -688 975 -854 645 -747 976 -269 -197 -788 -793 13 117 604 -608 -224 -803 -169 640 -534 -622 775 278 949 981 8 -379 -379 -490 -219 -864 -474 676 295 861 -266 -986 -74 548 831 -379 -1 199 985 527 101 -884 -307 -746 
-991 983 -944 805 -656 460 106 -636 902 -780 -316 -101 -191 20 -172 -69 -132 257 988 662 849 -431 -227 172 -90 -688 393 -973 903 -194 908 283 -61 -357 148 -2 -203 226 -875 -932 838 -523 65 314 -612 529 575 -155 -904 -25 600 -521 -515 -824 697 730 798 136 28 -742 -782 -774 542 83 705 278 -765 -127 -751 955 -954 -896 731 439 -204 -743 -972 -606 493 25 -218 -643 859 -534 -808 124 -912 -890 -671 -246 165 -338 -178 103 527 128 -887 667 122 -878 
-92 383 580 334 -193 644 720 136 88 -421 -733 484 449 989 -993 500 316 -883 -369 27 569 -300 817 -628 764 383 -334 -649 30 534 473 -198 -368 -279 -755 287 -366 -453 -446 -464 669 -844 446 118 858 -533 264 -473 -447 -560 -903 -78 734 861 138 -975 436 -541 824 783 -316 -209 397 44 739 197 253 670 76 219 -935 272 23 -890 394 -143 -611 914 896 -803 -316 -90 -409 -376 278 -393 834 288 461 451 897 908 513 911 -546 1 460 941 970 -765 
421 -849 157 682 -434 -971 981 449 -302 827 428 -874 676 103 942 390 415 -768 -245 161 -952 794 -190 532 17 -72 693 -892 -646 -925 -564 -42 -957 -553 251 53 463 -683 865 -316 8 450 209 681 506 70 180 904 435 108 902 -804 664 393 924 -998 679 552 44 710 637 99 797 -406 564 -123 -564 -670 -746 -779 660 636 81 136 -309 926 522 61 632 108 907 513 -702 411 -200 -610 -3 958 848 -580 -603 -144 946 -231 -847 772 -545 -327 100 -10 
241 -321 875 208 -599 347 -809 172 474 -44 -591 -281 672 489 516 -156 955 806 256 643 993 467 -780 709 -90 427 -248 352 692 452 211 25 350 183 -852 -793 -888 818 -328 328 826 616 -333 -908 -375 -876 -732 -827 -500 55 160 658 202 -779 -498 -869 930 -340 -248 -243 -589 -243 259 651 -353 -483 918 113 772 -200 -55 -682 -435 -803 671 -421 -310 209 22 -429 -580 837 -240 -899 201 851 -658 -910 324 -380 635 -757 -967 660 522 -812 -292 277 -192 918 
147 -615 740 562 -174 327 -262 -734 309 961 -731 945 -623 -270 -144 20 -697 785 970 894 890 399 -557 239 -983 662 -742 131 -45 -253 -225 721 -271 287 746 170 -693 -819 715 -382 -401 -391 23 421 -999 -375 722 -257 110 -306 -446 890 410 461 962 -655 357 815 769 -40 -461 976 781 -684 422 84 483 -108 -883 -249 8 359 616 848 684 -251 828 -667 777 316 -145 195 916 -821 796 481 947 255 -279 168 -141 -409 67 708 714 374 -194 -789 648 -166 
-168 -942 -123 607 -278 448 -815 -461 -871 -807 -570 649 737 305 273 -586 -527 718 -407 193 441 898 528 482 623 -899 597 -389 -595 694 75 786 130 -116 122 -14 186 55 -951 118 -669 -929 392 -232 -759 -55 -829 -189 -590 -4 432 -115 734 878 790 861 429 -815 -604 -984 684 449 -467 238 856 -624 -303 -155 438 899 834 -781 -448 -475 976 -853 36 217 -227 -169 37 811 -386 -112 370 35 469 517 895 783 973 -531 798 454 -554 235 -130 -96 -668 104 
-17 -814 853 108 -354 641 216 430 -861 -598 -436 -554 840 733 -875 -152 199 539 950 490 246 -873 -173 850 -374 -991 658 -659 -581 -115 721 -246 710 27 965 -20 -733 -481 262 933 -127 174 -531 470 401 863 -822 -531 394 -63 -146 -557 -980 -819 444 -990 752 -906 -281 311 771 -819 697 -349 -637 143 -124 -161 -212 -662 -416 -24 -108 127 -104 -967 209 -927 958 340 -39 -457 -462 -876 231 -712 -335 -920 156 557 -464 -817 313 542 563 -474 912 537 660 -649 
523 -842 -317 -532 -525 972 -1 -88 209 -860 93 -768 -926 765 -440 -110 -55 -211 758 835 550 -695 47 156 897 634 904 889 859 511 482 -772 685 842 -581 -582 -168 -363 -560 41 -961 -475 111 -368 151 -195 906 73 122 68 -367 -285 194 -351 -167 493 921 -894 -322 -760 913 950 -321 -608 450 -105 675 -185 679 581 195 52 -832 -536 -746 236 488 583 -412 250 449 937 -23 702 -35 506 -684 594 139 -123 805 969 -655 770 584 -744 -29 -523 282 794 
49 0 -490 747 -824 464 -137 -209 72 978 -495 430 -337 -158 -675 517 -11 474 -840 -985 439 230 282 -12 559 -58 -29 282 -409 -572 -639 -929 -58 -476 905 -135 -593 486 -344 748 380 254 -932 850 239 -94 -606 905 -297 780 -87 -629 -20 941 -356 426 -380 -146 -84 676 -98 847 385 490 -120 175 909 554 932 607 329 -737 271 118 -370 -295 114 915 -637 -251 414 -815 202 -239 852 785 -73 70 -851 -548 -420 -233 972 -942 -335 -361 683 860 317 -34 
737 -205 -404 -149 759 -214 -401 -853 -742 -603 -530 -489 953 -997 588 -561 461 388 988 -102 -903 -193 -462 678 265 495 -533 844 -587 977 -420 616 -972 -31 488 381 -628 248 -735 -634 204 558 -550 870 -470 699 853 -921 220 326 -979 -281 -597 141 801 347 409 -700 950 -693 -156 -657 -907 31 392 -411 924 369 -747 630 -934 -774 -233 748 -549 838 203 297 683 796 -697 697 556 -577 -287 958 107 -196 -791 -834 -395 -296 -758 595 134 138 370 -937 870 -561 
-301 -768 -625 270 586 -47 38 671 -366 717 -784 -848 -268 -561 -672 -720 -795 708 -503 -55 -345 -600 -375 799 -287 403 187 618 -728 180 -274 790 392 -378 -122 -212 -230 426 218 -936 702 334 -556 -427 28 157 19 84 130 -902 710 672 886 -273 802 154 579 -219 326 349 67 774 516 700 298 572 496 298 -477 411 -69 -227 -644 6 -1000 -164 -838 -55 -864 -20 -958 -946 733 751 323 901 -892 -244 450 4 747 562 -611 -919 -559 5 789 482 631 -166 
-816 988 650 302 568 803 350 -617 268 354 975 -957 -49 -725 -987 600 806 -342 286 507 181 658 -591 -701 -6 723 947 477 -762 -619 -125 -441 -578 271 -738 -299 -76 24 267 224 -169 -465 336 692 756 947 701 543 -901 109 -266 -571 -919 417 498 -556 -77 -51 583 983 85 -882 -379 -592 -91 247 -758 -626 -385 309 -315 -646 -119 613 691 601 578 -964 -639 441 -618 896 402 -793 -456 720 220 824 677 916 969 -224 -82 -931 -891 195 24 -206 -981 423 
69 -59 720 -279 971 -429 -195 952 -275 -79 82 -299 -141 -496 817 -4 554 328 57 384 687 -444 -885 227 766 255 -470 -715 296 -349 -676 -935 925 -308 -595 -250 434 -376 236 -537 584 -95 67 856 867 955 -273 -797 779 -923 458 671 270 934 -388 351 -513 868 699 871 456 -472 715 145 611 162 -183 -421 362 -505 14 -524 -498 -679 702 -985 -57 -30 -508 -985 -186 266 372 861 176 -176 -619 -634 179 883 64 -297 604 245 343 710 -138 630 -8 -750 
-564 505 77 -315 576 -34 -600 188 -235 -915 -556 83 783 525 710 637 -917 423 -378 542 -26 637 487 6 65 509 -926 -286 -484 985 783 -732 -674 57 -791 73 663 668 414 15 95 196 -746 203 62 218 785 739 892 -871 675 -903 25 -739 415 -192 218 -895 343 755 185 332 1000 943 -288 688 933 329 -111 868 -530 -933 -810 -259 -148 850 -487 -74 -470 789 553 872 -932 707 -165 358 64 974 -346 -595 389 -300 -877 23 615 360 -281 180 -798 918 
-705 551 506 -763 335 582 -544 -351 40 -853 520 658 498 -762 454 557 116 -412 172 847 -674 572 -648 -926 -229 218 484 66 -550 473 -609 -915 -691 -475 673 -906 -641 823 74 -443 -645 369 98 515 -74 427 236 -660 -761 115 418 -521 -429 -855 -598 -601 -586 -544 341 345 -295 283 396 -465 -365 -251 770 -29 441 854 276 -897 979 -935 556 432 410 299 711 953 -803 707 -255 250 -199 457 -246 660 937 -432 524 -731 519 -888 614 915 -845 423 753 -185 
170 686 -102 -164 20 -880 694 452 -813 36 -390 706 -96 -865 832 911 699 -195 -596 -295 974 -52 -364 -371 6 234 -222 -398 603 -226 710 -622 -530 771 314 -612 -917 626 552 -107 -646 -784 404 -820 14 -662 932 -887 -375 -267 321 782 -794 995 -487 -441 841 -451 328 -112 871 -568 665 -508 858 -887 886 774 924 -545 -623 -684 590 -736 807 460 -581 569 -974 -921 -984 -899 604 -388 -974 220 538 -170 547 -427 163 -649 -754 885 -792 -857 837 160 114 75 
857 -267 701 -742 -709 -582 817 411 167 -204 219 -225 468 800 -187 827 504 -618 519 -531 289 801 -143 -818 440 -612 -236 -989 238 -103 264 711 -223 -973 -373 750 -348 -94 -855 -257 -343 -592 388 930 442 329 -713 930 -426 -625 -444 -306 -364 991 917 205 186 959 -824 -359 -814 -809 713 338 267 -670 418 366 -976 978 -191 -624 -917 -274 152 621 501 -7 -597 374 -854 645 -747 -924 -197 -793 -141 117 604 -608 -784 534 -583 -773 537 862 775 949 8 -921 
-490 -864 676 -949 861 -986 922 -379 -1 985 -884 -307 400 566 -585 -950 -371 -76 -582 -965 -444 617 -785 242 -280 -455 -89 -665 15 284 720 -353 -66 34 733 84 -367 184 169 195 93 -230 -626 87 39 -527 -999 833 -622 -275 270 299 -154 -445 -213 452 959 999 -732 -674 -373 73 148 262 -269 494 970 -572 708 672 95 196 818 -281 423 -174 -319 -715 122 -871 675 -903 104 605 -305 415 -250 -271 -895 755 -885 -417 -288 933 -111 -530 -810 625 334 850 
490 -487 -948 -352 66 -211 -239 872 776 -932 -718 -165 358 64 169 -985 389 727 218 -896 -281 478 180 234 411 551 506 -969 -763 -314 349 -896 -544 786 -85 -694 -761 -407 221 -140 50 592 172 847 -674 819 -986 -926 462 -330 -324 907 -932 231 92 -865 -609 -915 942 -691 -205 -589 -906 70 781 -645 612 369 98 425 -930 -973 255 -718 81 -797 418 -433 -210 -598 -816 -586 79 658 341 -295 722 -476 -365 25 -319 677 -124 -29 441 854 244 -838 -929 -247 
432 152 458 711 -180 953 707 122 -836 749 306 -646 -246 251 267 -448 741 429 643 -103 915 258 423 -191 -773 170 -328 -788 20 247 452 752 36 215 -390 -455 706 615 649 -232 -148 213 -764 -364 -596 -14 -916 -452 634 676 -371 6 957 -404 584 841 710 -376 -721 -953 791 -612 -917 626 -92 -853 -127 19 -646 965 509 404 -537 461 839 -267 321 970 -825 -441 -451 -803 -741 665 338 -96 -296 -406 774 -148 -686 -766 -328 -105 634 221 590 -736 673 -348 
460 -462 -581 569 134 -921 -984 -44 -102 536 -20 821 109 547 276 -649 -940 393 -89 -881 885 29 4 453 450 160 459 -688 534 -267 -742 362 -582 817 -853 219 341 -418 989 800 434 -238 341 519 -531 -849 961 983 -143 -747 84 -236 -939 611 -567 -103 291 264 399 -205 -223 -973 -373 310 -968 789 226 -592 388 595 245 -206 329 194 -618 -12 -559 -625 -194 -306 492 -377 724 917 -626 205 -691 85 541 -218 208 -824 -359 713 499 267 -304 418 -976 -537 
-137 -191 -814 215 152 6 64 -778 -272 18 -186 -827 -854 294 -365 344 -197 -793 13 117 365 155 -784 -583 -773 -984 777 949 981 -614 -921 -495 -864 886 295 -219 -986 -74 831 74 191 101 -307 -447 471 566 33 912 -950 -371 686 702 -76 163 -965 -444 617 16 934 -418 -970 -158 -280 114 -95 -628 -89 -665 109 -379 -856 -567 476 885 -148 -173 365 218 372 733 993 84 266 -367 852 184 601 169 227 -525 -170 391 279 87 -447 39 675 -612 991 918 
-999 933 833 250 -622 -90 -181 976 299 -715 930 -752 632 493 690 799 -647 783 -902 -429 -616 -705 -277 -677 375 -716 -63 822 758 786 -758 -737 944 -146 312 449 -727 584 802 782 343 -651 -846 -138 593 -123 376 875 179 -366 -685 -544 -764 -151 -693 530 -945 126 698 838 -738 -994 909 -580 284 887 595 -336 -426 135 657 -279 -559 12 626 183 960 182 -48 -22 250 871 -319 -86 -499 508 93 50 -110 558 340 -463 -914 -304 -486 843 -55 533 -938 357 
-71 989 -389 424 480 464 -18 -784 -577 442 -881 476 541 -90 -323 -88 -153 232 -611 176 -977 277 125 790 873 -911 -510 199 -52 -420 -329 -3 -779 -537 -122 -372 126 -616 659 190 -56 312 364 298 -871 442 657 -72 -841 -265 83 826 334 -55 354 154 637 591 52 880 197 -937 629 915 -225 476 378 595 -330 -20 -137 -977 -497 258 333 797 654 258 -77 -19 -454 19 479 -194 465 -281 -984 -11 -559 98 -859 -116 261 -786 -849 679 -300 981 589 -389 
-213 641 302 -189 565 339 817 79 194 -734 908 829 251 -603 -609 860 -623 -215 -987 -748 -681 -609 -589 -303 315 -169 -67 -301 904 -645 -254 854 -615 -519 -421 352 -408 528 -753 -296 -61 471 -384 -784 752 -682 -490 989 -698 36 82 -741 206 -204 261 224 151 -764 -130 -331 533 -996 -730 -399 -444 -687 -123 -538 -883 -544 326 -637 341 491 494 -791 -86 958 19 606 -245 -165 -203 -87 -60 830 -565 41 503 -266 62 -903 520 -459 536 -754 -905 594 339 -476 
196 399 -497 983 69 -316 346 -656 460 106 814 -109 -780 -179 -113 -646 -481 -278 -578 20 234 -69 236 707 -284 662 -431 -260 -172 809 -363 -110 -403 -331 -97 903 -853 -853 459 -206 148 -391 -347 -862 -510 -875 -932 838 735 -830 674 529 -630 -259 -316 751 884 -148 600 -521 -119 -251 476 989 789 730 -425 207 136 28 -326 -326 -776 -936 -739 -368 719 900 705 278 804 447 -127 -751 -117 -954 -896 731 439 663 -743 659 -606 -801 25 -218 -643 705 859 839 
527 124 131 624 716 820 -246 -838 429 -594 218 -566 498 527 -385 -887 667 75 857 -878 -161 -281 -92 383 103 334 -386 -69 644 720 136 573 -827 -421 -563 -733 414 622 981 989 -523 -9 500 316 -979 -953 529 -597 120 569 180 -829 382 -674 383 -986 -632 -649 30 -828 742 183 -198 104 -985 -327 275 -475 -685 -446 -413 669 -422 148 446 118 858 -301 145 -908 -473 -447 -560 214 -903 554 752 -78 734 861 138 93 -975 852 436 -541 -379 955 -258 -606 
69 622 -38 182 -297 -212 389 670 -991 76 219 -935 -185 -453 -70 14 -181 -319 437 -611 -52 22 967 -2 -325 -90 -409 -376 278 153 882 -62 834 987 288 149 461 897 -430 -104 -25 -836 -546 1 460 941 789 -149 -765 811 421 -849 157 157 682 -908 345 803 -269 -721 516 827 -874 676 -932 -822 94 -892 665 422 -916 793 -962 892 942 589 415 -768 -245 161 -952 224 794 -615 305 814 -71 721 -534 -996 644 -507 -632 -925 -42 -957 -939 526 251 53 
-635 463 -5 -683 259 -316 -352 506 450 681 -748 -941 180 904 435 556 637 377 -953 798 393 924 -998 183 552 -961 703 710 203 99 797 -369 821 -839 -925 266 -559 -775 681 -746 -44 -607 -972 81 139 -412 -412 926 522 -445 61 -481 719 108 907 -74 -702 -501 -66 -667 -610 -3 958 -722 -580 401 65 -144 -29 319 -756 -604 -338 -545 -862 -126 -10 -556 239 326 392 -70 369 250 175 -809 29 856 758 -44 -591 654 -281 -234 -167 -912 -912 -503 806 252 
252 255 643 993 371 467 -780 -218 709 315 -90 427 555 938 352 642 16 452 996 521 -129 10 -879 -721 183 544 -557 -340 -888 -328 797 956 826 -333 -908 -186 -888 113 -876 229 -400 -71 -827 -852 55 160 202 -316 63 -158 44 -508 -248 656 458 476 174 259 651 -353 508 -21 -698 -997 78 825 825 880 -442 -108 -435 -803 671 -617 377 -903 209 38 -429 16 -873 -899 -110 -725 625 870 -658 718 372 324 -380 635 -757 191 977 660 368 522 -812 -292 
277 198 -109 -352 -615 -216 562 524 -174 327 -734 -461 -243 309 -125 -242 115 -623 512 -134 -615 248 547 -79 679 785 970 746 -270 196 -128 -843 -557 168 343 662 -298 131 652 222 -253 909 -225 721 -501 287 -176 170 143 -861 715 290 75 -13 -391 -51 -977 -426 -999 776 722 482 -47 764 -236 -225 -446 208 -830 -556 26 -629 206 357 -885 -631 -115 621 -27 623 976 837 -872 781 -339 243 613 609 -427 439 -108 -494 -917 206 359 616 -430 -430 684 76 
-820 664 959 -667 777 316 -145 494 494 -305 -305 719 796 481 -845 947 -659 253 -279 168 -676 325 -140 -534 40 203 -37 -385 -194 -194 -275 47 -166 -168 -942 -123 199 -84 -65 250 252 -833 -871 -40 -570 649 737 701 103 21 -518 -668 -527 -311 -941 -407 516 205 528 86 482 623 -899 291 -655 -595 -314 75 792 -742 -714 -259 291 -239 334 906 846 -951 118 -931 -669 -929 392 -232 -759 -829 -189 201 -69 88 492 -115 734 558 418 790 429 -815 380 -615 
817 449 50 397 990 549 -624 -155 322 172 834 -781 -448 -833 976 217 284 578 -373 175 650 -490 358 -286 608 469 -159 517 730 76 -308 229 915 973 874 -531 -692 454 -554 269 -375 -529 -668 -686 104 -17 -224 294 623 945 108 -354 902 641 950 640 -861 -520 21 21 48 840 304 185 -223 -367 129 941 801 362 118 850 -794 -374 166 929 266 -659 -581 -838 -585 881 -431 -632 77 -756 -263 566 923 597 -724 939 -476 -535 -531 394 -63 863 -146 -822 
-85 -523 -613 -470 234 -374 -990 -1 752 -165 -906 -767 452 -505 771 -97 -349 -457 -344 -103 995 -793 -650 -174 444 -416 91 285 125 898 -104 -967 88 848 -25 340 895 968 452 -610 -565 -733 -447 -529 991 -383 917 325 557 -464 -817 313 490 153 563 -956 242 -938 -683 -996 -671 523 -1000 -670 2 217 42 -437 -1 553 553 -88 -24 -956 -860 -768 29 -543 -54 816 -55 -527 797 -592 -877 -167 -943 385 762 580 -221 -416 -427 -253 -253 -529 511 564 564 -772 
685 842 -581 12 -940 301 -208 -685 -735 -27 -823 -475 111 -217 -822 884 450 -195 806 906 708 73 958 360 -367 -285 -699 -351 -167 877 -729 620 -322 1000 781 833 -491 259 843 -321 -135 -37 -156 450 724 -105 452 21 679 -452 -221 598 32 875 -536 -746 236 488 -667 729 -989 79 -964 -566 787 -521 -142 506 -684 -291 845 -118 916 289 805 -89 -622 717 -599 770 584 -168 -506 -29 525 -989 353 846 -547 373 696 -767 747 -824 402 453 464 -137 -870 72 
-171 -421 978 508 -495 -278 430 851 872 -158 -385 517 -11 -782 332 462 -504 313 683 730 47 282 -12 559 -58 995 -29 922 -274 447 93 762 -758 -58 375 -824 -281 157 -79 -806 -22 448 975 -687 408 -369 -203 -932 850 239 -8 536 -498 -498 740 -87 965 941 941 -356 188 604 -146 676 -165 -994 847 123 879 175 -354 629 -811 -302 729 607 -840 363 -737 271 118 -370 -295 114 124 915 234 414 218 609 -970 852 785 -522 -199 631 -124 -852 839 972 
525 -335 -384 683 -321 859 -996 -466 318 688 -767 -677 745 914 -712 -210 -13 -976 -577 -248 525 290 843 814 -615 -757 -757 -707 697 -193 -462 678 495 -809 565 -880 844 -289 -240 604 977 276 390 871 -972 -31 381 -160 -60 290 342 342 459 523 -197 0 -470 -483 839 -384 853 -473 220 1000 -979 734 -281 -597 141 717 179 -634 -538 -755 -693 -975 374 -657 0 621 -886 645 50 -184 -411 923 -948 369 227 -889 253 -934 -60 479 47 -254 -917 397 -879 958 
203 297 752 27 -795 612 697 556 78 -577 -287 -65 435 -213 -196 -791 -330 -32 -395 861 -296 134 138 -350 -601 -350 -47 953 -965 -610 -785 -768 777 270 586 -831 226 951 -717 717 517 -848 218 -251 305 305 -795 929 487 -503 -743 551 219 -225 999 -598 626 403 187 -959 618 -97 -728 -875 -274 -25 790 392 -364 -122 844 -475 -703 263 655 799 -63 702 334 -556 858 -682 710 157 19 710 710 -557 886 802 816 -614 0 579 745 -219 326 349 67 774 
516 298 572 -719 188 298 942 -706 0 -22 -227 528 -661 -182 -862 -838 659 126 734 -20 489 -946 733 411 -66 323 807 -892 262 133 -226 -341 -683 562 185 -605 -463 323 760 5 -134 789 482 631 -138 -469 -934 650 803 427 -617 -883 -98 810 -14 -281 498 -686 -957 234 -725 -987 -62 -813 897 -342 286 507 181 211 -104 -620 134 -427 908 -642 477 953 -385 993 -966 44 -104 -441 -578 271 -738 -299 -250 24 -955 -705 184 452 -123 781 756 947 -331 -431 
543 -901 109 -266 -571 -85 417 -556 641 -659 -575 -903 -705 -412 85 -882 -255 -453 -93 247 -330 -717 -168 197 310 382 706 -315 -646 -119 6 691 716 358 -964 -639 441 -618 -588 983 402 666 -723 933 -794 315 -724 16 916 -224 -744 -841 -740 -458 195 24 -206 -981 -270 69 720 -279 -429 874 -195 952 -275 880 82 -299 -141 135 -138 61 554 328 -519 57 775 -603 805 -836 278 -1 766 255 -470 615 296 567 -349 -302 -935 925 301 -595 -320 237 -419 -132 
-245 236 584 -832 -95 739 -738 -149 53 867 389 -406 677 -797 779 -923 458 -52 488 -961 -952 768 -571 721 -591 -447 868 -916 438 438 871 456 -472 -64 145 -767 193 162 -183 -421 362 -635 -505 14 -588 -524 907 837 -679 350 -985 473 -252 -508 101 -985 266 -548 279 -768 861 176 -176 -619 -634 179 883 64 -217 92 645 343 -442 833 389 -362 -556 -750 -564 68 77 79 -199 761 176 -34 -600 188 -235 535 -556 481 525 831 592 966 849 603 762 -504 
542 223 -26 487 6 727 -330 999 100 567 57 328 864 565 928 663 -269 668 414 414 773 708 15 771 252 -892 818 104 760 492 423 -885 -174 -319 -715 -995 -745 -903 688 104 977 605 415 -29 218 391 -689 132 185 -885 1000 -288 557 -123 933 -111 -372 581 -530 -933 625 588 -363 -487 -74 -948 -352 397 66 789 -211 836 788 -766 -932 -974 707 244 131 131 64 169 -545 -985 977 389 -300 727 -246 360 -896 687 -383 382 -798 -189 110 -705 551 506 
-969 -742 582 196 -896 -544 -843 40 -191 -761 -413 -407 221 -613 -140 -412 -980 -357 -674 -926 463 819 -986 -61 504 462 498 -306 660 -324 -932 -550 92 -946 -609 -212 -691 -205 -380 -906 -753 74 -443 781 649 369 -702 425 603 299 255 -718 236 -633 81 -797 148 115 471 -433 -210 173 -598 620 147 -356 250 -594 -763 341 345 -295 722 -476 -483 -257 -319 -251 -308 770 145 958 441 -585 276 -838 -929 556 -437 -122 458 711 -180 -958 -803 -255 122 -836 941 -199 
-646 -246 267 267 -50 -448 -396 -731 519 -314 -888 643 -103 337 644 -191 -333 961 -323 -328 -788 -607 357 931 694 452 -813 -293 990 -390 -455 597 -96 615 832 911 -730 -195 -764 -940 -14 -289 -452 -364 361 -371 696 6 354 -222 -398 -404 -882 481 -226 710 -622 -376 -721 603 771 791 447 -612 6 626 -92 -127 19 965 509 404 14 -662 932 -424 334 -375 73 321 782 -794 995 -161 -825 919 -441 841 -451 328 451 871 -741 -568 -20 -688 -96 -221 447 -762 
326 886 -60 708 -148 -686 -392 -328 -754 634 -733 913 -907 -736 -602 807 726 -462 524 -659 134 -582 236 339 -573 -747 -388 510 672 -20 821 538 -170 547 179 -498 -884 -940 -754 -91 -765 885 29 4 453 453 450 459 -688 534 -267 701 95 -742 -709 -582 -836 411 167 -204 219 341 -801 -926 434 423 -238 341 -296 23 -564 -288 -849 289 801 -143 574 -747 -703 440 -236 -942 675 -567 -830 70 399 119 -469 -973 -373 750 -348 -94 -866 -257 226 -874 -845 595 
245 -151 -646 329 194 -426 -625 265 -697 -697 -446 -364 -377 724 782 -787 -691 85 -218 208 -359 -814 -809 -555 -959 267 -670 366 -654 29 -288 -171 -624 -917 215 -65 924 417 -778 -623 -7 655 -597 -827 -688 975 67 294 -365 -269 -197 -793 -141 995 -591 604 -608 -224 534 -583 640 537 -984 775 278 949 357 -614 -379 -391 -914 -422 -526 295 -408 -804 -74 74 735 -72 101 191 -746 -447 -537 566 33 395 -371 702 -675 -582 -215 478 -491 617 16 934 -970 242 
114 -95 -26 969 400 -379 -567 815 -148 -148 -124 218 -394 683 -198 266 852 -112 227 195 -170 -230 279 87 -447 39 675 -527 918 524 833 100 -90 270 645 -242 831 -154 -752 -213 -484 985 783 993 31 -550 -59 57 864 73 148 262 -617 668 494 -572 -572 708 672 252 -892 -746 253 492 -885 785 -319 892 -995 -206 675 -903 25 695 602 -305 934 -29 812 -689 132 185 -885 -417 557 -123 -111 868 581 -810 625 588 -363 490 -487 -487 -948 -352 397 66 
-869 -239 836 788 776 -171 -718 -165 103 974 314 -985 389 407 -877 -246 23 360 -896 -281 478 180 -798 701 110 -680 506 -763 -742 349 -544 -843 -351 -85 -853 -191 -761 835 -762 454 -140 -412 592 -357 842 -926 572 -986 -61 504 462 -182 -306 -324 -932 -550 473 -108 -946 -41 -212 942 -205 846 -589 -906 -753 46 -443 -645 369 403 98 -930 -930 603 299 427 236 -660 6 -761 -952 471 -521 -855 173 620 -430 -356 250 79 844 -763 970 -295 283 -476 -257 25 
-251 677 84 145 958 441 -585 276 -838 -637 -929 556 556 -731 152 410 590 458 506 -346 597 -958 155 707 122 -836 749 941 -199 -646 457 251 660 267 -396 -351 -496 -888 643 -103 915 -845 423 -191 -185 961 557 686 -102 -607 931 -253 26 452 541 -293 215 215 -129 -162 706 -865 832 -113 911 699 -730 -195 734 -764 -364 752 -940 -14 -927 974 -52 -452 634 361 716 -371 696 234 957 -398 -514 481 243 611 -376 -721 603 771 314 447 -917 -273 552 110 
19 -646 965 138 509 404 -820 14 -177 461 -820 14 -662 932 -424 839 -506 73 -262 -603 782 -794 -487 -441 -949 -112 871 -774 -20 -688 -61 -221 447 326 886 -60 708 -686 -392 -948 -374 -623 -450 -684 -733 221 590 975 720 -348 460 -909 -462 -581 -581 569 -974 87 236 -887 -44 -899 604 893 672 -20 538 109 311 -427 163 721 -645 -645 -77 -91 -765 900 861 -857 837 450 160 459 -688 534 534 857 701 95 362 -147 817 411 167 292 -220 974 196 -926 
