-923 713 493 728 120 -839 -537 413 -288 -372 -808 -503 -431 860 -328 502 816 455 -745 -86 -556 -859 -531 855 136 -589 -209 549 653 129 183 519 347 -385 470 -772 -516 -361 -944 101 -301 -557 750 757 -925 200 743 669 -543 940 -461 -6 -482 -874 385 763 557 -919 816 116 75 -72 -235 529 253 -487 -192 -238 -665 -387 45 -857 709 -853 606 -6 588 -221 -974 -299 -853 30 578 357 -515 -25 -655 240 -655 -700 782 286 180 -877 -748 -888 -908 -904 881 634 
-607 524 907 -63 -5 -517 -315 -399 556 742 -455 205 734 -873 -124 798 372 798 585 -882 17 158 -408 -306 -479 -372 834 -784 -952 -713 -921 -656 18 267 -350 -857 -418 6 604 -154 -982 490 -656 -47 337 752 -677 -155 -307 -977 -677 437 -373 690 -56 -766 -664 -687 0 -129 -647 577 -885 -939 -730 -976 -507 -151 -635 784 -524 394 46 317 -975 740 525 271 724 -671 760 -447 753 -739 -758 253 169 -780 -575 839 184 442 -446 207 359 -525 -133 -1 -918 679 
-840 -415 346 -902 -666 121 -69 -211 -773 -417 -86 798 -424 296 317 310 631 -293 -54 669 429 -546 882 816 436 568 -24 70 -927 679 -552 495 -925 -908 -259 305 -712 -425 304 761 178 31 298 800 260 -883 737 -553 -588 639 -790 -986 167 -759 -130 647 357 -295 175 926 534 724 -324 54 -185 -825 405 -488 811 -579 -429 880 -723 186 -464 -102 -549 -462 -985 204 -182 455 792 -661 -183 658 -189 910 -929 414 -940 -13 -660 -629 -816 715 788 -88 374 601 
-263 -475 -39 923 -130 5 81 -857 315 864 864 -47 241 -383 48 379 653 305 -328 -696 0 429 991 -355 -834 -800 -772 -754 197 853 23 104 -72 160 -19 109 -685 -759 525 -960 -209 479 479 967 -417 -417 -884 367 782 -930 -541 -867 155 363 993 -455 -813 954 168 -407 -880 839 -557 530 465 -983 605 -662 183 -955 292 -890 220 -350 252 476 202 120 -67 -223 806 851 237 -849 -578 346 -600 -711 -591 -179 -179 0 -564 180 758 -750 312 908 690 -296 
-276 38 -424 920 920 91 577 336 590 836 853 -204 995 173 -75 -517 -376 -127 736 992 649 462 -349 -481 -773 -234 -420 -848 -136 -808 769 846 635 437 595 335 -846 478 -632 177 167 531 -176 762 -619 517 -774 783 958 -59 -311 18 -24 -907 -907 -686 407 -291 -979 -979 -491 993 284 -304 438 375 -603 -669 -599 656 -423 -516 -896 -630 -215 -698 -130 273 513 461 -504 447 943 401 671 -891 833 -315 -385 -781 -204 -854 -379 -35 -707 17 -787 796 -526 -854 
193 -861 -789 290 858 951 -882 -437 -249 213 846 -382 469 -938 900 -694 588 829 -404 -424 -910 54 850 214 -547 -170 -340 857 705 530 413 -782 -143 608 -788 -704 -911 261 -395 -256 -317 69 181 -995 675 -196 623 180 1000 -271 -629 -145 850 881 -361 439 486 492 449 565 -339 -372 -866 -6 -349 686 10 712 883 112 620 586 533 -846 533 -846 -999 -225 804 707 856 -172 -527 857 -1000 255 651 -873 -172 -471 -145 -328 179 179 -122 166 -381 147 -581 779 
-506 671 844 280 -53 707 -766 505 -372 272 463 130 812 -687 798 595 691 -774 -518 -736 737 -851 -15 -792 307 61 -741 83 568 602 970 -418 439 312 -52 270 -613 -779 -803 -542 8 214 747 -332 492 265 -787 274 -766 678 324 44 309 -175 335 -158 -580 -39 -135 -987 972 74 685 -535 199 -500 -143 -624 -545 337 -395 852 649 688 363 -968 -259 838 -872 -116 548 958 -892 720 -356 515 765 375 181 950 -40 -715 950 -715 -987 -484 445 448 549 -272 
-703 550 92 350 -445 198 356 -774 788 -67 -238 386 -350 -214 -18 586 651 609 561 65 909 265 -636 -87 -239 -254 -44 -953 619 -113 499 996 -290 906 690 777 237 705 -2 -524 250 682 -227 136 581 41 970 -83 598 729 609 -937 489 68 -142 -608 119 334 846 -530 506 -256 933 -870 -193 -717 854 -290 54 -9 763 369 405 -549 304 124 907 -212 -102 716 -198 906 526 -629 762 -617 263 -942 146 -417 997 -724 110 -470 416 633 804 -223 32 983 
106 -617 129 -779 -869 -753 749 -348 954 -785 814 95 -117 -239 -512 -942 926 -730 870 754 -966 -466 -1 134 -685 -163 536 -436 748 -133 -521 325 -730 -881 478 -159 -987 -284 -990 198 841 29 -40 639 103 44 744 -842 468 -572 -59 857 -661 -130 975 -403 436 -304 524 -563 -332 -490 85 -528 909 894 928 -528 337 558 -380 -466 683 362 -882 -191 -881 -332 -737 -849 408 936 293 -47 -700 -623 -227 -133 -263 -386 756 -207 259 463 181 -169 702 979 -796 963 
947 -78 117 -161 -89 -585 965 965 -925 -13 253 -803 388 -784 82 239 17 770 925 -490 -251 69 204 -932 -405 383 -17 -879 -344 -10 -625 -213 -175 584 65 -248 527 202 489 -916 -806 811 -630 561 228 718 19 -438 -498 557 938 -110 -816 37 677 -599 945 108 533 -246 -494 752 -976 -753 -961 569 -729 532 -450 -827 -277 861 245 -59 521 -550 176 -838 -116 124 -732 -995 -920 132 -263 -875 54 624 -338 175 924 -74 -106 -168 873 -154 -530 887 458 -197 
621 -39 204 392 -242 982 -325 473 -431 630 152 385 172 -536 -230 313 806 -347 -535 606 -77 269 846 671 -614 -460 84 -912 813 640 -21 -708 -91 -308 507 -618 -351 -88 216 -758 391 50 332 -48 701 -964 584 -845 -502 685 33 -232 546 -87 630 -141 626 603 501 -39 -783 481 259 949 291 120 740 655 806 -21 -457 164 -905 -123 -594 -210 -958 544 859 613 208 -405 171 572 120 -418 950 583 4 167 897 815 -219 463 22 868 -139 -474 -879 -281 
831 293 10 652 657 311 238 -938 -319 464 837 641 -581 -112 -838 -816 -831 439 9 987 634 74 21 115 460 834 -898 813 83 862 -461 179 187 -782 133 87 -563 148 -711 -120 -150 423 -259 781 -803 939 -656 391 -258 -578 -120 118 -738 -433 -843 88 515 -607 394 -285 -378 915 -417 -391 -747 297 -888 -683 867 27 884 644 -492 -551 252 86 -119 292 -759 -516 -916 -897 -299 51 508 -436 -473 655 844 -540 -112 338 -299 -588 -54 136 808 -89 -63 -224 
679 599 -732 841 243 472 503 780 34 -96 -642 -796 475 600 617 -462 146 765 284 391 695 871 923 181 215 511 -550 -969 535 -307 401 -559 716 42 -50 386 -958 731 548 845 -326 -549 118 978 521 -524 591 -661 203 807 141 -669 207 -948 -434 498 696 696 -283 613 -628 808 -47 -190 -380 -168 -675 99 559 -142 887 -38 871 632 -494 -431 -865 880 -607 23 337 -506 -554 -621 -181 21 -322 964 -819 215 -712 -548 477 718 -898 679 -939 -772 -774 -863 
-154 176 -467 638 -688 412 356 952 373 673 904 -906 -58 -475 716 804 863 360 599 94 -621 743 -16 16 -966 435 391 -239 -364 -856 -850 -486 31 181 550 -891 15 -696 430 755 -327 77 964 -206 852 151 -773 779 642 863 -882 513 -916 80 -73 227 -935 -125 555 621 458 228 -11 -578 574 297 -384 155 859 -963 358 377 439 -352 526 -630 -176 665 -539 -859 141 -921 -950 -49 804 647 -444 -600 -991 -79 -696 390 118 265 -407 531 306 -51 229 117 
88 -454 -802 487 846 646 -233 -799 -477 870 304 913 -757 416 68 978 -901 763 761 -879 258 824 68 -273 -49 -922 731 -577 711 621 622 -806 500 -252 -970 681 -960 -974 -652 564 -720 -3 -950 -487 -220 875 43 316 80 -578 71 192 834 650 -42 -529 9 -437 987 282 -4 488 -515 -483 923 798 149 390 26 423 -938 -244 7 288 254 -923 -764 -309 -364 766 622 -292 -145 -403 253 198 -989 147 -925 238 667 570 -328 969 -122 18 243 725 775 -814 
611 429 217 665 -175 485 -272 817 -577 660 513 -280 -116 195 -28 925 364 -867 369 916 750 -519 -60 -261 206 -22 -669 79 -98 -68 -810 31 316 435 269 138 -69 -877 -791 -566 136 -921 -801 871 564 350 192 917 470 773 925 -463 567 -545 484 -611 -373 -271 829 502 -608 467 -994 825 -817 681 982 -102 -607 -755 -342 -933 909 292 -878 -960 -348 150 -977 -43 -960 154 194 275 -773 913 771 990 335 -738 -100 738 -771 -539 -965 694 -987 573 330 -455 
17 -360 351 -632 468 249 595 -854 -752 -308 569 -632 -543 939 -830 240 -854 -745 -870 895 114 642 -813 -85 -548 259 497 969 923 597 -299 -180 -719 501 -999 -560 -674 -693 18 -488 -877 -332 -417 26 847 254 -870 -880 643 -52 827 -33 303 -220 433 -141 -719 -699 900 -960 -919 -485 -697 760 657 -347 -949 -970 -698 426 441 -68 -692 -535 786 239 -764 -363 192 -966 -863 914 339 -986 985 24 -598 -683 123 -429 758 -455 -224 951 -161 -844 92 876 258 599 
196 39 633 -967 908 893 488 139 154 -713 123 196 -696 -355 -118 -127 -239 -126 -68 -132 -874 276 -790 641 -166 538 -154 -647 -331 -688 879 570 75 -754 880 -182 720 769 154 -820 -812 -602 888 -902 381 -546 -350 659 57 -126 534 -402 567 -509 -189 622 -491 865 -509 -333 -918 -311 -261 343 -58 -85 126 987 632 97 613 315 -116 -280 789 -99 -62 -663 -365 -144 804 -524 -158 438 -825 -923 817 694 -996 102 108 307 38 -364 -36 -89 -854 754 238 880 
-192 -150 -510 -281 -790 271 -699 872 752 266 -300 387 684 692 299 884 662 671 -459 -29 181 -901 -857 746 231 -172 392 -110 -70 -912 192 -850 -632 -70 665 881 -710 -993 -6 -986 709 340 -708 -740 -62 -198 -758 -288 200 432 -653 519 705 914 -534 173 -600 468 610 -69 -52 292 899 -627 -161 -608 -773 -653 632 -989 923 220 -463 614 348 -20 -714 -411 884 -163 -454 -449 911 -508 -966 -598 -485 -131 172 128 415 -296 -820 904 347 390 -417 656 245 612 
-354 -428 -561 528 902 -169 -947 -390 -108 -436 -891 -914 -603 -227 239 394 -147 -101 525 239 503 953 113 253 391 888 -337 -612 57 -58 -483 -846 428 524 -874 -576 -87 -733 872 97 282 -567 -874 309 153 -4 547 -695 -517 889 -538 -157 -239 -688 -593 -80 -395 -722 146 -722 165 -717 345 -140 281 163 879 -779 203 345 -43 -619 511 -298 -122 -216 630 -268 719 -647 -821 -984 348 -838 -581 -876 -462 639 919 316 -843 929 -536 77 72 -724 -39 230 -367 89 
55 -413 872 -158 -192 690 -914 669 -455 418 77 -759 -124 -230 544 271 568 549 -108 -692 -965 -348 -634 -330 -687 -800 -854 23 -207 -489 711 -368 -521 307 -73 249 -632 -616 -861 149 -673 -219 865 726 382 -121 723 -782 604 731 475 -250 -764 593 -450 -19 -105 374 -99 -207 -56 390 588 294 -701 -452 -458 -824 -255 -86 -908 -748 4 -302 175 1 -690 -661 -849 250 822 -355 899 917 -751 270 682 120 644 -574 560 -331 411 -570 -373 -511 920 558 29 -460 
-426 118 -524 -87 -826 326 -747 -953 169 -995 -571 -919 -167 -572 -409 104 -572 421 38 -962 -501 649 -653 -606 451 431 -282 -172 -304 -974 732 -350 -192 537 -489 54 -54 -787 -493 25 878 555 -413 -699 -249 -71 842 135 -948 -452 -595 -204 -588 -656 73 -750 -210 -55 99 -102 400 14 -686 -718 119 -188 -781 -852 350 -11 2 689 -839 515 -498 163 -823 -54 -517 458 -749 635 -868 -539 215 -887 -35 575 -787 -535 -958 -289 -840 -557 -815 -917 459 -935 931 526 
462 -956 -345 -311 58 -699 543 886 884 110 871 -646 190 97 182 -464 -849 -613 -333 308 -71 713 595 -858 -796 189 180 -129 389 -814 320 -486 37 343 -877 -963 -718 -708 385 428 -412 244 -902 -930 -414 992 506 385 -584 235 838 -904 -244 511 836 888 31 -170 -996 191 -857 647 -181 -252 -63 891 888 -347 -873 -657 -592 -167 -565 782 -356 -240 -811 14 246 798 -890 89 785 870 -896 883 -424 -391 -561 380 263 372 -364 -349 830 982 -278 -508 -349 294 
-320 -279 23 -651 755 -737 -961 857 634 552 987 200 -831 898 -276 919 563 600 -249 -491 508 91 -503 283 838 651 793 854 -376 374 958 469 -686 -823 -576 -155 228 -219 -816 -341 584 751 111 -690 418 66 -680 -915 946 -227 -754 63 -933 -535 -164 938 703 -68 880 -414 -722 665 139 452 61 166 326 787 287 70 176 565 -89 271 -711 92 -345 906 -928 460 -126 -882 -397 -797 40 -57 505 -812 -570 123 886 -482 -851 -60 531 -934 112 -508 384 642 
764 -436 43 -469 -442 -141 580 -799 -739 -667 -705 -774 -835 132 106 292 909 566 -423 222 367 -334 4 866 -608 -934 302 99 -222 -581 829 -528 -708 -60 845 44 366 -846 -100 -288 187 -601 732 -999 -49 466 -830 778 -984 54 -365 668 -762 182 261 178 -722 293 792 -879 714 -694 628 11 290 712 362 -31 276 -71 754 -989 -512 -951 605 -298 412 -19 -682 54 292 -407 647 -498 -757 -521 369 644 991 -295 957 -188 -317 468 -156 924 87 504 891 909 
-367 -328 502 -856 -305 -421 -984 325 544 92 -543 803 351 -313 592 855 -589 -993 -639 549 217 306 129 180 552 347 -390 470 -516 -256 -361 -222 91 -557 750 757 -164 -925 200 743 669 -543 -474 -410 621 -520 -696 385 -111 -887 -929 557 -655 -919 -335 -264 33 455 -72 529 161 -487 587 -63 -238 261 85 -542 -562 -387 615 45 479 -857 688 -284 606 588 -846 -846 694 -463 494 -834 30 578 357 929 -782 889 -152 240 -655 -652 -700 -55 -132 782 563 -311 
-829 -877 366 195 -849 -904 251 634 -588 905 524 -751 907 -185 -63 -517 725 -315 -399 556 742 -79 -164 -164 930 882 798 372 798 -193 -918 17 -408 -574 -122 -139 759 -479 487 -128 755 73 -107 -713 464 -656 -720 -720 -417 267 908 -910 -418 -92 847 52 -360 -927 777 636 -350 490 -47 -374 37 -89 678 -472 -155 -508 -839 -328 -35 639 -708 -951 -448 -766 -664 -687 0 -129 -647 577 15 -821 -939 -274 265 760 676 -151 687 560 183 384 -448 967 -592 846 
-441 143 -434 -964 724 765 -300 -447 -4 753 -739 -758 253 -721 77 -120 154 184 442 808 891 -446 -452 359 946 199 -133 -1 -918 -243 -679 -413 -415 963 346 -902 -666 396 457 457 -28 -826 -417 890 137 -720 -843 -424 317 -447 310 752 752 631 -293 -54 357 654 429 -546 882 816 436 -237 568 406 -935 70 -220 481 -668 -552 -331 231 313 -909 -908 -259 -774 -903 -786 758 955 -164 203 -995 676 31 377 473 325 195 -328 997 746 -638 737 -368 -449 417 
-509 -790 -986 -850 644 633 647 -445 -37 -295 175 926 534 724 -324 952 54 682 997 755 -425 -369 590 -152 -271 -760 -429 880 -723 -758 744 -289 -102 404 -477 -462 840 -233 110 254 361 962 -985 233 -283 550 -937 495 -78 -631 -189 -536 334 -915 -696 -379 213 -781 -555 -393 -676 -665 -380 -413 -539 -830 -550 -121 664 -833 -865 -799 683 -79 461 -359 419 415 -229 -1 -62 985 30 -984 -85 324 -311 -267 -303 211 -65 -630 -630 560 774 894 891 -535 -236 398 
-364 -479 -753 69 -100 -622 1000 801 216 524 221 745 -186 -963 919 -983 -626 -716 6 32 749 -701 159 -729 -870 -570 753 184 783 -548 -131 -131 355 217 846 1 772 668 37 -6 -136 -941 -671 378 739 802 369 -929 7 968 -919 -518 -837 835 -888 -519 917 -629 335 -655 967 189 -88 601 -475 -39 -130 -922 5 -525 -222 -85 444 -383 -851 329 201 -328 920 338 491 320 -834 -772 834 -399 780 104 -309 128 -302 -685 -845 -960 899 -260 -597 -417 367 782 
-541 -309 155 993 -628 954 -407 -880 839 -770 465 -983 -160 183 237 -48 -48 -849 -427 346 -711 -591 323 -949 0 14 180 -585 908 -296 526 -276 38 638 92 920 577 -129 288 -204 173 -525 -517 613 246 649 -481 -481 602 -349 -347 -848 -267 -808 769 -797 -278 335 -28 -28 -632 177 458 -176 235 517 968 -586 -586 954 18 -517 -865 407 -512 -161 375 993 -304 438 -931 943 953 -423 -896 -215 -454 273 273 615 447 222 -961 -24 -17 -781 -99 -802 -707 687 
17 -291 -590 -854 544 -789 235 858 -437 846 846 -382 203 -576 -717 629 110 54 214 -170 468 705 -774 530 565 -402 -977 -788 -788 -704 261 -827 -397 942 607 181 78 253 295 -117 432 688 555 555 701 439 486 449 565 -339 -372 -956 -66 690 112 883 878 564 -846 -989 -999 -225 -700 707 519 -527 -85 -890 845 651 -873 -471 -145 -145 179 916 -513 769 147 779 -114 671 -528 793 -766 162 -142 130 -881 812 -174 215 598 323 -445 -390 -697 -772 -953 559 
-772 -418 283 864 -361 494 -915 -549 -340 213 204 265 193 -772 -778 981 815 -589 -158 563 591 -987 -895 48 -535 837 -796 337 825 -901 536 494 814 -924 -466 -565 -568 934 -567 -922 765 181 -40 -259 -423 -673 -310 634 -165 -898 520 4 4 -774 788 -237 476 351 985 -997 837 139 -980 468 -716 174 -44 -836 -113 -793 906 690 151 237 -773 -677 -360 -227 822 329 441 -475 -313 -255 794 -759 -766 68 -280 -532 -420 763 751 -530 -683 796 -351 -956 -721 531 
-496 -414 -864 494 14 373 -766 529 -574 172 526 892 153 -978 858 664 265 -585 241 233 -493 682 -801 -60 163 -807 935 172 175 -583 542 502 -117 860 -631 926 -730 870 489 -741 348 -317 -865 -242 -975 -745 336 -521 -437 478 -437 372 198 841 29 831 162 -954 -958 -256 936 -756 778 155 -331 -34 -849 346 932 859 -438 -966 -204 562 -254 -96 -764 848 702 624 555 81 -716 -463 -837 -43 936 -612 -601 -754 504 681 -419 -304 -502 -207 -631 987 445 -181 
73 -961 541 27 117 -161 392 -540 -585 524 -925 41 990 -784 -641 -779 599 -490 -251 -750 -712 92 -405 -981 -634 -15 -213 0 105 585 495 743 473 -650 552 -181 177 823 19 944 68 -882 -197 633 428 116 346 -691 701 -244 124 473 -621 -621 151 239 -500 88 -292 587 -987 -732 -874 -880 -261 -370 -437 989 -152 276 23 58 228 461 -449 -12 90 744 -169 712 262 -599 817 147 -281 -535 669 68 -599 -979 -788 -625 486 -247 161 -714 5 -728 769 -899 
-501 -252 -556 672 -974 134 -127 -62 -429 638 492 305 742 715 -551 -542 -439 258 738 207 -126 -894 -572 265 930 554 196 759 -488 -474 -579 233 -497 253 -18 -923 514 -140 209 862 -521 -756 -355 464 451 557 405 38 808 990 216 730 -249 -159 943 948 625 -324 149 744 463 -880 -212 206 473 304 932 354 -384 267 -426 250 157 42 -770 804 891 508 542 -330 572 433 -79 -249 -165 30 -653 -484 368 -961 47 -956 58 -661 717 476 -845 -614 658 -283 
368 282 706 692 65 19 956 -88 548 2 -2 163 361 -857 -509 741 973 744 938 887 156 718 481 -928 -58 -52 797 -211 402 -825 -206 -244 460 -648 -704 171 115 -418 950 687 -29 -671 714 642 417 -143 926 -815 -275 -708 954 -230 647 605 -724 837 619 938 -576 865 -643 553 867 535 100 -665 346 -766 467 -413 -653 -889 -607 572 39 -552 -879 -967 863 605 -886 647 -161 -71 63 -183 -356 -430 -377 51 8 -243 -537 294 -624 -665 467 -932 -63 -63 
-581 330 -619 -732 -355 857 503 -161 -449 -14 -796 34 -632 -160 -696 146 -420 79 181 -550 -818 -30 -307 314 -69 386 943 998 -891 -326 985 978 -465 -521 509 889 -652 -868 -434 -241 921 -661 583 -787 -582 -244 -417 84 -614 -269 -142 445 -169 -164 198 858 464 -607 243 -420 -181 -529 -897 -709 758 589 -557 -983 310 436 669 -999 -490 52 571 59 473 -570 730 49 -241 -944 132 118 863 909 -807 -997 379 847 -495 -776 548 391 -790 -333 -786 -337 962 -261 
547 298 -696 95 -900 402 -453 -779 272 912 500 -291 68 641 -657 -916 -73 -152 -935 -751 363 458 570 789 -150 297 -384 -345 -963 -413 -830 -70 -750 996 -630 -634 -176 665 228 670 400 141 -135 -796 804 -444 -66 326 -326 568 390 145 -315 871 914 233 -51 117 117 88 -658 411 -402 296 -125 304 50 251 978 875 -733 -513 309 281 718 -139 -118 544 914 622 -184 -778 -970 681 962 555 -721 919 145 -910 -467 672 -55 -823 -40 951 -177 -54 -537 643 
86 -515 681 -718 -961 841 84 341 -875 -444 -222 -606 118 -239 270 352 561 988 -953 -1 -787 -961 -858 18 -880 -290 233 -619 773 -521 -472 172 -637 -130 -817 -6 498 -724 665 -22 754 687 555 331 316 -280 -361 -848 695 -882 783 -968 -442 537 756 927 835 -478 -562 -885 954 -394 -608 -724 -440 434 335 -743 -744 70 -340 -213 -810 -68 547 -625 -11 161 -949 -106 -144 25 636 926 -327 229 143 370 774 621 873 -588 568 156 222 401 118 -652 -483 8 
418 -707 -584 269 537 -983 520 -198 -142 -846 -13 -563 -933 -806 -365 15 509 511 -523 532 769 -341 -46 66 914 -143 451 -99 823 -514 874 393 -360 -395 -943 -727 146 -770 -67 -307 408 802 -329 -415 189 -155 343 -820 266 529 638 119 -683 -223 -650 -945 429 -114 627 -872 897 296 900 -262 449 -849 -947 635 -641 539 -63 -996 102 -301 -769 672 404 -102 369 -937 828 457 508 -939 -791 84 735 524 -462 -266 -50 -204 918 -807 721 416 -755 -87 -738 -64 
-533 134 391 -119 -237 -194 576 -984 306 -794 7 -709 -311 617 5 286 315 789 951 -626 79 -667 636 -524 327 303 -627 102 686 955 -975 220 -843 306 -476 274 452 -790 -535 -974 -529 -107 -668 -594 -699 -433 -973 349 664 663 -608 -519 471 -4 991 193 -178 -934 460 -437 -271 -916 -295 627 -847 -930 -296 -843 278 695 913 -863 -720 -492 -138 237 -659 -683 -955 374 -982 376 -194 461 198 -202 -207 -579 71 -503 -354 -333 253 921 -728 142 63 772 -149 794 
770 -451 951 -72 -345 -74 -833 184 779 -501 390 -825 348 358 121 210 328 -612 960 711 501 987 -51 -232 720 -377 -439 642 908 8 773 429 387 -119 361 -573 -511 -164 555 -385 -267 -56 544 -999 -473 682 517 144 -931 -421 -868 -103 35 -112 516 401 -668 50 147 -975 -913 512 -845 437 -712 -196 -823 -317 106 -549 -183 -298 -861 -234 553 -439 -363 604 -160 101 911 831 -993 493 -373 830 -50 645 884 464 866 -677 -613 225 713 43 -479 77 72 -944 
515 -997 124 491 -268 -95 -327 31 275 -790 254 -893 -945 -555 796 -397 -411 -112 706 940 -55 -891 874 440 187 -82 32 -92 809 -133 -454 296 -714 -967 846 -84 -645 385 -512 888 241 712 -125 887 -994 -51 -411 -316 250 -462 623 -656 395 -219 583 -729 -131 -230 366 -529 259 850 -364 569 -265 437 -662 -128 -174 584 -660 881 917 5 701 -636 824 -87 928 804 141 626 -969 -720 612 185 -320 878 243 455 -75 525 565 -376 -162 -347 -170 -734 -383 574 
-502 -971 -828 -663 529 255 920 777 233 881 -205 376 -478 -471 570 223 -524 -879 -26 -324 740 582 197 789 395 -222 404 343 -248 -945 -745 -645 801 618 -461 -537 720 -378 -102 -472 956 310 -757 184 20 276 823 -566 -411 -326 -747 -988 -847 178 -940 231 145 407 -769 136 903 388 683 824 -567 -382 -969 -688 971 897 356 707 -898 -757 249 -838 -501 650 822 236 -242 139 133 -787 245 -749 -612 937 -698 -760 -432 551 -555 168 98 573 891 605 -759 -832 
953 588 -233 387 310 -852 -205 -787 45 -113 -736 377 -677 990 431 80 -636 -669 595 849 103 -908 73 -580 -263 594 -385 396 -329 -663 -583 -949 -776 899 878 -638 -638 -592 849 516 528 -913 590 -268 217 661 63 -645 861 113 826 -405 -503 -373 -253 -2 384 -185 53 970 -833 839 -530 -551 -304 -728 97 229 416 -939 209 -420 203 -623 -38 -546 655 -519 416 -155 -602 379 739 -751 -950 -826 -586 -325 54 516 -511 858 367 832 655 -159 29 781 -294 -128 
-860 767 772 -63 700 -599 753 -636 653 881 -54 -842 828 81 -383 -703 -955 -650 212 255 -488 -296 -572 710 749 743 980 545 -820 711 956 131 447 494 23 97 79 -731 -650 -321 516 -42 -320 715 371 -949 -314 -981 -277 -92 361 754 669 547 -288 -446 152 -482 -320 449 423 -158 290 313 841 -882 -464 671 -754 683 889 944 -974 73 -347 599 -159 -159 -653 289 350 647 -290 23 632 704 -465 792 53 -209 -766 549 -755 -505 -132 990 829 646 417 106 
546 -25 111 379 -449 439 -95 -121 -924 -128 -108 -944 5 340 -625 -626 952 69 -37 -358 431 727 38 671 -869 292 340 -946 89 157 366 -772 -639 -282 -158 -867 -25 -592 424 302 128 -177 906 -748 -686 -542 328 -155 896 726 -935 420 94 414 -145 270 -79 204 658 -401 -627 68 -970 806 729 -49 956 797 247 202 -361 966 -460 -178 -341 531 -280 -761 923 892 -759 -20 -411 -163 -454 642 890 -180 -485 798 202 -514 904 347 656 193 -741 -561 528 -118 
-109 987 -891 241 -227 -829 -147 861 239 121 253 391 888 -207 -740 -846 524 -784 458 872 -435 707 153 547 -517 -538 -80 -722 -717 -140 203 -619 -122 719 -984 -838 -462 919 77 -724 -367 872 690 418 -124 271 -108 -965 -330 -207 711 -73 -861 -219 382 723 -250 -450 374 -56 294 -452 -255 4 1 -849 822 917 682 644 -373 558 -426 943 326 -953 -571 104 421 -962 -606 217 -819 -298 915 -541 932 356 97 108 -757 799 461 935 680 -649 -284 822 236 -242 
139 422 608 350 647 -261 -978 -361 514 -802 836 -465 -768 -775 -378 549 -755 -505 -132 -670 328 770 -982 189 -889 -25 372 379 -449 -314 -69 439 -95 -987 -924 -983 -108 92 878 660 -312 476 952 69 -857 431 178 879 -136 -869 292 340 89 343 -887 223 -639 -675 -893 -155 -26 -867 879 -25 -127 -954 424 -346 415 128 392 734 933 701 939 -686 -542 -126 402 880 -45 383 14 726 -935 420 -126 -273 486 -804 686 270 -79 328 -617 -666 -658 -401 -885 -627 
-923 -235 -430 975 286 -450 -516 231 214 -792 -148 310 860 428 -883 455 -745 325 -389 -556 -859 803 662 592 960 -589 -639 -209 637 217 306 590 552 519 347 -329 778 -256 91 101 203 208 583 -164 -925 -679 -213 961 -543 -410 -482 -874 385 -111 -887 -929 -734 -124 -919 816 997 -752 75 -804 253 -98 -962 -238 261 -542 459 -825 -254 762 551 566 -857 -284 -6 -206 -846 694 -299 657 -553 30 838 578 120 205 889 -655 -309 -403 -132 782 -70 -101 -748 195 
-849 251 -107 905 524 -751 907 91 725 843 267 -296 -489 570 205 -773 734 798 -512 -882 299 -408 -122 -931 -90 -479 -227 755 73 11 464 -921 -52 18 195 267 908 346 891 -92 847 604 283 -154 -982 644 -268 365 752 -677 -508 437 -373 690 -951 -56 277 -513 0 46 859 -885 -364 663 265 184 -976 104 -151 407 243 -524 46 317 740 846 525 -307 -964 1 -790 -300 883 574 301 -281 253 -963 77 883 839 808 -119 -186 627 -1 -918 -679 -872 855 
-415 -100 -787 396 855 457 -28 -826 130 -86 423 798 248 -126 310 622 -293 357 654 -546 953 -534 150 155 568 615 -24 -935 70 -927 -727 -552 757 495 -909 -774 305 -903 -786 758 955 -102 -164 -944 -995 31 -663 298 -760 260 746 -638 752 -368 -449 -509 -427 999 167 -130 647 -37 358 251 -282 292 -324 917 -825 -425 326 464 811 -152 -271 -579 -760 628 915 -692 -464 -289 -102 995 -462 840 -233 -429 -182 426 -985 455 550 -937 -111 495 -823 658 -631 -660 
-101 -696 -379 708 272 -555 -393 -676 -665 82 -380 -413 -539 -830 -550 -121 102 262 945 -7 272 420 -185 -359 657 419 676 439 -662 585 -127 416 278 636 -402 324 -311 630 530 211 -114 -131 560 -535 -341 202 882 -364 833 -753 69 -608 -9 1000 -951 -926 -530 42 725 -757 271 -464 -970 -983 -902 -825 716 326 -925 96 -307 -577 -700 -434 32 749 -701 -610 341 -912 -342 -562 -34 364 -732 184 99 -358 204 355 293 1 674 772 668 -180 -401 -524 443 -980 
-671 378 341 -324 -199 805 350 887 126 126 968 -518 -1000 -837 835 414 -888 295 -660 -629 651 715 -18 -606 -88 -121 601 -263 454 923 5 81 -525 -857 -222 -255 -47 259 -383 48 782 305 -284 -696 -596 991 -355 -65 -800 -772 834 197 780 104 -72 159 806 -685 -219 525 -960 649 503 -597 967 -417 -417 367 367 782 -541 841 155 363 -455 -813 168 -880 -770 530 -557 -983 -88 962 183 659 3 140 -888 879 -411 61 737 -690 220 -591 202 120 237 806 
851 237 346 -936 323 -179 0 -721 180 312 -924 -296 370 -276 38 -424 920 91 336 -204 796 173 -282 -75 -376 382 -121 709 649 462 -773 -862 -848 -267 -689 -808 390 635 -278 -846 478 -632 301 458 -176 -592 517 750 -749 958 -59 18 -24 -517 -865 407 -512 -161 -979 369 993 891 438 -937 -669 -599 656 -423 -516 728 728 -215 -698 -130 -265 60 -504 447 943 943 -961 793 -24 -89 -17 -781 -204 767 -707 17 17 -787 -528 -854 725 -403 493 -861 186 -789 
290 858 951 -882 -437 -249 -777 213 846 -382 -938 900 -694 -248 -404 -89 889 54 214 -547 -170 857 172 413 622 608 -826 -788 -911 136 320 649 -256 69 181 -995 253 861 180 432 319 688 850 -419 439 486 -165 565 -339 -372 -233 -956 -349 686 126 712 883 878 -633 195 -846 533 -989 -999 -225 -700 707 -172 -527 -85 -1000 255 651 -873 -471 -832 896 -328 808 916 979 -564 110 769 -581 -114 -506 671 844 -53 -766 505 272 463 463 117 15 -161 -6 -147 
-162 -925 -152 -630 -186 -173 -784 491 297 -588 -490 -19 971 162 -70 415 -405 426 -233 -224 375 -213 -281 299 -721 723 -468 566 551 539 -972 116 198 138 19 580 594 -355 -135 557 318 808 -393 -18 -3 -845 -410 144 535 648 198 -615 -97 -950 -787 -633 -305 780 80 -249 -470 -835 639 238 -460 912 -431 -370 -146 -685 667 -832 414 44 -787 327 -54 -658 -325 -632 -654 -679 891 936 299 579 -85 351 -249 411 934 -938 -878 -157 578 -712 -17 273 -685 576 
928 692 762 -556 360 368 -559 120 -71 -899 70 -135 58 -589 198 959 -463 -781 596 403 932 -283 -688 134 -479 579 876 15 -532 -104 -681 776 -569 -456 421 -660 -739 971 -728 849 977 365 -564 207 -12 406 69 -420 -950 400 -709 -790 -142 -101 -783 -58 890 -388 149 -70 -520 -178 997 -900 -427 -650 -269 3 -161 -285 -292 613 -640 -704 123 181 181 809 649 950 82 469 702 -545 -42 609 628 509 -405 546 458 -81 -549 -708 822 -367 -174 428 -52 752 
837 187 -782 -27 133 -680 -481 -462 181 -686 -417 614 885 332 956 -4 572 -317 -298 -876 -166 -337 -161 -607 394 -346 -71 579 -961 -660 -458 30 -994 -784 -206 -451 -294 589 760 124 -784 515 272 416 -244 543 -854 -483 412 -263 -379 678 -220 787 331 542 181 -355 830 -216 136 808 -89 -527 689 498 -343 -601 -732 600 599 496 -184 503 -826 604 -244 -799 -796 358 -632 -688 -332 409 146 -948 420 181 511 -550 -686 598 -605 -307 -621 -568 408 386 943 254 
-643 -907 -326 118 971 978 -465 777 687 203 -661 -332 -153 -434 -595 -589 -661 -580 -580 489 -830 -870 -888 -177 609 797 353 45 387 -907 944 -142 -334 828 -169 144 -44 986 141 804 647 -19 -385 -451 10 -930 972 -69 509 922 655 229 229 117 -658 125 772 282 -618 509 -724 103 -379 698 182 304 97 480 201 -582 811 339 982 -867 -5 819 122 695 -272 -45 -569 288 462 667 -408 -199 -273 -17 494 -872 185 -289 -190 519 851 553 127 611 144 370 
-788 -804 424 932 -537 866 -167 -623 -48 -317 -718 109 605 834 -209 321 892 892 55 355 696 -804 784 -833 601 -572 153 -151 712 -508 -648 966 -303 -272 947 -406 -185 -3 215 -998 40 -718 18 748 -254 6 -687 268 806 238 23 -436 473 503 390 597 -376 -134 -173 495 651 66 -85 706 9 156 -634 125 368 -973 -351 -185 -175 -879 861 -857 891 -758 -102 196 760 -890 -4 -986 644 45 283 -961 981 416 -385 454 -97 -425 -536 -562 -885 -628 954 -443 
-295 184 -512 -335 59 104 335 -509 937 787 732 691 -790 -937 761 547 992 695 -625 -11 -858 663 -171 161 -123 -949 -954 -523 692 -106 385 992 -625 -858 -171 -123 -954 692 -807 742 37 -511 782 -802 -730 -233 162 1 507 5 873 -588 587 996 -880 -511 -644 -275 -799 -652 790 -429 -492 -763 679 703 922 902 238 485 -855 -499 -528 675 975 -800 824 -241 -933 748 753 -90 179 -956 846 633 -8 905 631 -552 -513 7 364 307 -914 143 -581 613 -984 100 
393 384 823 -892 -201 61 -587 583 -531 590 -754 -46 598 -512 745 577 -847 971 594 -348 244 891 -211 -494 935 797 277 -383 52 20 230 -588 -734 633 325 -348 -948 -885 872 -739 -670 -779 -672 615 -845 424 -84 125 158 413 -596 819 514 728 645 -794 860 -232 26 -430 -548 -319 -281 -464 -699 400 -960 -746 963 -426 -384 864 -444 930 30 -797 476 577 -574 -381 -937 719 827 -743 -812 -372 615 -377 322 -507 -651 998 315 -22 -762 -262 -167 780 -827 398 
188 471 677 -791 -706 657 -926 253 -229 -188 -738 654 -609 236 -616 -895 674 -789 -739 -194 -614 -996 309 385 -803 -757 165 -4 77 607 -688 628 -388 641 -166 272 538 -647 -394 866 -286 -731 -370 376 -754 -845 -512 -724 389 -473 -820 104 -97 624 -546 -467 -499 997 452 -780 534 -975 -534 901 -491 440 32 -887 -796 -261 -374 654 622 -784 286 613 613 -23 176 -280 -210 571 268 -99 -305 717 665 -104 -143 -524 -158 955 834 -717 -348 102 869 524 955 181 
-3 458 406 869 731 861 5 673 478 -79 426 -120 -170 590 -740 214 -886 -720 -68 -313 544 -662 342 -957 -327 560 103 151 -812 346 936 708 696 -723 -881 -641 477 782 701 189 397 -454 534 -621 -634 687 858 489 186 -502 271 -429 -227 882 -847 506 922 944 -632 -787 -301 -796 262 278 -408 -927 -677 998 -75 -155 -720 -813 -560 373 -407 322 -454 -491 41 830 -955 695 945 376 -409 -245 786 146 75 -207 815 -292 593 -691 -634 -747 92 905 859 -227 
63 -196 826 413 -185 188 -451 1000 119 -474 644 -833 235 983 -556 -528 954 254 944 -983 66 789 -472 476 -237 474 -69 770 -132 352 -709 741 -434 -579 762 -566 720 -631 -23 642 -692 -876 -526 3 517 652 694 -463 165 -130 -303 712 -880 293 -523 18 934 76 -97 -668 609 517 90 365 144 -345 -931 -844 -421 178 365 -345 -421 -370 -138 -817 -112 -969 473 -986 -447 147 552 679 -913 -433 -845 408 -814 -712 249 604 481 643 106 51 -356 -60 548 327 
-673 -909 -873 -956 743 364 62 911 -278 -940 -503 299 763 626 -290 18 -702 -904 236 -238 983 354 265 -659 60 198 762 289 72 -828 -514 872 -138 -113 551 -110 356 -553 723 733 -753 -685 -16 58 -274 221 328 646 -162 994 -808 -105 -156 593 -307 190 -737 137 -577 -89 -971 -696 295 -91 -659 -422 526 211 -222 350 -80 531 840 169 -404 -212 823 927 846 489 -193 862 444 -894 515 808 -181 2 1 155 -729 -86 902 366 954 -644 533 327 -948 -272 
389 255 437 -182 -9 -866 634 -392 -282 -594 839 -239 -53 277 -772 -365 133 -986 -157 -11 -998 380 -977 624 207 536 243 -234 111 389 -835 910 -183 626 370 208 -629 914 574 884 914 -866 -317 -451 13 850 227 579 -474 233 -556 456 182 149 806 -674 11 68 340 190 -881 518 236 -842 -416 679 364 967 -558 789 -727 -920 378 -627 69 200 -734 235 -689 -465 -285 -457 -615 -140 76 -102 -926 19 -549 -752 -365 -465 897 536 -77 -408 -751 944 -326 -901 
-619 515 869 358 192 960 -388 621 -724 124 729 -681 497 852 217 -618 909 915 971 0 932 -479 714 97 -559 -698 799 -996 67 680 -649 209 -302 -678 109 422 702 -58 -248 277 937 212 -909 -375 -440 -663 818 168 -602 891 775 501 7 -805 -800 708 -167 -667 434 942 -471 253 -501 -491 -869 543 -22 -828 371 -682 622 80 -39 909 -255 -607 342 103 -521 61 789 -351 165 -504 830 -385 -267 712 517 490 482 969 397 569 593 -687 854 554 994 792 
-466 -736 -948 -765 590 144 217 556 135 242 -518 575 672 601 112 167 -498 -253 -2 789 421 123 -103 816 18 906 -814 -530 -744 403 793 -840 149 367 975 825 -282 -247 877 -30 -350 -200 -638 -625 -277 -586 -653 -37 795 56 534 947 575 310 -974 588 27 539 -868 872 -358 -801 245 -640 -389 927 568 670 -613 -256 461 -573 -818 -576 958 868 44 -733 201 631 69 -116 764 881 609 -181 -940 -122 -754 -230 28 -703 -955 783 831 110 -477 992 -162 710 
-429 -449 567 679 -57 711 -589 -173 -386 306 706 494 676 819 -828 -200 -438 -347 -337 258 513 -382 371 -828 -280 -694 66 811 -580 182 -549 -868 -384 363 -360 128 -702 365 -370 344 547 334 893 -281 -676 906 352 -101 671 -134 -834 -575 -267 912 -753 -635 -638 -468 -861 -739 -653 -901 289 79 350 -901 -901 640 -261 -356 -361 20 632 972 -364 836 -546 -768 53 -775 -378 -778 -941 -48 698 976 -670 328 566 -982 -616 -889 758 -25 372 379 171 280 -314 738 
-69 -180 -277 -189 -265 -215 -209 -401 -831 92 878 -661 -312 476 -690 413 -657 431 178 -949 -136 -869 -916 500 -946 233 343 366 779 419 229 -893 -155 -133 683 508 -695 -954 -346 415 128 392 933 939 -146 -879 402 -45 383 -104 808 -126 486 -804 222 -79 328 -617 -666 -649 241 509 777 917 782 559 -748 994 -526 181 -434 -306 -367 214 996 162 239 -79 355 685 939 -54 -449 -989 -934 123 220 -302 614 -46 263 -206 241 387 -454 911 -508 -966 -614 938 
172 128 415 -296 -820 -101 -570 487 612 -354 -323 -963 902 -42 -118 -390 -108 -227 -914 -603 571 239 596 -169 -101 525 503 -914 -124 -592 -734 -612 57 824 400 258 418 -874 -576 -87 -733 97 -567 309 -695 889 -157 -688 -395 146 165 345 281 879 345 -298 -216 -268 -647 348 -876 919 -843 -536 -724 230 89 -413 -192 -914 -455 -759 544 549 -692 -634 -687 -854 711 307 249 -616 -673 865 -121 -782 475 593 -105 -207 390 -701 -458 -255 -908 -302 -661 250 899 -751 
120 -331 -570 920 -460 118 -826 -747 169 -919 -409 421 -501 -653 451 824 -567 -382 -969 -688 971 897 -232 -479 -60 889 -898 799 249 -996 -501 374 -284 209 50 -566 109 133 608 79 640 -252 -290 -356 20 972 704 836 -641 792 -570 -775 -766 -778 -941 -990 698 -820 -604 566 417 106 546 533 -23 111 210 280 738 228 -180 -277 -189 -121 -987 -209 694 -831 -944 5 340 -312 963 550 -143 413 -657 741 727 -949 671 -916 559 -796 -990 233 343 366 -772 419 
-367 428 -883 816 -305 -984 325 544 -556 -859 -531 855 960 136 -507 637 549 217 653 129 180 -161 209 374 573 -390 470 -516 479 -361 -361 -944 101 203 208 583 757 909 -488 -213 961 536 -39 -461 -6 -482 -874 -24 763 -442 -734 -124 -604 -327 -752 75 970 -804 -81 -644 161 52 741 -238 261 -542 658 -825 615 762 136 365 709 582 820 796 -206 -846 530 -359 -463 494 -834 -696 -178 478 859 120 -593 -25 -895 949 -309 -132 782 563 -70 -215 -829 304 
266 -961 -888 -908 -849 582 -691 -107 -588 524 -855 946 650 -63 725 725 843 -399 -296 742 570 -164 -85 -942 -670 -124 798 -364 -512 585 -918 17 418 -678 -122 -90 -479 487 -227 179 755 73 11 464 -921 -52 -720 195 267 908 -910 891 -92 529 756 -112 283 -982 -350 490 -789 -47 -374 337 -788 377 -307 -839 437 -35 639 -708 -951 920 -766 -664 170 -687 0 785 859 15 -885 -364 -939 -274 265 -237 -631 104 -791 687 784 183 1 384 967 295 740 846 
525 -434 -964 1 765 -671 -447 154 -4 525 -281 -758 253 716 931 -780 -575 584 906 808 808 -446 -452 -186 359 946 -133 -466 -918 -243 679 -413 -826 -415 -100 825 -787 -165 748 -69 457 -211 -773 -417 401 423 798 -462 248 317 310 622 622 752 631 -293 -54 357 654 630 -546 953 -534 150 155 261 865 -717 70 -927 643 330 -552 757 495 -925 -908 -259 -655 305 -712 -425 -989 955 -164 873 203 761 -420 377 638 752 260 -883 -572 -863 737 -553 -588 639 
-427 -850 724 644 -759 -130 633 -543 -37 -295 175 -497 292 744 -94 952 -72 -825 -425 -369 464 -814 760 -271 -760 628 -262 915 -758 -719 640 355 995 -477 -462 -877 -985 110 254 -182 -215 -78 -283 550 -661 495 -823 -631 -189 535 -101 -434 -255 -379 708 272 -393 730 -665 -699 -413 -539 180 161 664 102 314 -572 272 420 -185 -311 376 419 -610 -377 792 985 -505 -984 266 473 601 -511 382 -364 -65 -131 560 -238 633 -849 116 202 -805 43 -479 -812 69 -9 
1000 -296 -926 524 221 745 512 913 -970 -983 716 -328 32 114 -263 -912 -342 -870 753 186 184 99 -358 -131 476 217 276 1 674 772 -647 668 -857 261 -941 401 -23 703 739 -633 350 -328 968 204 -518 -4 835 414 295 -519 -660 -629 651 715 967 65 -121 347 955 -666 148 -130 5 -222 404 444 -383 782 201 519 -284 920 991 -355 -65 -792 834 834 23 104 -19 128 -520 -277 -845 649 -260 -597 -417 367 -71 -541 -138 788 363 993 -455 -813 954 -407 
560 839 -557 465 -88 183 513 -48 -849 -849 346 -600 -936 -490 -179 87 14 180 -175 312 526 485 -276 38 250 92 920 577 -129 -204 -922 -525 -75 -376 -313 229 462 -481 -349 -349 -234 500 -719 -382 390 846 635 437 3 -846 478 301 458 762 -284 -774 -586 -59 18 -865 -216 -291 570 375 375 369 891 -796 603 438 -669 656 -516 -612 -661 -118 -130 -265 615 447 222 -961 -723 -385 -204 -99 -707 17 49 478 -590 -854 -935 -861 -241 235 -633 951 -249 -216 
846 -382 424 900 868 629 -89 -277 583 850 850 -547 -340 705 242 172 413 -719 842 -826 -788 -704 320 136 649 -256 607 -524 -995 54 -196 180 -271 97 688 850 555 701 439 -350 -165 449 -339 -339 -866 -6 -66 712 883 878 195 533 -846 -999 -225 -700 856 -172 519 -85 -85 845 255 442 6 -145 -145 896 179 916 939 -704 -581 -114 671 -171 -528 -465 -352 35 272 463 -881 911 798 -918 527 -427 -876 976 -183 316 559 -772 970 664 567 -443 270 900 
719 8 825 428 -805 -787 -772 981 347 -175 136 563 591 841 -895 48 738 837 -674 -395 224 536 377 -968 -259 838 -872 -235 477 -892 -659 181 -121 181 -715 -176 -423 399 -422 550 -898 932 198 4 -440 149 672 849 386 -350 -716 985 -786 -196 65 468 -547 -239 -807 260 222 870 572 645 325 151 151 295 832 349 528 621 -210 329 -749 14 901 -255 344 365 -759 640 350 414 -538 119 778 51 164 -439 -6 -683 886 -181 -281 -717 854 468 -9 689 
576 14 304 373 -442 158 -109 172 370 614 -978 -100 -902 146 -585 -936 110 283 -899 682 765 -674 -968 -869 -654 -152 175 -785 814 -129 167 860 -453 286 934 -265 489 -466 -1 134 -163 -745 165 -55 -782 -730 -84 184 -437 -284 31 -969 -499 -722 -558 162 -954 -103 -357 936 -275 -756 -318 155 -403 -34 -524 895 489 -510 139 -315 -254 731 431 848 626 702 -32 555 -687 156 -332 107 -849 376 -768 795 718 -227 700 161 -304 -907 -218 463 -25 -181 -301 542 
947 -78 -5 117 -161 -138 -540 760 -147 -29 -925 252 -582 -784 -779 599 -490 296 -750 135 -405 -981 -544 -815 -213 584 -799 315 620 31 979 552 177 393 -776 944 -693 464 405 -768 808 216 779 165 802 -795 -462 -494 -324 -787 744 17 981 -280 -414 -252 -200 932 -384 888 92 -510 692 157 -770 -862 365 356 542 190 974 934 433 -79 -174 616 -255 -815 389 700 -839 -935 -385 -956 -925 427 717 -79 328 -600 658 484 -624 933 134 814 997 65 507 -681 
-817 183 -984 -126 810 977 656 -509 120 -280 -661 -319 917 156 -928 -928 -58 -467 -173 -211 461 825 -749 -84 -117 460 200 404 171 -700 115 950 762 -767 -671 367 577 812 -143 -681 -815 -275 456 954 647 261 328 837 619 -680 -82 187 -776 -643 553 885 -986 -665 346 510 -413 -843 -653 -607 334 -662 571 598 672 863 491 121 102 760 -968 211 -192 -356 -558 -660 -634 508 -243 905 -264 294 333 896 516 136 -63 -601 -619 -732 732 243 -301 503 -161 -961 
-796 34 -533 -160 146 -420 -981 580 181 215 -550 711 248 -123 -307 566 428 -662 386 471 -958 -520 -326 -179 -470 -521 509 -652 -418 -434 921 -519 489 -130 -90 -417 -918 -353 -20 -142 -38 492 -926 -164 858 -688 -607 232 580 -621 830 -322 -948 215 81 649 -557 -624 -54 521 -999 -910 -64 52 638 59 290 952 373 215 322 470 -241 -888 475 388 -531 435 -997 847 -495 704 798 867 -790 292 984 -471 31 -939 -393 547 -397 -900 -453 596 643 272 500 779 
-262 -658 -414 507 17 2 -125 -655 -289 109 -110 -733 -290 -513 -462 819 -139 211 544 -993 888 -504 -184 -958 228 681 930 461 -465 -487 248 108 342 611 -406 -602 -40 951 218 932 643 -1000 488 444 681 -591 -709 -407 -465 258 -414 600 -213 93 117 -239 -508 41 -244 620 921 -846 480 -707 488 18 -321 -998 995 -619 -351 -521 733 565 46 -581 -130 -322 -946 -524 -323 665 -669 694 687 864 -692 588 24 -9 -19 41 -882 280 -795 -442 489 646 453 362 
-392 -885 49 587 -235 738 -512 203 -118 -191 240 503 -587 -858 827 522 -68 547 -11 161 -949 -523 385 147 12 926 160 229 143 774 -530 142 -240 -458 834 -880 -112 163 -537 -777 790 585 -99 -931 829 269 537 878 275 -198 -645 -866 339 -933 753 15 -419 549 511 699 154 194 631 -851 451 -659 326 -413 874 472 -892 -943 67 -727 -29 -610 556 802 -329 -415 236 505 -529 390 73 -218 638 -761 119 -641 -670 955 307 884 -794 -309 149 -606 627 -43 
-164 655 -440 707 708 -641 -63 -996 392 -989 -521 85 -923 551 -381 663 130 508 -157 565 -554 735 400 356 681 770 799 785 340 -501 969 416 -745 -87 112 -1000 -125 288 599 -789 768 -894 123 306 -101 119 948 658 20 -188 590 -166 538 -331 -647 -394 292 -141 -220 -527 677 -754 -649 -282 613 941 -820 -530 937 -838 472 723 -546 -740 -364 -812 30 853 31 534 -81 -879 -35 326 569 -491 164 -383 -969 -261 -335 357 -6 5 286 613 863 789 -626 827 
393 26 -524 -82 163 -627 -996 869 686 -235 703 962 -843 469 -885 514 -79 831 351 -974 730 -234 221 -115 -384 -433 -307 -973 664 460 297 -139 -656 -663 -756 259 528 -336 460 786 -437 -975 -295 627 -785 -455 -787 -843 870 -294 -442 -458 609 -62 322 -659 -683 -955 641 -267 -526 -194 537 -615 -202 463 708 -292 593 254 822 -968 706 921 -921 772 826 113 770 380 831 951 654 528 -46 431 848 779 -501 390 -825 358 121 -472 -191 917 -684 -775 352 515 
987 -232 -827 -14 -377 56 -216 -464 8 146 429 -728 -119 361 165 -511 -164 379 555 -385 605 76 412 931 682 517 90 144 -931 178 -868 -817 -988 -841 -595 453 928 459 -766 -638 903 371 927 370 -50 402 -106 -823 -635 -459 -778 -883 -298 -814 -234 503 -873 604 -160 101 911 831 -503 -480 830 -990 696 -889 464 -861 -156 -677 -497 225 593 43 396 77 72 -828 -246 -594 436 -95 -662 -327 -553 275 429 621 366 396 -41 -555 873 -162 -363 -66 116 -970 
-891 874 -406 -910 860 -802 -714 -92 809 398 440 -107 211 -222 -961 661 -23 -153 -25 888 241 -889 -144 -240 -977 -411 880 295 515 623 -588 395 336 155 811 371 -131 644 103 -925 259 -715 -364 68 -830 844 -9 -866 -660 -140 -114 542 -457 701 954 -348 928 849 -36 -342 -387 -969 612 345 925 854 878 253 -647 -75 881 -165 987 464 370 876 -383 574 586 -406 -602 -556 711 49 -909 920 777 800 48 731 376 -116 -547 -242 223 640 737 431 -26 740 
-558 964 -662 395 2 404 282 69 -845 -505 -645 905 401 -169 5 -537 -855 -180 -102 -644 -212 593 184 -465 -913 276 -77 -411 -815 549 -747 838 -847 -940 75 145 -388 -923 -874 -804 497 683 824 -298 -524 -688 975 -232 707 97 108 -698 461 -838 -501 374 -284 50 -566 98 925 -787 346 -749 -750 442 515 -616 -432 743 110 -33 -602 -335 744 605 732 940 953 -984 -845 439 310 505 -998 -205 -34 -708 -113 -273 91 706 623 431 80 351 -669 -607 375 811 
-820 -54 -351 752 830 -974 540 682 -514 -583 -776 -218 -618 854 -638 986 849 -152 516 -913 772 21 -268 391 661 63 -393 259 826 -262 434 -323 -812 466 -32 -462 -36 18 133 842 649 268 -840 149 365 -684 556 646 -420 203 -319 -547 187 -511 -567 -184 594 -535 739 907 -751 -826 -162 580 -489 361 840 372 -361 71 -410 263 -495 781 -110 -108 -573 -866 -909 -85 -569 -599 -394 653 356 -447 799 103 -922 -383 140 471 -769 831 110 -488 -423 -572 -35 -328 
752 -57 -820 717 -554 -783 447 23 97 413 265 -1000 -456 73 343 -320 715 -615 -335 -314 -981 706 895 401 -820 -829 -628 -804 349 152 507 -320 -48 881 843 664 -533 -882 -101 -263 -60 120 -267 -343 -17 73 53 206 280 -126 -653 79 647 -261 -978 913 514 918 -465 792 53 573 -423 522 -990 -257 -820 -604 770 189 106 546 -23 111 210 -449 228 105 -757 -987 -128 694 784 -944 660 -625 550 -143 -37 -657 741 262 38 24 671 299 559 340 -990 157 
-172 -772 -616 -675 98 -26 -867 -127 -769 74 302 734 701 254 -542 328 -155 859 14 819 179 -273 -585 686 851 -634 -973 -658 -885 -964 -399 806 -290 576 -633 -148 247 46 966 355 -178 565 -300 -994 -169 123 455 892 -650 -759 -20 -411 -163 -449 911 291 -598 -485 202 -622 -298 347 -417 245 -286 -428 -561 528 -169 -947 -123 -436 -957 241 938 394 -229 -882 953 113 -124 -592 -337 -873 -58 -483 428 524 725 458 -632 282 707 -874 -4 -517 -538 -688 -395 -722 
-140 879 345 -619 630 -821 -838 -876 639 929 72 -39 55 -158 669 77 -230 568 -965 -330 -854 -489 -521 -632 149 726 723 731 -250 -19 -99 588 -452 -824 -908 175 -690 250 -355 270 644 560 411 -511 558 -524 -826 -953 -571 -572 -572 38 649 431 -819 -298 -524 -541 0 932 356 714 -559 -698 799 461 67 -501 650 -284 822 236 98 139 133 -787 608 350 -252 -978 913 23 632 -364 -465 -546 53 -209 -423 522 -48 -257 976 990 829 646 189 10 758 -25 
-703 171 280 -69 439 -757 -987 -128 -401 784 878 340 -312 -625 -626 -690 69 -37 -358 262 38 24 311 299 500 -946 89 -172 779 -616 -639 -282 98 -158 -133 683 508 -695 -592 -769 74 302 992 -460 -177 933 906 -748 254 -146 -879 328 -155 -45 859 896 -104 819 808 179 94 414 -585 -145 222 851 -634 204 -973 658 -649 241 509 777 -964 917 68 782 -399 -970 559 806 -748 -290 729 994 -49 -526 576 181 956 -434 -633 -306 797 -148 -367 247 214 51 
202 996 46 162 -361 239 966 -79 -891 355 -290 -460 685 -178 906 939 565 -54 -341 -300 -449 531 -994 -280 -934 -169 -761 123 455 892 -302 -650 -759 348 -46 263 -206 241 387 -764 -449 642 890 291 -180 -614 938 798 202 -25 -622 -514 -298 -101 -570 -417 487 193 -286 -741 -323 -963 902 -42 -118 -109 -123 987 -227 -957 241 571 938 -829 596 -169 -229 861 -882 503 121 -914 -124 -592 -734 -207 -873 -740 824 400 258 418 207 -784 725 458 -520 -632 -435 -567 
