319 -638 -59 -334 -823 -576 379 965 750 -319 745 321 -127 809 67 693 -649 -562 -950 855 687 -619 274 -632 -815 957 -781 170 -182 448 -756 -667 -814 759 -757 -125 843 -939 -736 -947 218 986 -998 -998 -274 -274 -953 78 97 -279 -191 -191 -651 -651 213 213 -643 -942 -165 -121 889 -165 730 -93 981 676 471 -27 471 323 323 -351 -366 -757 729 517 -940 -439 205 205 -337 509 637 637 412 -104 -796 934 -540 -669 -786 725 -298 324 -447 -447 -304 351 -285 -250 
-81 637 896 -82 -82 347 563 -948 465 686 465 224 -39 491 -259 -553 -274 -973 164 437 787 467 467 -295 890 867 763 -339 619 594 257 -55 -61 -631 -180 -180 -411 -787 -469 679 295 965 546 402 307 307 307 -295 -119 325 412 -323 880 489 -911 610 -677 595 375 -630 536 449 -620 -574 787 235 -585 860 -866 -225 860 629 867 867 -844 -965 235 -915 -175 -550 -550 -276 -327 -676 -356 -651 982 -880 70 -161 874 241 -197 787 512 -851 421 -818 256 563 
782 782 -495 412 -872 -160 -160 -778 -923 215 -696 -458 -709 -142 -26 -664 337 327 -258 742 -443 381 -86 282 -365 -700 319 -914 855 855 609 -766 736 736 261 783 860 -410 -207 494 554 -675 -879 -751 432 -128 -609 -128 74 491 -34 694 -376 -395 611 433 433 -755 -708 -473 957 -890 480 191 -535 49 -953 114 -953 -212 -369 -992 272 -268 670 960 -279 -3 -830 535 -499 -937 -238 -43 -515 -938 586 809 586 163 382 502 -511 -717 -753 -364 -308 956 232 -592 
363 -313 232 -663 578 305 -910 -956 529 204 897 -89 -992 714 -463 -739 -739 927 278 -257 67 -572 -405 -405 529 578 529 -729 -102 476 -1 196 128 -49 -290 -667 583 -521 152 348 -955 374 696 360 -452 204 182 -451 -451 -503 431 332 274 246 -538 954 954 -290 -868 857 676 -871 466 154 544 154 -843 621 -673 126 367 107 172 822 -419 -419 833 493 -78 493 961 506 730 -354 -14 -14 33 -373 397 497 -676 414 -407 497 -407 -407 -913 -638 230 -799 
230 -290 8 -188 -542 -433 278 617 796 -794 947 -545 -670 -683 958 958 574 -839 574 701 -213 -903 639 -619 -60 -94 359 770 912 280 -465 -265 -240 969 969 55 -237 -790 440 793 218 218 764 659 286 724 194 194 598 505 339 -284 666 932 -387 -411 797 -975 -310 450 345 440 -251 682 413 337 -187 -493 -700 -396 996 774 -812 -581 -302 -755 878 705 164 -901 719 -578 -460 -95 115 993 -85 -85 -85 -273 462 452 -778 -244 594 328 -46 612 -412 -90 
-171 527 -75 -275 0 -170 213 134 -160 880 391 321 -225 -52 -349 -820 -708 -712 -712 -297 -503 282 551 61 264 802 -194 -194 -822 -617 -617 -923 -247 -750 411 321 -735 334 -483 -735 -607 -566 757 443 858 334 -566 757 674 218 34 752 69 382 382 -496 -953 771 336 527 516 516 -168 -361 -856 -143 797 -195 -132 765 502 445 -716 -291 -291 -544 264 264 395 822 579 -985 -833 -892 502 -571 259 -247 -897 -471 -649 89 -886 -884 525 -985 592 993 993 550 
-425 688 -142 -156 993 -275 -415 -519 -18 -820 213 607 -24 112 -326 -623 -218 -891 -891 555 -537 -208 -192 108 122 -8 -918 15 15 240 732 -353 528 -672 -672 390 898 390 898 878 40 949 338 338 217 217 904 404 -715 944 791 -408 747 -863 36 -994 789 -955 -910 -9 -764 299 389 435 -296 645 -935 -955 -393 775 -827 775 861 256 577 -543 664 430 339 144 247 -392 -599 -522 623 25 663 805 -698 -698 -409 -527 763 978 -219 698 -584 -584 -249 603 
-467 229 581 -446 581 -300 686 934 1 467 1 467 -921 501 273 273 -701 539 599 -342 371 32 544 544 -916 891 -801 -690 -318 -494 724 798 -95 -795 -534 -795 -106 246 246 -10 -10 -315 970 324 946 684 684 -256 857 521 30 -24 -556 -161 -228 269 269 809 650 833 178 473 -376 949 -272 821 -520 -521 -148 -148 20 -742 -347 834 32 595 -347 -256 -376 -256 226 -408 -434 731 731 -6 947 613 92 399 183 -602 -602 -254 260 -338 471 955 36 803 
-199 549 46 -199 46 961 -895 369 -2 -715 -657 1000 -276 -125 -455 919 265 -529 -123 -98 -556 759 443 475 -808 314 149 774 917 285 285 -299 -583 944 -276 -338 -695 -338 94 969 -902 413 404 -953 -812 584 755 755 -216 -745 -893 -996 -893 -996 -655 -600 803 -839 -813 472 -255 -959 868 -662 41 -833 -862 -862 -979 660 -979 385 503 -206 -244 40 -755 -664 196 -293 -293 569 758 -477 341 -289 10 144 -988 -305 -990 -392 -388 864 219 106 853 -912 280 -399 
-201 -269 -461 55 984 -956 561 44 -424 226 -260 -499 952 525 525 -363 -571 -571 -590 -833 -218 -218 978 -762 505 412 412 -513 -245 -322 285 -1 303 -426 917 157 -730 727 -161 -198 -990 -240 -135 998 185 209 -348 -231 -795 122 678 -421 765 -787 705 583 583 205 -578 -471 -717 528 -193 -122 525 -648 -899 920 -552 -948 -53 248 563 -790 72 841 841 69 72 -875 -568 354 936 269 -336 492 492 -975 249 -769 -769 659 874 -1 -964 -155 -15 347 369 369 
-19 -19 25 -279 803 655 636 686 687 968 737 731 571 -921 21 -3 634 -684 -684 -646 853 -736 -784 -784 -920 490 -164 542 -527 -527 -892 536 168 -98 -840 -484 247 169 169 364 702 -845 -534 -534 460 544 -322 8 681 -511 375 -273 990 -143 -61 204 -50 167 -624 -783 -29 -527 303 -900 -890 -908 -875 -398 -503 -587 -519 -830 -818 314 731 731 -591 -319 -140 -76 128 -528 513 941 319 -870 -152 -257 400 -671 830 618 618 -203 244 237 611 -609 7 474 
-50 319 501 501 -471 -476 -445 -343 -44 872 991 364 -616 -560 -104 554 -951 443 -701 -617 -652 -652 757 663 -431 -785 -353 -327 -567 -906 -150 841 211 999 489 236 -72 -535 -82 -268 362 -424 -351 251 -893 386 -182 -998 766 153 -401 -472 -472 -147 91 965 600 -207 -599 -914 -677 579 641 231 -677 356 641 -267 -62 406 -801 370 958 -6 -732 834 763 911 530 -328 -936 -180 -955 -586 -734 327 982 327 -219 887 751 67 -617 -729 716 802 -580 -580 470 -569 
242 -654 739 292 336 -119 703 703 -405 -264 -877 -809 637 -971 414 415 315 -443 -528 746 530 671 -350 782 782 901 -168 -216 -791 457 -277 -541 -674 -809 803 -255 413 -806 897 538 764 -935 -166 571 930 190 461 -296 300 -422 798 674 -742 -442 -784 -416 -416 -39 -557 -81 349 -986 671 349 -986 109 -961 -961 -961 911 357 188 -381 738 -674 509 -635 -644 664 -62 546 -921 282 -100 -892 -362 307 532 -778 440 -321 954 279 150 893 242 188 218 676 245 
245 -110 -500 -208 -219 -407 -321 348 348 164 846 174 315 631 932 506 769 628 -153 -850 180 -850 824 629 -195 271 -16 -511 -841 566 674 606 -440 -884 -440 -606 -62 -56 -505 173 -691 -886 229 314 -654 -525 -525 308 -64 -570 244 -767 336 -267 266 811 -488 533 491 -213 -35 623 -246 -423 -422 -826 -633 -999 7 908 -624 -624 -131 874 -962 131 -858 -777 481 481 -786 -88 521 521 417 212 212 511 165 487 -682 -975 -123 591 -164 -168 -49 20 732 -204 
66 345 -310 -189 678 437 846 553 -58 -58 -465 414 696 623 931 830 509 54 781 591 -981 293 -695 252 419 -944 -737 -227 -242 677 397 397 -335 183 255 255 -352 -124 -124 -266 242 483 -747 481 330 345 609 -544 -467 -388 -626 -328 993 -161 248 34 248 -373 955 906 110 63 698 603 -897 -751 -414 706 -746 741 741 -175 -266 -175 -782 -266 980 -337 -784 -784 88 -666 -313 -614 -586 -124 325 -849 980 -464 237 -967 -464 -261 -940 189 -735 999 -378 999 
-200 -200 -995 -136 658 -384 -95 -689 -689 -755 -609 614 253 910 876 -495 53 635 209 843 -392 -265 807 -115 910 -650 -119 -894 -759 -759 -241 -241 -388 961 815 -928 -413 -176 267 267 -911 -581 445 825 64 488 -882 -568 -257 189 -933 212 83 -270 -139 -139 -25 939 788 901 -727 -716 -210 -408 -408 526 301 301 -392 -199 -908 -611 -931 99 -534 -574 -310 461 86 -290 -498 -438 -517 611 -864 -864 956 -950 889 851 243 -605 -369 -887 -887 -965 -657 -426 386 -537 
-314 -557 -505 -505 -570 -175 -122 875 322 -620 -620 -181 -745 608 185 185 -3 -211 -211 74 -211 74 -914 482 628 864 -71 72 -46 -46 817 371 913 -756 -967 726 976 725 -235 187 858 -785 866 -248 -842 -268 -121 -199 333 -467 -511 -916 -489 -916 82 295 629 241 -300 -266 331 763 -191 77 -828 5 88 903 88 -247 -440 -247 46 -868 -347 388 -635 -635 447 -115 -89 163 427 306 844 380 -582 868 534 50 316 -975 -406 508 923 923 508 -119 923 91 
-440 948 948 -845 -319 554 158 348 26 -270 -151 292 -560 623 211 -78 685 486 735 730 -350 559 -847 -653 840 541 61 882 533 -334 610 473 592 901 -97 802 143 433 634 -390 485 300 -577 541 -405 -508 378 -572 -516 -896 -516 -896 139 942 838 478 705 893 -79 -937 29 29 -702 -702 178 264 455 -455 613 232 -373 -266 -266 -356 935 -273 -273 157 -15 -957 257 -455 571 875 -288 -245 -709 -981 269 -220 477 -12 -860 702 -307 447 447 -202 242 57 
982 93 555 -773 -189 247 5 371 -932 -977 454 866 947 972 713 -694 600 59 -205 606 -397 249 -960 132 -43 -711 368 421 -801 -81 -239 -593 -678 139 675 655 396 736 636 636 -649 -649 159 -610 -819 -928 447 904 302 729 127 94 13 350 -526 963 938 -491 -970 -927 -5 784 513 -100 -210 -210 929 613 -350 222 -634 537 890 640 824 893 455 455 -796 -57 681 -592 148 -545 -857 758 758 -570 -706 -77 986 364 -621 -385 -901 719 -111 -49 -471 336 
954 -408 334 334 -952 997 625 -439 -27 -339 113 11 -257 438 557 418 -535 996 194 216 717 299 419 -373 330 30 -809 -312 -438 172 -910 -575 -299 256 143 585 -218 -31 -877 -910 477 -381 -381 556 -997 -534 -850 657 650 -152 476 651 987 648 559 334 -759 516 -222 456 -618 130 435 435 -414 680 -222 -834 314 257 -376 -858 -144 15 404 933 379 472 472 410 967 -487 113 -715 -11 -715 -254 158 -113 213 -591 -588 -5 320 161 67 -410 -442 883 -831 
11 -799 79 79 -645 -401 -560 569 730 -529 -242 -340 331 789 665 662 -967 -840 637 176 259 970 -130 -28 868 957 957 551 415 489 734 691 -798 94 -632 -106 854 283 -985 -952 631 756 -743 6 994 598 -579 -451 487 918 951 43 131 -670 -699 476 -360 644 -821 511 709 -635 388 -628 732 351 351 -990 -711 -335 403 734 -94 -776 832 235 122 -980 756 756 766 582 63 63 432 373 -674 -184 -222 285 -463 775 412 -101 -765 864 32 864 742 898 
234 -750 37 652 138 -393 37 983 642 -963 -405 114 158 -85 295 -662 -257 -695 994 994 830 529 17 -828 -389 -914 556 452 671 -292 -743 42 123 417 770 265 -309 -25 -438 -192 -422 395 -780 -780 124 -949 409 -126 570 -561 -975 -193 -329 699 -898 997 -802 607 543 220 976 160 -825 912 -853 -169 173 103 -228 -690 -442 430 -562 461 -750 -576 -190 -72 371 857 -378 505 -113 -45 36 462 -643 894 430 89 -817 -136 553 490 194 -529 -307 -646 188 -26 
538 -176 132 -356 -317 252 926 517 -222 -70 104 -594 -746 394 -151 819 -126 -710 478 106 529 -999 369 -346 288 -429 851 -163 736 -71 -174 -97 -655 -879 -185 -651 -114 654 -63 -620 -126 224 -267 454 807 814 -166 484 -946 355 -228 289 65 721 929 -620 -320 556 -155 92 567 14 410 -90 231 -693 683 781 389 644 94 889 715 804 929 103 29 -399 -57 559 973 -476 -138 651 520 900 526 26 -7 699 990 -246 -842 573 933 352 -48 -111 879 423 
-659 182 -418 356 -82 -473 -495 749 666 411 475 616 194 301 600 -125 -891 -31 678 457 53 109 -453 -274 733 -552 435 -998 27 -709 -716 -354 -968 867 368 892 -366 -573 354 356 905 168 218 394 239 714 576 538 969 -656 205 -1 -50 -322 -12 684 -225 977 139 -17 50 -482 -155 -207 -459 173 -112 -348 462 391 -851 567 334 -390 539 -918 -210 208 -851 -64 -582 224 -585 -959 193 -797 917 34 751 -970 -273 -515 150 661 756 -835 -811 821 858 123 
-108 -879 -206 -304 -7 -214 -206 287 -731 762 862 748 213 -990 -530 661 -779 -127 909 -748 63 -224 -601 319 -619 795 593 660 -691 934 -375 -48 346 556 -336 731 192 349 513 459 297 776 944 616 -525 -911 -93 -823 -14 -458 -495 -655 786 -386 972 793 979 253 -761 -792 374 554 -866 -802 -464 -289 -311 -820 -496 -417 -891 775 -554 -700 -30 -197 -835 496 -418 -730 -824 512 -651 571 199 945 -134 -507 111 907 502 -449 -484 -628 -663 884 238 -446 -620 -785 
-859 686 -576 -565 -923 441 745 774 -464 -287 -120 693 679 359 495 -950 -619 687 335 274 -632 -632 475 957 172 475 -755 170 -281 -811 -756 -246 -850 707 652 463 -499 843 -939 230 230 213 398 -137 718 -100 935 -230 -851 754 -437 701 109 -440 -757 534 -276 -163 -163 358 17 -648 -688 -429 -311 653 346 -526 68 180 180 726 -900 38 -616 771 771 -647 -28 361 -381 -923 -373 -319 -952 152 307 306 378 153 -232 -432 -100 -100 971 -984 -87 -290 -246 -306 
622 858 -758 -286 994 801 -510 520 -880 -106 -448 434 -527 948 -335 -941 997 453 784 -56 399 140 708 -320 933 245 -916 -934 315 285 -249 -967 -588 -274 -5 -148 -148 -322 47 -632 22 22 845 28 -697 -581 823 101 663 -973 -169 538 631 -981 -981 693 -502 860 -779 908 -725 -725 213 -608 -608 -557 -154 561 -714 -6 505 505 167 -19 -777 -36 418 328 981 283 -631 -631 -528 684 -578 809 -11 -421 866 -353 -767 -767 -630 225 225 574 245 -594 515 515 
-315 -501 987 -871 -815 -343 656 -467 -798 -330 -541 -920 672 187 -487 -25 878 -355 -292 0 979 183 -546 265 195 -331 -126 -859 -898 -898 329 -370 -417 212 -214 -413 -284 -284 -375 986 37 694 291 -918 84 -376 680 -263 727 -67 223 -943 435 -468 435 -391 830 -626 716 538 374 154 -56 -33 -862 370 370 -571 225 -403 853 -787 718 -510 -101 291 426 -159 -765 -112 -732 632 719 664 -29 313 150 150 681 -113 -334 -29 -65 964 579 -206 -182 961 -10 -493 
-693 -693 -734 -751 135 -428 648 147 -792 -194 -658 876 625 477 710 -902 -734 -905 326 305 -64 935 -910 250 -608 513 -904 201 -286 -688 831 831 712 844 -539 -470 415 -144 177 -627 -795 -914 -914 -260 -811 -790 343 548 792 233 233 957 -700 613 613 -687 -821 993 -872 431 596 -226 -226 630 79 -209 526 29 -678 -975 737 590 -87 602 697 -167 -392 -736 776 -581 177 654 986 -470 -30 -445 581 -279 -600 -924 -718 -651 -580 -942 889 -272 838 312 -152 676 
957 -543 -999 323 472 685 -757 729 -786 868 -439 205 -439 -594 -594 -337 509 412 225 -796 -336 -147 -260 -399 -946 -946 -372 -201 115 931 189 322 -48 -48 -573 -43 161 -254 990 -335 -151 -695 686 -161 530 416 99 192 232 -635 -587 856 -980 824 -964 224 -555 699 -730 -210 -221 -76 -477 -391 797 277 -383 -311 8 494 -352 -417 397 -683 -127 481 106 463 -814 -920 -279 559 -193 -369 722 640 82 -593 794 636 523 -190 451 -964 -635 -959 -173 68 -574 -574 
-736 218 349 -770 -438 -323 324 -773 351 628 -339 31 637 896 502 140 215 290 -776 290 -776 -39 491 491 -259 -611 264 -189 -973 -83 14 690 437 846 467 -556 105 105 -161 867 687 -339 -339 -899 948 -55 799 813 200 -631 478 -869 162 162 -787 679 295 -690 767 467 402 563 307 -295 -429 325 -323 -882 -882 -763 880 -911 489 800 -677 -112 595 -630 338 449 -620 284 787 -866 -225 -866 -866 -225 -961 -320 -495 -585 860 -320 421 -913 -853 -44 -276 -550 
-906 -550 864 -440 -651 -287 -880 -318 -335 -161 -793 -472 787 182 -851 563 -818 563 -343 -896 284 267 267 -88 517 -778 -754 648 -411 -720 -389 -53 -142 143 555 337 387 -258 -443 268 -991 12 -846 -700 319 319 -77 -914 -694 899 -615 140 -394 468 988 -265 736 -59 25 674 -207 -330 -581 -330 494 422 -675 -375 -751 421 432 74 -609 491 -145 694 264 55 -755 817 -473 957 198 -964 -535 -716 -319 317 -212 181 -369 -992 272 -268 317 -138 -383 211 -937 897 
548 -277 -515 -603 -332 826 809 826 586 809 382 747 278 -682 968 -727 399 -856 -312 -459 -663 405 -136 956 -312 232 -459 991 -663 405 -136 363 -32 173 529 204 -956 246 -463 108 714 -629 927 -198 -763 -680 53 578 -318 -318 -542 -991 -68 -1 -1 196 -49 -417 -667 -747 14 348 -365 -190 -159 -159 360 -507 -507 311 -815 -503 -251 431 574 532 -325 449 13 -982 137 27 857 676 -530 466 154 345 -843 -843 -843 -194 621 -105 126 -75 367 324 21 -344 
-344 821 833 493 493 597 506 961 597 -598 -354 33 -686 830 883 -676 -676 414 226 -913 -638 -799 -290 -388 -188 306 -433 355 617 278 -303 -444 896 896 163 -289 529 -581 -581 958 897 -402 574 -839 701 -572 -765 -213 -825 639 48 -619 -60 529 -673 280 -480 -181 556 -892 91 -240 91 55 -237 -790 55 -237 -556 793 355 552 764 488 -797 -372 -788 598 505 -284 370 9 -705 440 -387 -944 -975 -975 -881 -609 440 126 682 126 682 335 413 -145 -145 -700 
-65 -187 -65 -551 839 -118 -581 -302 -165 -755 520 878 94 -460 359 115 993 462 452 -703 452 604 900 275 333 445 -409 -90 594 -950 -171 -283 -75 631 -781 230 230 -160 880 391 739 -892 -349 -793 -820 -871 465 -708 525 -344 -676 61 -591 264 381 89 802 3 3 -822 -960 -923 -437 -247 309 309 -306 -735 -566 443 858 496 334 496 -607 757 443 -521 259 -44 -811 69 -618 -184 -496 437 771 336 993 396 955 527 -70 -491 -168 -491 998 -946 -741 797 
-755 -195 -57 502 -716 5 258 438 163 324 822 -580 555 -833 -892 -240 -68 259 436 -247 552 -443 589 89 -886 -884 522 165 -985 -108 592 -909 993 550 -906 860 2 688 875 993 993 -275 -415 -519 -18 746 -820 500 455 455 -24 670 -623 -75 -17 -891 275 61 216 179 179 961 -386 -208 -874 794 -192 -8 -542 240 -353 528 811 -672 725 878 948 40 -645 338 217 -224 -715 -825 701 -408 -863 998 998 -994 -955 -979 -9 -764 32 208 977 436 980 930 
-955 -509 -827 775 234 -998 861 577 417 777 777 -226 -226 339 159 384 247 -599 -750 -633 488 -651 -515 -394 -291 -898 -219 113 -660 157 874 -300 157 -446 -300 934 687 1 -921 -260 -450 692 949 -816 599 347 -486 539 -147 135 201 891 507 -801 -690 -690 -35 798 -95 -827 -827 -422 408 324 970 324 324 -736 362 362 -256 521 -24 262 -510 543 995 330 -376 -48 -682 949 845 845 -521 190 -656 -643 5 5 28 -347 226 190 -408 -434 468 468 947 687 
917 -317 183 -310 -338 -769 414 471 160 36 803 -199 966 -895 -873 369 -2 -332 -150 1000 -657 -557 744 -9 -629 -123 -123 -123 -98 759 917 917 -808 -581 512 149 -992 285 -583 -276 -276 -695 -276 813 -586 -586 813 94 969 -548 404 754 754 21 -812 584 -754 839 47 -995 430 -753 590 590 -996 -532 -600 803 -813 -261 472 -255 -239 808 -662 43 863 -833 660 -979 -342 -862 -979 755 385 503 -206 -244 -593 904 -222 196 488 -88 -477 709 10 144 -937 838 
-818 -874 13 55 646 561 44 877 187 -363 -362 117 477 676 -522 556 556 -717 285 612 -1 -824 -112 216 917 157 549 739 739 880 681 -198 610 -990 -600 -135 -135 -521 185 209 -758 -884 -795 122 820 -421 -421 705 705 583 -481 162 -717 954 -903 -903 525 552 248 -77 373 -826 -883 88 69 69 852 215 322 354 -568 330 269 544 151 544 439 151 -799 -683 -683 872 872 -535 747 832 92 -856 -223 238 -223 -15 782 -834 -252 -5 -19 -2 349 -802 
803 796 796 636 636 -593 -77 980 968 731 737 731 850 850 -921 502 634 968 941 -684 941 -646 -646 845 845 -736 -610 964 120 -164 615 -892 -892 -20 -950 -295 -840 -384 -384 -123 537 3 -798 169 816 -100 -845 238 -568 650 -322 -495 -495 678 174 -143 -854 492 -50 -378 -768 388 -783 -527 -168 303 -890 961 -398 791 267 -249 788 994 -223 -591 -510 691 -874 128 661 661 513 513 941 319 -722 -944 -484 -391 -671 84 160 160 -950 644 190 658 615 975 
-736 -723 121 -970 905 -735 708 -778 -471 -319 -44 991 364 724 724 894 829 487 627 627 -701 -617 -617 -92 757 663 777 -709 -781 -781 717 -150 841 -373 489 236 -72 866 -993 -82 362 -993 88 588 207 207 -968 684 762 521 -427 94 435 -472 43 840 576 600 576 654 -432 -45 -914 -546 641 356 271 406 787 -674 -732 -732 -638 -638 -18 -72 460 344 191 647 57 -418 998 -180 -586 982 982 -224 -224 748 -254 -219 887 -617 -783 8 -216 -938 -948 -691 
-580 899 899 -374 310 -654 -753 -72 292 987 -579 837 336 6 -877 -500 -154 419 -304 982 -57 -791 -443 800 -878 -781 746 671 -350 -111 -111 901 -216 -9 -277 890 -674 -809 -255 106 -541 795 420 -858 571 -976 76 76 202 -422 892 -463 144 -493 -493 -416 -523 671 -863 967 462 -81 967 -573 109 790 911 -213 568 -835 568 -835 509 -716 990 -644 688 -999 -364 -435 -892 -881 307 107 10 727 -321 -303 954 -268 276 262 242 676 245 -817 -908 711 1000 -321 
-321 164 631 506 932 -459 -866 -905 424 -316 566 606 -62 -51 -56 -584 -691 733 953 229 -793 308 -936 -793 -788 266 811 -947 361 150 759 491 -640 536 804 -422 -815 309 908 910 -786 726 -88 -967 561 -843 -869 511 -300 -778 487 -682 -123 591 980 -364 601 22 -49 732 -204 -204 -613 -310 573 573 785 553 -477 357 357 931 830 905 -984 156 -522 -63 -201 836 -971 419 -485 -944 -737 -227 677 -491 941 -352 639 140 140 242 483 956 -984 -747 -673 481 
-755 -937 -971 345 -656 -544 357 210 -388 -418 -280 -280 886 -161 -373 955 248 -854 955 792 792 505 709 63 698 -97 -897 -751 -751 -414 412 762 706 265 -642 265 -642 -782 980 -782 -266 -337 980 980 -666 88 -880 894 -383 -124 860 -849 -928 498 980 -928 498 498 899 189 -378 -589 -378 999 999 128 -136 658 -384 -689 -755 -755 -755 -609 614 -327 359 513 295 -107 -1000 -143 330 -66 134 -715 670 -463 579 -525 397 -116 -776 215 396 -817 -940 205 974 253 
988 876 -495 933 635 486 -211 -215 373 373 807 228 -115 910 391 604 -923 -894 -645 -645 -645 -759 996 -601 -441 78 77 -413 -761 -761 804 995 897 825 970 -441 510 -235 724 97 -933 -539 212 -210 -270 -139 -25 -604 788 455 837 512 -616 -348 526 196 -282 -582 -582 -663 67 99 -534 -746 -310 461 -290 -509 873 -366 611 -144 -78 956 -29 851 243 -814 -136 -369 -887 738 69 386 -314 -841 -505 -175 -122 -976 971 875 706 220 -620 -84 -641 608 -364 -364 
-3 185 -3 378 739 482 -969 -921 -571 461 979 740 740 817 51 301 -655 180 -987 725 -867 -509 866 -841 -248 -842 -268 -199 333 -467 -639 11 750 -489 82 -916 -916 82 579 757 629 679 816 -814 811 -590 -378 763 -828 -556 -658 -640 99 -634 259 1000 388 -957 146 -948 336 336 687 687 306 844 860 125 -582 845 50 71 71 -406 -349 -920 -119 -585 -920 508 -119 -585 91 135 -24 -173 -24 -803 636 -105 -110 158 -981 -805 292 623 211 -78 486 420 
-157 397 244 -106 -804 -667 533 -334 610 934 -335 -593 462 433 83 677 851 300 300 503 -392 -405 378 -435 -435 -572 256 616 -516 -841 838 139 -494 141 983 -937 543 -553 -264 264 455 -455 613 232 115 -373 -266 -356 -451 552 -957 257 232 -174 -245 962 -102 569 -350 477 477 715 -860 702 571 447 -95 242 97 982 -90 -773 -189 -753 958 5 371 -187 -187 914 947 107 713 -497 23 59 361 -247 -42 -397 998 132 -943 843 675 -711 -905 -548 253 87 
14 15 910 -323 910 396 -568 -408 841 159 -610 -819 70 904 -881 302 -392 152 350 -526 963 -543 -491 26 966 -655 -959 422 513 239 -210 943 929 613 539 890 640 36 893 -959 681 681 921 -545 -857 90 90 286 264 -821 -344 -621 442 719 -111 -102 336 336 928 954 -408 334 -952 -769 -806 -545 -339 113 113 -544 438 -360 -712 -57 814 129 761 216 -779 330 30 -809 -312 -705 -910 973 -648 383 -299 -186 332 -140 -800 -218 705 -31 -877 -910 477 477 
-566 -639 -381 -102 -534 321 321 518 -489 -531 -212 -212 -116 987 -922 559 379 334 -305 -222 415 909 909 -618 130 -517 435 -772 949 -237 314 301 -858 204 404 841 511 -943 187 -487 113 -11 -715 647 -390 1000 639 -591 -588 933 320 -966 161 -146 -344 -378 883 -831 -680 11 344 625 -645 -560 -560 -454 569 281 -242 331 -772 665 273 662 -967 458 96 593 970 -60 507 -704 -180 957 259 415 955 -798 -632 -106 -799 283 283 525 -911 -985 -926 -903 -117 614 
506 -743 817 598 236 -457 664 -169 823 951 -707 869 -979 -979 -516 -555 -699 476 146 644 -821 -788 318 55 -238 -342 447 388 -628 732 -990 -981 -711 734 394 -570 122 351 351 925 -690 582 63 432 432 -125 -674 -222 -314 -479 -195 933 933 207 -765 664 -914 -401 -750 898 652 -456 -336 6 115 -963 38 38 -406 158 649 269 266 35 580 -710 -28 994 -225 -913 287 528 552 452 671 -292 -532 258 -122 60 265 170 690 250 241 55 395 -919 238 -786 
255 -576 -923 965 -111 745 321 190 617 -306 -950 274 -632 -815 475 475 170 -182 -281 666 -667 -850 -478 707 759 843 145 -128 213 18 293 935 812 -230 -619 -619 394 717 -545 -440 -757 453 -276 358 17 -298 -429 -311 653 346 744 180 726 -900 -306 -112 950 -257 -746 -647 -640 -923 -373 84 -319 152 306 153 379 -432 960 -984 -209 850 -306 622 -309 858 -758 994 -510 834 540 -880 -250 -481 815 -485 936 297 948 621 -910 -843 -854 453 784 13 -320 -620 
933 245 315 475 -967 -126 -24 -5 -322 -632 -216 22 529 -552 -517 823 101 530 663 -973 -106 973 -496 -481 -981 -695 -623 252 -779 -653 908 -725 213 9 769 175 384 -10 413 505 356 -141 328 981 440 -932 -631 -528 -528 -864 -578 703 -248 -421 40 -46 260 -926 -70 225 -501 574 -594 22 -501 -261 469 570 63 -343 656 656 -798 -330 472 708 -487 -25 -343 -690 0 338 -546 265 -326 -326 416 838 -126 -859 213 -898 329 -792 595 978 570 -19 249 986 
37 37 -784 -918 84 -376 680 61 356 -570 -943 -468 435 -391 716 538 -56 -33 -264 900 900 225 -403 -787 -891 227 -678 426 -923 -765 -542 719 -705 -29 313 150 895 -113 -334 -828 -65 611 579 131 212 961 -946 -493 -734 997 -428 -595 147 -704 -792 935 876 -763 144 -530 587 -734 262 305 233 935 -910 941 -786 11 540 131 831 712 -470 415 -402 -849 -548 -269 -389 -144 177 -627 128 969 -914 -260 -811 884 342 253 233 -45 336 -661 613 949 -707 76 
-364 -316 431 596 -226 630 349 467 29 -678 -975 737 590 590 -87 333 -167 -736 351 776 -581 513 1000 986 -470 831 831 -991 78 -547 -279 -580 -924 -718 548 -651 -942 -797 -165 -152 -740 274 676 783 -999 -351 685 -366 -757 -786 -940 205 205 -439 205 -337 509 637 -671 -796 -295 -480 441 -946 -372 -201 -444 189 688 -119 -573 -116 -254 990 192 157 530 720 99 -457 757 -635 232 -587 856 856 -935 -550 -730 288 653 -239 -477 -391 797 797 277 -737 8 -352 
384 -417 397 -683 -127 674 -498 -498 -936 272 -920 499 -811 485 -805 580 722 -528 794 -390 -480 451 750 -964 -692 355 68 853 127 -540 -736 349 -770 725 -786 -298 324 -773 351 402 637 502 347 686 -39 491 334 288 -204 -973 -17 -302 437 -107 787 846 -556 867 413 -339 687 -55 813 100 -631 -411 162 -469 295 -6 767 402 -295 307 325 412 -323 -530 880 326 -818 -677 595 375 978 449 -620 958 787 -866 235 -225 -961 860 -320 137 -915 413 -175 864 
-651 982 -880 -161 -793 -78 787 -851 421 563 -343 256 782 -896 -872 -886 -160 -88 -778 277 215 -411 -696 -142 143 555 337 -693 742 268 12 -428 -365 319 -77 855 -694 -615 164 -946 464 -116 -249 504 104 -311 219 835 26 -394 -607 -766 860 -410 -581 494 -675 -375 -979 723 432 -609 -96 74 491 694 -385 55 540 -755 -755 -473 -890 -535 -716 -716 -571 403 -212 181 -369 -992 -268 670 317 -279 -383 -3 -830 886 -937 -238 -353 -515 -332 -938 586 826 382 747 
502 -364 -308 232 -459 -663 578 405 -910 -89 -992 -739 714 927 -336 -763 67 53 636 -318 -542 -353 476 -653 196 128 -667 945 152 348 -365 -27 692 696 360 -996 -815 -451 431 574 15 449 954 13 857 -871 -530 -294 466 563 173 345 154 -843 -194 -766 126 215 -235 822 -344 -344 -419 833 961 -598 -78 506 701 -354 751 751 33 146 397 -676 414 -407 414 -913 -18 230 -188 -542 -433 355 -128 947 -917 703 -670 -683 308 236 236 574 701 380 -450 239 
654 -903 48 -60 280 946 -892 969 91 55 969 -237 793 355 -848 764 435 974 286 598 598 339 666 755 -387 797 -975 -785 547 -609 440 682 -251 682 345 413 -187 -493 -396 996 813 863 -581 -302 597 705 966 -578 359 115 -85 993 -273 462 452 -655 900 275 -46 328 88 -409 -442 -90 594 18 -171 435 -75 -275 -170 134 -160 391 -799 -76 -691 -52 -349 -871 465 -708 -929 -503 -719 61 264 -579 766 802 -822 -617 -960 -923 -247 -750 231 -735 334 334 
-483 -566 674 417 752 69 -618 -184 -496 771 527 -70 516 -168 -361 -946 -143 797 -195 765 -57 692 -716 812 258 438 438 163 -404 822 579 575 -892 259 436 -247 36 89 -884 522 -985 -108 426 -909 993 -906 -683 860 688 -156 -275 -275 -415 -519 -18 -801 -820 607 455 -24 382 -326 -218 -17 -537 -168 -386 -208 794 -192 -8 -434 -918 -189 240 732 528 811 -672 725 725 878 40 -645 949 338 217 904 404 -715 -576 791 -408 747 36 -470 -994 329 -910 -9 
-764 208 476 -296 977 332 -955 -509 -827 234 234 861 256 577 664 664 777 339 384 247 -599 947 623 -633 488 805 -515 -409 -527 -219 698 113 -249 -263 229 157 874 924 686 1 467 -921 501 -450 539 949 599 -342 211 371 32 -916 891 -801 -690 798 -95 -106 -827 246 -415 -422 -328 408 324 946 -736 672 857 30 353 -257 -228 -739 543 180 178 -376 -48 859 537 -272 821 821 -520 190 -148 -656 -347 834 595 28 -256 -376 -434 947 933 183 -310 -338 
803 549 46 -895 -873 369 -715 -657 -9 919 -529 -123 -556 759 443 475 -808 -507 917 285 -583 944 -695 -586 -586 813 94 969 404 754 21 719 693 839 839 -745 590 -655 -600 -839 -813 -813 472 -255 -662 176 -833 -612 -979 385 -206 -244 -593 -593 -664 15 499 -389 569 -477 341 10 144 665 -937 -305 -874 -269 -461 55 646 -956 561 877 -424 -825 -260 187 525 -362 -423 -833 655 978 978 505 477 -245 285 612 612 303 917 157 -730 880 727 -161 -161 -198 
-240 -521 185 -348 -609 -795 -231 122 678 820 765 -787 705 583 583 162 625 -471 -471 528 -193 525 -490 -552 -53 552 248 563 -758 -695 841 852 -289 354 936 269 -336 439 -975 249 -769 829 747 92 71 -964 238 -15 521 -201 -252 685 -2 349 803 655 -653 636 -593 -77 968 737 571 850 -268 -596 634 968 -684 -646 853 845 -610 -345 490 3 615 542 -20 -20 168 -113 -840 -123 -946 -798 169 364 -100 -845 460 -568 650 -299 8 -495 174 999 990 204 
-378 388 -624 -783 -29 303 -890 -503 -519 456 -223 -510 717 128 -761 -528 513 941 -722 -484 -671 830 -950 -203 658 615 758 975 -645 87 589 -277 905 -778 -471 -476 -445 626 -319 991 364 -560 -104 554 -114 -701 634 757 408 990 -785 717 -567 -150 841 211 999 213 236 -72 -535 362 -993 88 588 602 602 -968 684 199 -998 521 -670 435 -472 840 965 1000 -45 -914 -546 641 -267 -546 641 231 356 406 -801 787 -6 -638 -732 991 763 -72 -220 191 -936 998 
190 -586 -734 -224 982 327 748 -254 887 67 -617 122 -948 -580 242 -654 739 292 837 336 18 703 -405 -264 -877 -817 -809 -971 896 -496 315 344 -443 800 -781 671 -350 -216 -9 -277 -541 789 -674 -809 803 -255 -397 795 459 -935 420 571 -976 930 -296 -422 798 -742 -463 -442 954 -493 -39 109 -39 911 -381 -381 -229 992 509 -716 990 -635 688 -471 -435 -62 -921 79 282 -892 -341 107 307 107 10 -321 954 276 846 242 676 245 -500 -273 -407 -321 348 347 
164 -902 631 932 769 -850 180 841 -195 271 -16 566 -845 674 606 -440 -51 -56 -691 -886 229 -654 308 -767 -767 -936 -267 -788 266 811 -947 -136 491 -311 -35 -246 652 -423 -826 -118 -999 7 925 -491 -593 131 -858 -777 910 481 -786 -88 -967 417 -869 511 -300 -300 165 -682 -123 -651 -49 20 732 -204 66 -310 437 553 300 -477 414 931 905 509 54 409 -978 -201 -661 252 419 -765 -737 677 397 941 -352 242 483 956 -747 -673 481 330 345 609 -544 313 
-388 -328 886 -161 248 34 231 906 110 63 709 -897 -751 -414 412 706 -746 741 741 -782 -337 -782 -266 980 980 88 -666 -614 -586 -383 -124 -849 551 -464 498 794 -589 -378 999 -995 316 -827 -384 128 -384 -95 -689 -755 -609 614 -327 -381 876 811 933 53 486 209 843 -392 373 807 590 590 910 425 -894 341 -759 10 78 390 -413 -176 750 825 64 -441 -851 -3 -314 -550 -933 212 -210 102 -270 -139 -25 -604 939 788 455 455 -616 -348 526 522 -392 -199 
-908 -237 -796 99 287 -534 -574 461 -509 873 -517 -144 -78 -950 851 243 31 -958 -369 -887 -657 386 -314 -505 -570 -122 674 220 -620 608 185 -3 74 -211 -914 -640 482 864 -71 -571 709 817 -605 -319 -464 -912 976 21 725 869 681 413 866 -841 -248 -121 -268 862 333 800 -467 530 11 750 870 -916 82 295 -915 629 241 -160 811 -741 -378 763 321 -828 5 903 903 88 443 -916 -282 510 888 99 46 -347 -868 388 146 -115 336 -89 306 844 -582 845 
534 316 -406 644 -119 462 508 -119 91 135 -173 948 -173 384 -186 -110 26 -204 -151 292 623 211 -78 779 -857 789 559 -847 397 298 541 2 -880 533 -757 610 610 473 -379 -721 -264 922 -667 485 -86 -508 -435 985 983 616 838 778 705 893 983 -937 401 178 -264 264 455 -455 613 232 115 -373 -266 935 -356 157 192 -957 257 -376 201 -288 -946 -127 -981 -340 -220 477 715 -211 702 702 -101 571 447 -104 242 97 -1000 555 -773 -189 644 5 -932 -932 
-810 -810 -200 866 947 713 -694 902 59 361 858 -247 -205 -917 -42 606 -397 249 998 -960 132 -943 -79 843 -247 -917 -397 -960 132 -943 -79 609 675 -905 421 238 624 15 -452 374 396 -739 -408 636 841 -649 159 -610 35 447 904 302 -730 519 13 350 963 938 -491 -970 511 -956 256 530 513 429 239 -210 -701 929 613 539 -634 890 893 194 -57 681 148 -763 90 -857 -570 387 260 986 -296 -621 -380 -901 -111 -102 -471 336 928 954 462 334 -952 -120 
-806 -649 -27 -473 113 -257 -360 557 -712 -666 306 30 -73 216 717 -362 -373 30 -312 484 172 -910 -781 -575 329 256 -990 -180 954 -218 -31 -877 -910 477 -566 -639 -381 -241 -534 -850 -850 777 881 -152 -212 805 987 -815 559 334 -759 379 516 570 456 -618 130 -517 435 -414 -823 -378 -834 -962 314 -376 -858 404 511 -943 -218 143 -487 113 -11 -11 -608 -390 -749 213 -591 -588 -5 320 -966 161 -146 838 -434 883 -831 11 344 625 625 -645 -401 -560 -730 569 
-242 -340 789 992 662 -967 -554 96 593 176 970 -60 -130 507 -704 -180 957 551 -834 354 -798 -203 -632 854 283 -911 96 -985 -926 -952 -903 631 614 -743 6 598 -821 -764 165 664 896 487 951 0 -651 131 -516 -555 -269 -699 823 644 -821 -788 318 -123 -238 447 388 -628 732 -990 -711 -335 734 -94 857 -472 122 -980 766 -918 582 63 373 -125 -222 623 -287 225 412 42 -765 664 32 234 -750 37 -712 977 -615 37 -684 642 344 -405 158 -560 295 224 
-847 752 -28 994 -317 -100 -705 -389 -914 452 671 -292 -574 -990 -550 265 432 55 329 -182 -21 395 -919 -303 -489 521 651 -382 -842 -205 975 270 -420 688 -449 -72 791 -562 431 279 203 -749 -565 -650 395 162 -218 517 569 734 -851 -651 -93 157 -456 -291 -164 699 -898 -342 556 211 -502 -806 -874 -462 160 250 182 235 -437 173 -228 -690 430 -811 -562 -995 -998 774 -689 -190 -72 857 -708 505 -313 -113 -45 462 -626 627 -758 -796 -817 -136 490 194 -711 -646 
440 -26 538 612 -356 537 -812 329 926 143 996 -70 -594 -746 394 -64 -126 -605 -710 -896 529 -999 -891 662 288 -429 851 -163 736 866 -97 -655 -879 -185 -651 -114 654 -63 445 -300 692 393 610 175 227 799 -575 100 769 -78 -994 -420 666 -214 721 -712 -620 -927 556 -155 92 567 -342 653 -416 894 -638 -693 781 389 94 889 715 804 148 29 -898 -336 703 -476 52 457 900 526 26 -7 300 -65 -567 -979 573 933 450 995 -111 686 995 797 403 -972 
356 -82 -473 -495 749 -945 -410 751 -454 194 301 970 304 -891 588 38 -359 -88 771 -192 733 -552 455 27 -709 -721 775 948 490 892 -126 -573 540 -382 168 218 394 239 808 -76 728 -455 -257 293 -976 -1 -839 -322 552 398 -149 139 103 553 -471 29 265 579 -6 163 282 277 462 -44 954 956 -408 709 414 -337 276 -117 -873 673 120 -582 -511 -531 831 740 537 -948 448 751 -690 -368 168 859 -811 756 398 861 -958 858 123 -148 -83 -50 -496 961 
-7 -844 -570 -184 -73 -617 -366 862 -208 748 899 -990 -871 365 111 494 -949 -895 -776 -848 -438 319 -619 -765 -213 660 -691 603 130 346 556 1000 731 192 566 459 297 776 -436 -525 56 -198 -823 -14 -458 -488 -655 337 -961 342 -981 855 824 670 -317 300 -433 -866 -201 -761 -866 -464 -289 -820 -587 -417 394 -561 260 -554 -679 -30 -787 -904 -852 709 -730 775 552 102 -348 -651 199 945 -134 -362 -842 -566 502 -449 -484 -628 -663 943 242 -571 421 -785 -609 494 
-788 686 -650 -576 379 -923 965 441 839 -396 -38 -197 762 298 693 169 880 -233 -950 855 855 187 274 -632 957 475 170 560 -811 -281 448 448 -716 -667 -850 -478 707 759 652 -333 843 -939 145 -128 213 -425 480 921 775 -923 935 812 -118 -118 -851 754 -902 336 -893 -440 263 453 -276 358 358 -737 17 67 -429 -787 -770 -526 -770 577 744 180 70 465 465 91 -112 -257 771 -647 -435 -192 -4 -923 220 220 -211 -319 256 152 307 306 429 934 379 -432 
-100 769 -984 -209 -116 -248 -135 -306 622 -309 858 887 -758 -286 -510 834 520 -687 -880 -250 -481 -106 815 -448 -485 -439 948 621 -335 -21 -594 784 784 -56 399 13 708 -320 -620 933 245 -934 315 475 -532 -1000 -769 -967 -126 -588 -24 -5 -950 -950 -322 -521 -632 -216 22 529 845 28 742 -517 823 101 530 663 -973 -106 973 538 -426 -481 -981 -695 847 520 252 -779 -417 -653 908 -161 -7 213 -762 -325 -817 -922 -99 -959 413 505 167 -88 -833 356 488 328 
629 -720 -932 -631 -528 684 540 -578 703 809 -248 159 491 491 -620 -996 260 -83 -70 225 283 574 -426 -594 168 168 22 -315 -501 -261 962 -89 -84 -343 656 124 -798 -330 -541 472 672 708 -487 -25 -777 -793 87 979 354 -546 940 265 -326 -639 195 117 838 -331 -126 213 -898 -3 -160 -448 55 -422 -19 -633 -45 986 37 -784 694 291 -918 84 -376 -376 680 -152 2 -576 -943 -468 435 830 -677 716 538 -886 995 -33 -33 568 -264 370 -702 225 103 -787 
718 287 32 -381 -687 -992 -72 -765 -542 -732 719 648 263 313 897 897 150 -467 832 -334 -334 844 611 382 575 131 961 -562 -946 -493 1000 1000 -278 -734 -501 997 135 -428 632 147 -704 -155 -792 -706 935 -658 830 -79 349 -816 -682 -734 -777 305 -121 -596 -910 -608 941 250 215 68 -35 11 -999 540 131 831 -459 712 844 -13 -470 415 127 -228 735 255 -548 -269 -389 -144 177 -627 576 128 969 -914 -260 -790 343 -811 343 852 -493 253 233 -45 957 784 
-661 613 987 -707 76 -119 -462 656 431 -543 -543 630 630 349 79 -638 29 -975 737 -87 590 -87 195 -167 523 -736 -575 -347 351 776 -581 517 -888 1000 -470 -30 831 -274 720 -289 -510 78 97 305 -580 -577 548 548 548 461 502 -942 492 492 -165 838 -152 -740 -37 1000 676 783 174 -999 323 -351 472 574 -757 332 -940 -439 205 -337 509 637 509 637 -671 -796 -359 364 -295 -147 -480 35 441 -946 -372 908 908 -277 -957 916 916 982 -119 -48 -573 -116 
-254 -254 -335 367 192 252 157 -161 530 720 416 99 -457 910 757 709 115 115 -711 856 824 -935 -964 53 930 -730 653 106 -477 620 -391 797 87 277 -737 -311 8 494 -352 -417 -534 397 496 496 -127 674 481 106 -936 -920 499 -113 -805 580 722 640 82 794 315 86 286 328 213 527 527 -964 577 -713 -116 104 68 853 127 -574 218 -36 -10 -770 -298 324 -447 351 203 162 132 -43 -883 637 502 140 -82 215 347 563 290 442 -929 -39 745 745 
334 722 865 400 827 -515 -973 -486 -35 -887 437 -107 787 467 -295 867 763 413 -55 -841 813 100 45 -631 478 -411 162 -787 295 -6 767 965 402 307 563 -810 325 -323 -314 880 489 -800 -677 -861 595 -919 -620 -620 958 787 235 -495 235 -495 -495 629 -585 -961 629 584 584 137 -463 -553 -664 -44 413 -175 -550 -906 864 -440 -676 -118 -118 -118 150 150 259 -335 241 838 512 769 421 421 -343 -343 256 -143 457 -872 -886 -160 -88 -778 277 -681 -936 -936 
-411 106 -142 -26 143 555 -664 337 -693 742 -443 385 12 -577 -365 713 713 319 99 99 -77 -914 855 -694 -269 -615 140 835 -240 -607 468 -265 -437 144 860 -410 -207 -271 -581 -414 -979 405 432 -473 -609 491 -473 74 566 566 566 490 490 -261 601 55 540 -868 957 957 198 -538 -535 49 49 10 -571 337 -212 -369 -268 104 104 960 613 -793 -3 535 -471 -937 -238 -353 -332 -938 134 134 747 -214 -682 -58 -20 -364 727 -313 734 991 578 -912 -717 -856 
734 -459 -459 -663 578 -912 -592 195 505 505 -679 -89 -992 -992 -463 714 927 158 -859 67 419 53 636 -405 636 -318 529 691 476 196 128 -176 -667 583 634 945 348 -365 -27 219 169 4 -451 958 -512 574 332 -21 710 -328 13 888 -538 954 888 -58 857 676 -871 194 194 -530 466 563 345 154 -843 -194 -194 621 -877 -496 126 215 215 324 -75 107 161 822 -344 -344 -419 258 833 961 597 506 -598 751 -909 -14 33 -33 710 -149 397 -676 497 414 
414 414 226 -913 -638 470 -799 -799 230 -188 -433 355 280 463 -934 947 896 -917 420 -683 -683 -581 958 308 897 236 574 -402 701 380 -378 654 48 -60 -60 430 229 -539 779 -480 817 -909 -892 -240 91 969 -237 -790 353 355 764 488 488 659 -372 598 598 -6 -576 -449 730 486 797 -785 742 -251 937 -251 126 937 682 873 413 337 -145 -187 -493 -383 801 801 508 863 -581 -302 414 -755 520 597 878 705 -149 -460 359 -95 115 -85 -273 993 -85 462 
452 452 -703 -671 366 900 88 985 -409 -90 703 -171 -488 -75 -275 -170 134 -160 -799 659 -52 943 -349 -793 -328 -820 465 -708 -712 -503 282 282 695 685 61 264 -579 802 -822 -617 -960 -923 -437 -700 -700 411 -735 858 334 496 -483 -607 -566 757 39 443 -521 674 259 -982 196 -44 218 417 34 -40 -811 752 69 -735 858 496 -483 -566 757 39 443 858 334 496 -483 -566 39 443 -521 -982 -40 752 69 382 382 -184 -496 -682 771 -599 -599 336 993 955 
-70 -70 516 -491 998 -946 -683 -143 797 -755 -132 -132 -857 -381 -381 692 -205 812 258 -544 -544 163 -544 -878 822 -580 -699 575 -833 -673 411 259 -471 215 -973 89 -886 -884 -985 642 993 726 -683 309 688 -950 -156 -275 -18 369 -820 -423 870 607 -24 382 871 871 -218 33 -17 208 -537 -192 -8 -542 -189 15 732 -353 528 811 -672 725 878 40 725 948 -645 -645 949 338 404 -715 377 701 154 747 747 931 562 562 -994 329 32 462 -9 462 208 -296 
977 803 -393 -827 -827 -998 234 775 234 577 977 -543 664 430 777 -226 339 263 159 223 247 947 852 623 869 58 -633 488 115 -651 805 -54 -409 -527 533 -796 -219 698 -584 113 -263 603 -467 501 229 -660 -660 874 -446 -300 924 934 687 1 467 -921 501 -260 72 952 949 599 347 -342 -7 371 135 -916 201 891 507 -801 -690 -318 14 798 -95 -795 -534 -106 -827 246 -415 -422 -10 -328 -315 408 970 324 946 946 672 362 857 521 30 -24 182 100 
-228 -739 269 543 809 761 -858 -48 -48 -682 615 537 -272 821 -644 -520 -521 190 -148 -656 20 -742 -347 834 -68 -878 595 5 28 -347 -376 -408 -434 -6 758 947 600 613 183 -575 -575 -776 4 -338 414 471 955 160 36 803 549 -199 961 -290 -895 -903 -873 -594 -594 -8 -657 -150 -657 149 541 -9 -455 919 95 -629 265 -529 -123 -556 -556 -98 759 443 917 475 -808 379 -507 917 285 320 944 944 944 -276 -276 -695 -586 -338 813 94 124 -902 661 404 
-430 -430 21 719 -953 748 -812 693 584 -754 755 839 -745 430 -753 -893 590 -996 605 -600 -839 803 -813 -255 -959 -84 -662 41 176 -447 -833 -612 660 -862 -979 -342 -342 356 356 -40 -206 -244 -593 -593 -609 759 -664 15 196 -293 -389 -327 879 879 341 -289 10 144 -937 -799 -724 594 -796 386 -702 -585 -326 126 970 412 -215 -574 -399 -809 391 -196 -22 -383 958 -572 887 -993 452 -255 -575 -319 370 733 -537 -393 978 990 458 -503 849 -668 864 219 914 67 
266 -874 -265 -269 -461 -782 44 877 -424 -825 226 -499 -499 307 525 -363 -362 285 -69 -833 655 -218 978 -762 505 477 412 -245 499 499 612 -1 -126 133 917 157 157 549 739 880 727 727 681 -161 562 562 -576 -576 610 175 175 -521 185 209 -609 -884 -231 -795 122 -130 765 765 -421 583 705 583 -481 625 -578 -471 -717 528 954 954 -122 662 -648 478 403 -552 -948 -53 552 248 -77 435 72 92 -695 841 69 -13 72 -289 -568 354 269 -336 544 492 
249 -683 -769 716 829 -728 92 -155 238 433 -15 -51 -252 369 685 -5 -19 -5 349 -158 134 -402 803 655 -653 -653 636 686 -593 391 968 737 850 -268 -921 826 634 968 -684 941 -646 853 845 -736 -610 -345 -451 3 -164 542 -527 -892 -20 536 -393 -402 -402 -402 -123 953 -392 -798 169 900 816 -845 -534 460 -725 -455 -455 650 544 -299 -322 8 -495 678 174 -511 999 375 -273 990 -143 638 204 -50 -378 -768 167 -783 -783 -29 -527 -633 -322 -322 56 -890 
280 -398 -503 -569 -526 -249 130 -223 731 -591 767 -830 -761 -761 -528 513 941 -31 -722 -31 -764 -544 -257 -435 -671 830 160 -507 -203 644 190 237 123 975 -140 635 -736 -277 474 -735 460 -472 -683 -683 61 -319 -44 872 991 364 705 -560 -104 554 -912 243 -340 -593 -114 627 -701 -617 -652 401 401 -185 926 -102 -785 -781 -353 183 -906 101 841 841 -373 -717 -717 213 527 236 -72 -268 362 362 -993 88 588 -351 251 602 207 -893 -968 684 -625 766 -427 766 
-99 46 435 -472 43 91 600 119 684 -45 -914 -677 641 -267 356 271 231 231 -267 425 -939 -801 370 787 -842 -6 -732 834 991 763 -72 -398 -939 191 -936 647 57 -418 998 -180 -100 -586 -734 982 -224 748 887 751 67 -617 -729 -882 -845 737 236 -805 -653 169 -785 -332 -213 -896 -746 681 -503 398 -581 613 101 -279 67 -348 -423 -478 372 -916 862 -760 -542 -950 -596 -615 65 -933 88 -783 122 8 -460 -948 -691 470 -580 470 -186 242 728 -654 739 -72 
292 987 -499 837 336 -119 18 -405 703 -405 -264 -877 -817 -321 -971 896 -496 135 439 344 -57 800 800 -528 -888 671 525 592 592 901 -168 786 245 -277 890 -541 789 -674 -674 -255 -706 380 -248 795 959 -935 420 571 252 190 -296 202 -934 -422 798 -98 -742 -442 954 -493 -416 888 888 -557 -863 462 109 -961 -39 790 911 357 188 -422 992 -674 534 738 534 -635 -999 688 -288 -556 -62 -62 546 -921 -716 282 -869 -892 -881 -341 307 107 532 860 674 -321 
-303 954 276 893 846 262 188 -688 905 905 245 -110 -500 -908 -720 -407 -321 348 805 347 164 -113 371 631 932 996 996 769 628 628 -616 -850 180 -850 -792 659 -195 468 -16 -841 566 -845 -81 -884 -884 -440 -606 -56 -584 -691 733 953 587 587 -530 -654 410 308 -570 -767 92 -936 336 -267 811 -647 -947 -488 -533 670 491 -640 995 -311 -35 -246 652 124 -422 -422 -826 -445 -118 -999 309 7 908 925 994 -491 874 131 -858 237 -317 910 -786 -967 -967 -843 
561 417 -869 511 -31 165 -682 124 591 -651 -497 -49 732 -204 66 300 300 770 -903 805 553 -699 696 816 931 830 1 -984 -737 409 -274 62 -201 438 252 419 -765 -944 646 -227 -227 677 397 -335 -335 941 682 -124 -814 -266 242 956 -883 -747 481 -755 546 330 -839 345 609 -391 9 9 -388 722 -865 886 -161 248 -854 248 -373 34 231 906 281 110 -821 63 709 698 -897 -751 -264 -414 -622 -859 706 -746 265 741 -642 -175 -782 -266 -337 980 88 -666 
-666 -313 -614 -586 790 -124 325 600 -849 551 -967 -261 -464 498 237 794 189 -735 -589 -378 999 -995 316 316 -827 128 658 -95 -95 -689 -755 -609 614 -327 450 199 953 988 353 811 811 -495 53 53 635 486 209 -211 -392 373 807 590 -115 659 874 -116 -724 -491 -262 988 -894 341 996 10 -918 78 902 964 -413 -176 -176 804 750 198 825 64 -558 -330 645 -3 689 296 -933 212 -210 102 -139 -25 -604 939 788 901 -348 526 522 -392 -199 -137 -237 -518 
99 -322 -322 -534 -746 -574 461 86 -509 -498 -438 -366 -366 -78 956 889 243 -375 -958 -369 -657 386 -314 -841 -557 -505 -570 -27 -122 -976 875 -313 243 585 585 -620 -817 608 -364 185 -3 -3 -211 74 671 -310 -310 482 628 161 864 -71 678 461 -991 709 817 -605 913 -332 -37 976 725 -140 846 -849 866 -248 521 521 -416 -416 862 333 294 -467 530 -639 11 -511 870 808 870 82 -453 -453 311 629 -160 679 -778 -195 -725 321 -828 5 5 903 -916 -440 
99 259 -347 -634 -347 -868 388 -635 146 -625 -115 -89 687 -177 860 -832 -582 399 845 534 50 316 -286 -286 -192 377 -650 644 508 -119 462 -440 135 -173 384 -845 546 -605 -436 -110 348 26 -805 -151 71 -560 565 623 -697 -78 685 685 -888 621 236 236 772 434 -16 -31 -16 -277 -334 610 473 -98 -127 450 826 -264 851 485 300 -86 541 163 -508 378 985 -435 985 983 616 -516 -805 -841 942 216 705 141 893 983 -79 -937 401 543 424 178 264 455 
