-388 886 663 -11 112 99 -20 -806 774 645 -708 480 -167 -812 546 329 -639 667 -610 413 319 -423 260 701 101 -470 545 -642 -561 862 -716 381 587 993 -370 114 -502 -351 365 156 418 674 -304 801 -988 749 13 -666 857 810 -918 527 -316 -144 -122 -263 262 824 -893 186 -715 892 390 94 -81 265 -904 395 -278 -238 192 559 835 267 109 17 545 98 687 795 783 -801 -959 -604 291 -343 -415 -179 -722 640 667 -331 22 944 691 676 -753 532 927 -655 
-241 -324 918 619 215 -33 77 879 131 -619 700 982 -431 89 34 -911 -818 418 441 918 -190 276 606 99 -177 -608 761 -642 -604 289 -523 381 -772 -700 16 186 273 660 -550 469 -682 -959 953 -824 -119 780 13 -407 674 770 736 -992 941 -373 -828 334 -762 270 740 531 102 892 0 -364 -536 529 -779 760 259 -426 -21 -254 847 385 -919 -24 -801 657 -446 862 -456 -650 883 972 176 -343 479 -681 -722 77 431 494 640 -817 174 -664 -883 -660 -33 921 
103 886 331 296 -924 -246 77 458 -991 -123 -534 -734 -93 279 519 -144 583 -743 169 982 476 841 -725 608 512 -139 527 -397 347 682 -523 -163 130 156 187 -857 388 -274 -627 580 -712 -521 -304 552 860 -386 157 31 -416 -683 161 -700 -606 -721 -660 -978 -444 1000 110 45 480 -802 0 152 -955 -450 378 -466 152 -426 -494 -254 -340 -5 -599 842 -992 -397 -561 289 -974 -650 645 -288 410 -257 -823 92 736 706 -761 688 773 -457 473 192 550 479 -588 494 
-545 -349 814 -849 -873 -889 -74 -232 -422 359 -534 -925 -207 -332 -147 -810 38 -712 220 -316 -494 746 547 -773 512 -120 855 -630 193 473 404 -534 614 -348 671 337 388 742 803 156 -880 -318 -40 -771 -988 263 880 -314 238 -678 -178 -921 989 969 577 -599 -779 -998 235 449 982 -973 -123 19 -426 853 -610 -743 -190 -837 580 61 -953 -774 801 851 -437 -397 347 682 -344 -163 -34 220 -22 626 -109 343 362 886 961 379 991 -868 536 -733 114 -125 -823 431 
-954 587 235 203 -455 67 773 63 -772 -81 -892 -50 911 776 -85 -846 372 -880 494 -776 38 -658 547 478 434 -131 -921 103 472 434 -344 865 -282 855 -924 -71 -614 762 -252 -90 413 -765 -961 851 -633 457 280 -321 -838 -29 969 231 438 969 966 933 -31 -850 -338 -724 -734 -167 -814 -117 344 -476 61 -741 648 -187 569 431 516 -782 -587 969 -921 -555 193 512 404 381 442 519 -403 -507 721 -164 365 792 -386 724 -437 214 -609 -270 -634 801 -823 562 
-609 392 235 978 571 175 674 908 130 -394 291 900 496 -202 511 -192 853 -195 -968 -587 -548 -602 -499 553 -23 652 -916 -27 472 512 -271 422 -26 346 -444 -961 -378 988 -134 425 -195 -137 -495 935 -135 -462 288 -849 489 748 -746 707 989 -25 -887 -100 -356 -998 -338 278 -506 -431 574 311 -980 -616 4 -741 255 454 -976 929 935 -538 352 965 781 -964 -637 434 -344 -846 -94 524 -79 -281 -896 -664 -627 114 -859 724 -487 -47 -637 632 -937 -777 203 76 
-511 963 399 211 -912 -551 -884 -114 614 -923 -94 478 257 -510 56 -319 977 176 -28 -735 -602 -977 -248 -246 -77 -295 184 500 789 -411 -191 -821 -169 462 -32 -975 116 -166 611 -987 473 -574 11 898 961 205 288 534 727 762 965 -855 497 -607 375 -52 -356 -582 735 -603 -597 -93 130 280 -911 218 533 440 319 -670 243 228 462 -545 -692 -543 707 950 -418 -165 -704 -534 934 -88 -79 -374 132 -726 -252 -256 225 355 -662 112 755 -609 397 127 654 764 
262 -923 -400 100 763 -754 198 754 -282 -478 410 -265 -719 821 948 -904 668 -921 123 -546 -125 710 -311 -355 -221 -554 847 789 -286 -822 914 773 -137 517 287 542 -835 7 -241 740 -921 -166 635 638 -268 73 -721 145 -48 -28 -960 -312 761 -372 -166 -431 -910 326 735 309 478 -207 130 494 693 -106 387 221 476 -670 342 1000 44 344 -783 653 -918 500 789 -88 -64 865 983 524 -803 -447 -863 323 -241 -20 21 837 -813 -467 -95 -885 808 284 -789 -902 
227 945 -455 -364 455 609 -112 176 -26 -813 -22 344 -725 404 -914 -778 -470 -497 639 56 -321 231 -268 -597 646 227 734 -520 647 -88 920 230 -36 423 958 -325 588 -490 -974 -453 -921 668 256 432 717 306 714 -148 602 -176 411 -363 761 -372 750 -438 -421 198 934 658 -265 249 -563 -469 693 -728 -735 -26 823 -304 -754 542 -170 -283 -252 653 620 500 524 99 -757 9 -799 -88 82 -6 -526 -208 642 -459 -207 72 -22 -284 -409 -743 56 -205 -686 -513 
100 -961 -829 765 455 -68 971 -184 554 -817 -259 112 -296 613 -309 -248 -205 -728 100 -218 237 -158 324 466 -4 100 -781 -337 -53 934 -194 733 567 -828 -885 668 -770 415 254 186 -728 -918 -371 766 -853 113 896 -797 -750 -902 0 -224 657 223 332 244 -481 -457 945 56 344 257 717 -106 26 -728 747 65 38 379 -861 841 425 260 123 0 -781 -631 524 48 914 -821 983 645 248 -43 724 -445 642 920 -661 -377 -181 -609 908 737 56 -827 -571 718 
161 51 -53 207 606 138 -112 623 -169 648 -584 -663 -296 886 649 611 90 544 100 175 -13 889 139 466 471 438 -781 -687 510 -163 -227 252 -561 763 -561 -700 -778 340 30 -818 544 856 -223 -597 -653 -562 640 378 -884 -686 931 -224 52 -254 866 489 -2 107 -933 647 112 -725 237 240 327 990 770 759 -66 -114 -505 -651 -506 796 -713 -103 567 -61 647 89 920 773 -799 -619 -637 781 -702 -237 254 334 835 837 -728 -701 916 -743 -954 -121 689 718 
707 228 516 24 -305 -951 7 -394 -137 242 -685 -107 231 -545 -123 -569 155 52 642 4 -908 137 835 -880 -632 17 620 -535 -727 48 335 517 567 -339 934 39 -357 781 -767 -572 52 -139 -265 -928 -653 -800 -177 806 -839 265 931 620 -642 461 -714 -539 718 107 -492 -766 -232 -725 620 -675 327 738 686 500 -548 861 -42 -651 185 -573 519 -295 686 -520 -536 -468 -194 -770 -463 170 64 -647 919 785 254 292 707 -839 -728 92 -30 283 -954 570 209 336 
17 -483 -268 -144 533 350 -91 379 -36 221 -584 398 826 900 855 845 -842 -966 -95 253 -956 137 552 782 318 -669 489 113 760 -152 832 -333 890 -24 362 868 -796 -679 -169 372 -966 -714 946 165 668 -259 512 -25 893 311 -103 686 -397 658 555 550 907 852 826 293 -232 -296 237 -225 -945 -910 -250 500 -877 -106 -390 -753 7 -127 -586 212 -582 758 -563 -670 335 230 -834 170 -879 -805 919 -351 30 -414 844 843 818 -486 573 407 -894 717 -838 -199 
-918 890 -441 -66 769 -94 -904 -463 567 221 -79 -765 350 -115 -886 658 737 339 72 77 589 -929 528 -809 -422 736 -582 299 595 763 629 777 698 -790 28 -495 -208 314 -627 -88 339 521 -736 -132 -180 -796 -23 554 -222 -685 -945 -582 -248 553 -427 118 -453 59 577 -955 336 -708 620 -859 568 -281 -276 918 -84 396 -853 -883 -734 669 784 -566 -407 758 -821 207 -619 -317 -945 -123 427 -459 -502 660 -586 -90 844 901 -199 646 -770 -641 -119 129 -974 -683 
-669 835 -603 340 -182 514 961 831 567 -365 248 -217 -740 -492 -130 -402 327 -874 837 -962 213 832 835 -556 888 161 -582 829 -706 -670 -378 -735 698 -38 28 -766 418 583 -226 977 -226 -469 949 794 121 293 -77 -850 -222 308 633 -582 103 -793 -871 372 912 -533 927 -589 -122 826 -17 -468 455 660 466 502 -616 92 -548 910 -734 -339 572 634 39 -971 -821 -674 629 480 -834 359 407 -806 -786 -274 -586 580 678 304 350 -396 -178 -741 876 697 653 -678 
736 835 -850 -830 491 203 533 178 890 156 415 59 -31 390 -562 -772 -182 -273 -377 221 -146 832 835 -274 81 -782 221 829 600 207 -635 693 847 -160 28 507 418 762 336 668 -844 119 -976 -349 -104 293 434 944 -348 -156 -566 -259 -27 460 -903 327 795 354 -334 345 398 -477 506 -457 776 -865 974 756 -452 -109 -548 -643 576 951 175 496 221 -535 595 -106 -102 517 -716 -923 -732 451 -241 742 -767 156 598 55 524 -313 -102 -496 530 745 827 620 
842 462 -858 190 366 672 640 68 698 -348 64 -349 969 0 212 728 938 -273 262 221 373 454 528 347 -715 969 -842 188 -138 -674 -378 620 -613 391 791 -703 401 -669 336 194 616 619 531 739 600 -84 -23 677 81 -943 634 992 -27 -723 -673 100 517 705 -334 -365 -992 344 -126 791 584 -80 671 -776 -908 256 909 875 -984 301 571 339 39 113 603 -909 -711 -333 -716 -671 -439 -248 -12 273 618 156 419 -816 -258 -396 828 484 -315 250 -751 -363 
161 27 941 927 -737 789 -726 749 847 -120 -550 -811 175 -652 -273 62 -627 428 -839 -165 -812 454 -178 265 -602 -746 39 -622 215 -674 -366 819 -708 -532 -816 410 889 -612 755 90 702 -102 553 -927 61 -773 -77 582 -227 103 984 -407 446 -723 -808 784 -629 -8 -432 306 254 -31 914 591 -563 -990 496 -587 962 -844 109 -514 -984 710 -899 386 920 113 816 170 -378 -333 271 -813 692 -199 388 762 -226 469 -4 -810 810 -33 -58 559 -315 697 383 762 
800 -598 -606 223 -888 789 426 -313 317 477 -214 364 -879 -123 -607 319 764 477 784 -605 -809 -670 981 146 55 -543 992 -771 419 -909 -571 812 -808 -636 670 -282 -485 567 -35 155 -411 101 771 504 -976 -398 -407 582 585 149 496 -407 789 733 -246 129 -639 347 -123 -81 -217 969 0 221 18 -170 590 -546 -146 719 -728 -97 896 274 869 -649 920 299 -463 346 -378 -735 131 -183 -854 62 230 -786 643 -987 -924 21 -346 -313 977 933 704 745 -80 -686 
-60 545 438 413 -878 421 -333 894 -708 462 -214 -343 -179 -814 38 -353 477 477 843 -432 -59 -684 192 -470 55 -960 920 307 902 170 467 264 -4 -971 899 -861 -289 -612 -474 -772 -111 67 709 -266 668 913 -4 898 -585 834 496 992 479 -606 682 546 123 -154 -432 352 -349 -179 -173 861 689 -170 -986 248 891 -826 -671 -937 -119 503 36 -508 949 829 -138 -91 43 693 -772 74 -707 -833 -660 407 336 -987 -387 430 312 -313 98 144 809 594 -845 317 
969 761 438 327 631 -910 -943 -938 -224 423 -879 -507 94 574 -792 886 -582 -411 741 -92 -646 379 610 191 76 411 -561 -889 -560 346 427 -449 -224 9 49 -391 908 -285 276 737 -433 67 -478 -336 -149 387 616 187 965 617 130 39 -520 1 -449 81 451 -65 146 401 -257 94 -134 -331 289 256 -968 -218 -693 -95 -225 886 489 208 -876 208 122 -622 419 168 43 819 182 648 -306 605 -614 -145 336 521 -559 -318 -170 -725 -412 -328 508 -969 -13 -521 
96 4 989 327 224 423 -116 -602 -143 517 407 -507 730 -859 -704 -988 -767 -433 -560 -92 506 -788 106 -403 -530 -103 122 425 237 -91 171 -353 -866 -579 463 -436 -999 901 -107 327 -970 -584 548 318 643 623 898 256 816 -246 -649 765 -337 687 780 -28 297 -592 -400 461 -811 942 -491 -672 -954 102 -693 4 -812 287 -290 886 391 601 -981 138 68 -771 -425 665 620 880 -282 993 -867 -274 116 151 -800 -453 -897 -221 108 -41 -817 763 116 -407 950 -156 
965 4 613 848 770 -909 505 -686 -143 592 -305 -281 671 134 -866 747 -851 -111 304 501 578 -672 -494 191 116 -295 -339 -678 -838 66 737 -178 -504 799 463 610 -513 -186 -411 -205 614 317 -354 457 -651 -326 -422 -145 -678 -174 -560 920 -337 -314 24 -508 699 -117 -231 649 -343 671 907 618 -901 454 -850 253 31 623 962 937 246 769 -981 256 905 307 237 -194 467 620 -282 -700 -370 910 116 -490 -647 -753 667 -832 -390 -910 949 25 126 -314 825 103 
-543 855 613 658 278 -783 -627 -886 -808 517 -732 807 530 -563 720 588 -847 -970 51 22 944 -831 -699 -458 -3 212 -382 -686 415 865 149 -814 -364 -407 380 -853 311 901 223 0 -868 -902 584 321 772 623 81 -96 373 845 637 639 -877 661 283 -739 699 755 -725 -119 626 -819 -651 173 -698 489 371 77 -247 302 192 808 -742 -252 -190 30 -293 425 -117 -748 171 812 -26 156 203 114 237 729 800 583 -743 -765 -325 -728 884 -809 888 781 266 -683 
-960 -921 -351 553 -51 -988 -946 -588 -357 -828 483 -670 771 -56 394 -456 -281 614 55 506 -690 -842 569 -283 -80 -566 -776 -465 -296 665 -773 -136 771 404 303 47 -886 756 329 764 32 508 -359 -174 450 132 81 287 82 336 -165 949 -261 -561 223 433 -311 118 731 142 364 530 -626 619 523 897 467 -962 -247 621 -733 56 -492 986 290 30 674 -503 183 -307 720 812 -169 346 505 -857 588 716 -474 583 -712 581 953 -775 -840 -809 638 -321 674 -246 
653 -916 761 -912 -45 -988 652 -286 -4 763 692 548 361 -985 -422 -456 590 593 821 -29 -690 691 -976 720 -927 984 13 120 167 665 -813 -318 795 29 -424 -710 -777 848 -911 -646 -546 -871 -530 901 87 -98 919 287 -117 -842 256 -339 -413 -604 5 -19 452 -688 -288 -871 364 -819 382 843 -308 -411 467 -962 317 -46 632 -397 252 528 589 815 305 -686 -672 -911 619 676 -36 -359 -163 -857 227 781 -622 38 413 581 953 195 941 -751 572 -849 -416 617 
411 -795 98 470 -432 130 188 -201 -364 -339 -261 -6 -706 720 363 250 611 -91 344 991 -817 174 243 854 16 -649 -452 -758 -95 -194 335 211 -727 373 -201 939 -432 751 -810 477 864 -911 -374 696 321 -478 441 -98 -186 106 -878 -776 -535 347 811 -768 -650 -892 220 -877 -343 672 371 843 203 79 -610 -165 506 -996 -609 -894 317 479 -736 468 -80 -465 -630 -307 903 -449 -561 462 -462 337 -357 199 276 -54 473 -428 354 333 -744 -106 340 882 305 -174 
0 483 52 -723 -780 -107 609 -3 -748 -829 -755 718 479 237 892 193 -37 864 -183 -662 -457 -844 -185 -403 -587 208 -293 -929 183 -748 -599 -297 -388 -233 182 -489 934 302 -846 41 184 -394 -841 706 -629 -154 55 -922 -926 355 30 68 113 193 -455 -768 -969 -959 519 663 626 -302 -858 814 -122 879 -356 -165 506 -346 -885 -980 473 479 -254 -239 -80 -288 -210 -307 46 258 -207 -828 -462 -71 -796 -395 -107 668 176 -166 -60 333 242 645 -66 145 92 845 
931 734 -397 470 -780 -787 -467 192 771 553 -707 781 -228 720 -725 193 -112 184 -959 980 -756 826 -754 350 616 637 -31 -343 -672 -911 673 879 478 582 182 -250 -891 302 -192 -582 -176 638 -126 875 -71 175 76 -904 -577 558 393 13 936 472 -455 405 -969 883 -26 -479 -507 361 -772 199 -997 188 -484 591 114 -178 -76 -894 -103 -720 -665 -831 596 120 -233 -128 780 -353 890 -828 -547 -572 4 314 -411 592 185 209 -961 175 891 -391 319 -148 672 -388 
-103 -363 -630 733 736 844 922 497 795 553 -560 232 -226 237 417 601 408 184 -318 -813 -47 54 -267 -680 -534 -165 305 772 626 301 -585 458 586 -468 -687 407 235 -663 -319 -851 -267 574 934 -9 810 99 -530 -19 156 398 468 -293 299 448 473 -967 213 81 524 410 -447 -201 505 398 -114 436 -484 -605 944 572 -743 -119 421 927 -711 -777 -700 -343 99 -307 863 -957 297 -339 -444 -975 4 -669 329 90 185 -918 -396 -471 266 -120 449 378 727 106 
-945 -781 103 -475 -122 -263 -630 461 -581 -848 -306 -805 -691 620 873 -687 419 -267 -689 -22 269 -53 366 4 -534 -878 -120 -519 -233 -128 -585 63 -370 -716 513 652 95 525 313 660 -213 574 -944 393 260 608 116 549 612 -307 -239 -31 -643 -70 512 -456 213 243 -88 -403 548 479 343 736 -392 188 494 -432 -817 -884 407 876 -125 -249 529 -808 -732 -167 318 -128 737 434 -613 -339 -702 -894 418 -303 -911 582 -921 -139 -495 -618 -312 749 944 378 602 186 
633 -224 950 1 -122 -765 -630 513 -727 -790 -370 451 -691 -189 -51 -889 -875 -267 -689 -181 601 541 -42 -763 767 815 596 636 99 281 -45 -114 101 -716 482 429 885 -892 -778 -847 -149 728 -485 841 606 -264 -3 543 -646 521 -552 -31 188 510 -411 783 -846 442 645 -685 260 891 -239 259 -331 209 379 228 -817 149 407 -482 479 -823 -628 519 -993 772 -538 -774 149 -136 -708 191 -702 -325 39 -278 409 -659 -728 -714 635 930 -277 -386 880 199 -23 355 
634 489 -27 -314 -828 -787 216 -509 -732 176 203 -248 132 819 -122 -631 -440 -213 -765 233 477 225 -390 983 941 393 7 928 318 -113 230 176 -865 842 946 652 268 -458 845 905 551 72 -843 966 19 -277 -999 986 -806 824 -212 -592 188 510 -88 -716 -534 934 -619 -803 577 -109 296 254 640 772 123 -5 793 977 -641 704 -125 -619 327 670 300 -519 -908 -983 -773 545 -224 -829 -909 668 -495 -612 -192 737 544 521 256 930 -913 263 880 -173 507 558 
634 686 446 687 -660 -599 63 -509 -388 806 -346 62 507 -17 -877 759 773 -149 -137 -699 477 284 125 559 -461 -212 -732 627 -188 -983 204 -184 170 965 -408 -302 468 -147 -814 109 -574 420 -210 746 19 553 -80 291 870 -428 758 -31 -771 -563 934 -523 865 983 170 -584 -647 -41 -208 365 242 431 639 -5 214 -695 -552 -482 801 654 146 -961 810 -437 -908 601 -813 211 -357 -568 13 -700 -289 -186 -192 253 54 -469 -931 -471 964 -462 -782 -850 939 398 
984 -582 500 -446 -285 933 216 -17 586 -128 187 -884 602 -96 -22 -917 -439 551 -864 818 -467 -30 -853 -822 -658 -239 -957 627 531 -987 -20 623 422 965 240 -266 709 175 374 611 -214 -150 553 -602 -725 -246 -66 -656 565 -969 -777 730 -889 -727 48 404 9 -977 -123 -973 232 721 -513 -998 77 -107 724 22 -47 -351 -496 -315 -777 -789 852 383 46 -519 -466 -987 -179 265 -4 -790 13 -658 -254 901 -319 -205 52 498 -140 -604 -566 -927 280 565 641 -635 
339 221 789 -446 966 411 853 -541 586 391 671 -833 -416 -126 -522 -917 572 551 -574 350 -546 557 -929 -254 834 -212 -437 -501 -908 -636 77 -394 585 433 -607 -266 258 907 -772 -998 -38 500 -45 -977 547 -246 -587 -601 110 -343 137 -120 425 -467 -152 -344 -821 983 -81 82 182 132 641 -627 -580 -339 355 506 -327 98 752 -362 -886 -686 562 -705 68 392 458 -636 335 -297 862 19 -885 868 -58 -885 -233 -627 341 -448 119 -587 -988 -993 683 869 641 525 
-649 -842 -631 -550 -887 -610 -999 -331 -370 -532 -547 174 919 914 -922 -382 154 -574 902 132 -546 307 909 61 969 -777 810 -476 -600 -680 131 379 247 807 155 -381 -623 -830 62 -242 782 -114 -212 -425 -725 -597 -688 -835 -281 -288 -961 -557 -503 595 89 -271 773 -945 -923 248 451 775 -4 803 -580 512 355 -428 -467 568 559 -31 -618 389 507 -61 68 360 458 -680 -599 -806 -229 40 -561 -495 -777 -285 -782 764 -874 376 946 -902 274 306 288 677 -222 -428 
343 765 -520 -491 -836 -431 423 846 622 355 -444 680 -722 0 -922 -567 262 -214 581 524 224 -825 578 354 872 -808 -574 -881 -613 658 -522 -463 -347 387 -436 515 359 -75 319 -851 782 -114 797 801 547 -771 -534 681 -735 88 383 -557 -686 -238 240 -393 733 -945 511 -21 307 -870 -237 -252 637 575 -95 991 -467 949 144 -528 321 482 76 -510 887 360 -613 658 673 458 771 -481 362 507 -777 -885 -642 41 687 -564 685 935 -687 -456 714 -213 -150 -969 
208 -259 -337 -561 866 -978 962 -170 184 -636 -32 114 -502 -134 871 -517 -509 -38 -166 -258 694 -972 105 929 -545 137 46 -690 259 648 -74 178 950 414 -693 -468 857 -456 -353 -78 -650 -8 925 231 -499 154 -461 794 -604 -335 -270 -732 -465 -463 -324 -928 252 -945 -478 -550 972 -416 660 -628 706 413 72 -437 -833 884 -328 687 791 209 -902 -510 893 627 259 -729 -585 63 795 708 934 -280 -557 756 -778 -646 560 -564 -146 -785 -988 -562 714 903 -927 691 
637 -842 758 -604 -714 -438 -762 115 376 -461 -91 186 -786 -636 -771 455 -602 -650 110 -444 -609 4 -309 431 -228 670 771 -442 -176 898 773 68 -297 -777 65 543 -930 546 747 823 -759 632 662 889 -759 906 804 763 512 -291 -270 -957 834 419 207 -227 480 -834 -409 -550 -884 919 -846 -134 -101 357 -839 -662 -833 -840 479 687 -205 -66 -967 -139 -105 926 -176 99 230 754 -581 391 552 -601 -432 848 -569 477 -844 101 -976 288 274 -984 43 903 -450 88 
138 992 -793 347 -427 244 -304 656 376 -66 54 337 273 -636 94 550 529 -350 -918 -346 -790 949 -849 1000 -701 -61 -51 630 -197 99 674 749 -920 -199 -284 852 -892 -147 588 -669 316 632 259 -313 -311 782 969 -803 784 -567 -61 -671 120 -560 -674 335 777 298 -409 470 -833 -68 762 611 792 -661 784 -813 694 941 937 -408 -121 -838 -817 99 -115 -62 61 -246 -67 754 -727 355 552 -582 958 -53 845 -646 616 67 -806 654 961 785 896 480 -454 -335 
-165 39 -23 193 938 550 219 925 170 -579 287 -857 -241 745 -364 -412 853 120 856 312 743 -231 -225 -265 -787 -139 893 -949 -620 -33 -884 -313 943 -122 238 -584 564 144 -677 848 381 912 -278 889 438 -493 -239 -771 -699 -210 -139 810 -167 902 -674 335 -302 759 -814 771 -763 -502 843 611 -493 -165 -741 775 -790 242 -871 888 717 -974 -399 -303 440 902 -197 990 702 755 -388 355 -302 410 95 751 -300 -767 -989 67 576 598 -135 -944 101 187 -730 -644 
-878 765 -844 472 -871 372 -779 656 247 799 958 337 -12 907 152 718 -476 381 -139 36 646 -95 -548 296 274 -939 440 902 -487 -246 198 894 -710 -334 -521 864 464 -85 -456 -496 -829 912 152 -313 324 433 -545 -572 -64 -987 99 372 -846 -560 -106 335 777 131 648 -305 910 -786 -310 -241 -20 707 741 -22 724 -88 -751 543 -661 653 336 864 -42 -881 -339 67 77 623 478 617 -302 -861 -391 302 611 -767 960 317 531 638 -734 293 486 -463 908 -435 
815 -561 -535 472 -903 -594 -31 656 585 -419 -885 -747 388 66 -930 -81 218 -829 -714 -958 646 932 192 -651 847 -139 932 1 923 -961 126 -384 950 -717 928 734 -994 111 238 -732 -904 -841 -192 -313 173 433 -228 187 -219 -454 -139 771 -781 -425 170 629 693 -115 -788 394 186 273 -808 -974 -20 290 -560 -699 -486 -312 -106 572 745 -751 689 -158 -217 -526 -104 -576 634 -302 940 -692 -302 -737 468 -663 374 -281 -433 508 -64 -189 -852 -66 486 -145 -130 -567 
468 -472 -182 -418 -673 -948 -910 -913 -347 -407 -561 -71 230 311 311 212 -476 -829 288 894 -74 264 -733 715 978 -510 344 611 112 175 -783 -686 640 -138 329 -383 -292 511 584 572 -779 -465 -611 -402 139 347 -701 -312 -219 736 -939 68 -437 237 66 43 880 -772 603 394 -857 -241 316 254 -467 -3 304 257 646 962 -751 -975 -979 383 169 -485 47 -149 587 175 -74 831 -502 -419 -816 -853 451 848 374 -368 -111 610 553 367 -853 -710 -177 528 -994 -210 
-552 481 -643 448 657 327 -613 -624 361 384 345 -975 -614 -865 209 328 218 -904 521 -390 -33 -154 632 59 -981 -939 -942 -663 -386 -780 942 -886 -744 611 921 41 225 948 193 154 378 84 319 -238 835 146 -787 545 27 867 -128 893 636 292 249 -378 620 614 -700 -62 337 -12 -490 30 920 844 891 89 646 -913 -106 -925 -979 -80 -699 -613 944 -149 453 -857 773 178 622 -407 670 -710 873 834 -772 -368 614 499 667 432 -211 -398 -221 528 -994 -465 
-239 -887 829 -286 402 -521 -421 774 361 29 934 542 -378 371 494 344 -821 -779 -469 623 -396 456 -732 -753 635 -3 944 787 215 -754 7 -286 -744 -822 -229 989 -917 -309 -582 -509 504 919 -190 -426 266 351 274 464 -218 112 -559 -105 -519 183 865 -711 -792 -282 -348 692 -747 388 415 30 57 -172 55 350 109 964 -391 813 -386 101 -683 -682 -17 633 112 -754 -884 68 101 404 -886 47 -505 -892 728 951 -868 -42 709 -597 -642 387 434 287 373 -454 
-483 -642 188 647 -246 100 -481 846 -280 373 362 -325 116 -858 -469 346 -106 378 119 354 -33 928 -609 -883 516 -410 -558 396 -924 609 -91 -201 402 -625 -9 -474 -698 -914 -687 -509 -969 -627 476 832 552 -403 767 330 246 852 -485 440 636 626 627 -635 -468 554 -120 372 -747 -614 340 -586 -131 678 -445 -223 -311 -596 536 813 -900 -13 567 444 665 -949 566 609 198 351 -865 384 49 -489 -623 -458 62 -319 514 -871 -478 975 927 43 -23 890 843 -543 
-890 68 -799 -53 157 784 -2 809 943 -233 552 668 -149 -925 -705 -921 878 -969 -298 -304 -766 -178 -885 -239 169 -485 618 -850 -455 138 -777 -623 -248 327 -100 -728 112 622 356 -602 130 -27 430 -426 528 191 978 -384 312 -414 101 -141 928 149 -194 -378 819 -137 -915 393 955 -378 781 -691 580 601 -959 -258 -396 860 749 944 -407 -652 -29 405 168 902 566 138 126 749 170 373 494 -489 -224 573 -353 611 668 819 548 -478 121 43 372 -922 -237 112 
-777 13 -771 -536 870 129 -2 267 -351 219 28 -256 -159 -179 -667 -946 50 -87 965 -691 467 -102 737 114 567 167 -729 75 116 -951 -777 497 369 -580 -95 -441 139 649 -739 529 387 965 38 -837 14 -458 -580 -523 212 988 366 911 360 318 -380 -366 819 -36 477 -413 955 116 729 -31 -414 -261 -318 328 -766 -119 780 -247 31 825 225 477 497 772 -924 -865 -375 351 422 -233 282 411 47 345 -799 -242 184 638 785 -928 600 623 -77 -163 -117 852 
-131 -293 307 510 -856 989 456 -266 -710 -468 791 -700 -655 92 -675 -31 612 700 -153 -40 580 572 407 875 462 444 774 -538 -64 -865 533 461 -50 186 -967 135 -160 -123 -382 -450 -735 486 -548 454 981 -458 635 444 109 -902 -644 944 926 -188 -911 165 812 -561 -915 -560 782 796 716 379 388 -985 -832 854 282 -633 245 157 -314 370 690 464 774 611 -455 350 7 -313 -347 582 303 407 -46 907 747 -851 184 574 785 -745 600 623 -407 389 -186 -414 
137 -120 705 -563 682 -456 907 -83 788 -468 -816 39 -655 343 -844 -31 738 989 101 -961 -910 -884 -76 -97 44 405 497 755 763 60 640 -535 230 531 -415 -219 567 783 -612 853 715 395 484 -684 610 854 516 267 -919 -555 444 400 453 531 -748 171 264 -207 446 -370 -975 -778 -679 643 580 -714 841 -390 -910 860 263 -782 -321 682 762 -152 400 -663 116 60 -91 -535 -347 -468 -262 652 -46 -75 -677 -78 -176 728 785 932 -25 -98 471 881 -926 988 
670 -120 425 760 -449 238 -883 -368 640 660 899 868 -778 -164 -457 442 -910 387 101 -495 -280 974 -743 821 425 405 774 -955 606 -94 426 857 450 576 197 -441 128 -80 -517 218 715 760 701 -304 106 -403 -414 -5 -599 -270 405 601 -501 -466 301 -799 -449 220 423 203 294 -934 552 643 156 -516 -765 953 -18 -119 457 683 840 266 -902 -152 774 787 763 514 572 -509 950 -716 -899 -167 -930 546 -23 419 -233 891 -359 -173 -25 -271 616 549 -577 -902 
-961 596 -678 -706 556 -554 -453 573 -744 -152 49 -495 858 -664 103 -687 158 -735 101 11 -420 977 -641 -937 41 477 559 543 -784 -94 -446 -423 834 -429 -283 567 -108 716 455 -616 747 -351 -452 379 -494 -157 462 -774 966 -270 464 -729 902 -466 301 619 125 890 592 -398 -325 -796 314 -784 425 -924 -574 268 -775 -687 -927 -721 534 857 311 -480 559 -942 606 -777 572 -17 141 660 -201 -167 564 546 -23 -221 -233 72 -359 739 693 12 -422 543 -608 545 
383 -416 -686 436 657 -226 795 488 -853 842 380 -495 -796 -726 539 -596 -80 715 67 635 195 -493 -104 397 -506 464 -207 -177 -529 514 -534 493 -48 -724 478 270 -542 -646 -412 -106 974 -743 -956 -114 -699 -680 99 -782 352 -715 464 400 -690 -418 281 903 125 297 592 187 668 -208 583 -784 -987 -788 902 -40 195 -687 -927 996 145 674 265 542 -207 842 150 146 533 -901 918 842 -687 -302 464 -147 238 -555 -213 420 -585 739 -149 -234 -101 -293 250 -555 
-61 -416 -465 600 657 433 208 265 417 -152 282 507 -208 296 -938 -576 -952 -388 -851 493 -803 -351 -460 808 7 477 -465 -688 769 203 -943 -17 273 673 248 515 -848 394 -170 878 531 -771 962 -23 569 4 41 -538 -587 124 -141 -207 -149 -62 -128 441 -464 847 592 -455 210 -248 762 -112 -223 -529 902 -396 -728 -135 205 714 -797 368 -685 -269 -323 -604 131 789 640 -456 943 -152 182 -266 -292 66 -52 -496 -213 420 -141 504 -651 -234 -101 291 -646 507 
-939 363 -942 215 24 -886 -54 -903 -248 965 303 -280 4 781 591 26 -876 747 317 104 333 98 559 56 988 464 146 -427 -893 -777 -763 -456 -501 278 766 576 -332 -422 813 449 496 -741 -146 -148 -976 474 996 429 -692 -518 542 607 -442 -613 701 737 -178 -378 763 -444 -700 418 -669 -35 740 -3 -225 988 -803 961 -562 996 378 -416 901 -616 -313 849 -501 -932 640 846 532 965 513 935 -292 620 1 526 551 69 -126 958 -698 -109 413 -656 -400 328 
99 -957 120 419 283 -768 937 1000 637 626 -960 -703 418 -208 -25 -576 509 286 -902 256 175 -412 933 -397 -868 23 -217 484 -182 13 448 846 -490 106 -920 892 -790 960 -668 738 590 440 -693 -842 243 983 7 344 -783 507 13 -465 620 259 701 -773 434 -224 -24 -91 -658 -248 -612 -474 256 -682 -383 635 333 596 -984 183 677 -433 -943 28 -926 781 178 -910 -578 115 532 626 946 -468 225 769 -687 -901 -214 69 311 -266 772 14 -715 -200 110 328 
-303 -532 -929 902 -361 692 451 -407 369 433 -960 -601 401 -691 861 -945 -170 307 508 -371 -618 776 -328 -954 576 23 804 49 815 789 -735 -170 -248 309 -711 91 776 -435 344 -910 -43 221 31 691 -542 -256 -734 -310 -41 328 -616 -217 -949 25 -983 335 -814 -808 -568 -156 -782 418 302 -474 -639 -356 -166 935 175 86 -753 896 -912 -453 458 -672 -733 -955 -893 423 -446 453 788 626 -843 852 -659 56 876 -822 -38 -8 538 -336 87 -773 871 681 535 921 
-128 -888 -167 -560 -254 860 297 -998 -50 -649 -342 410 889 -237 -331 568 736 770 775 -223 930 884 479 -119 -984 -480 942 155 -530 -59 323 -326 740 56 361 -802 -315 -603 -980 -281 -266 65 -59 174 -754 559 576 -283 68 837 28 -986 -581 -197 158 -774 -136 -524 191 287 -495 889 811 -622 186 -712 668 256 -618 -853 -944 640 953 48 103 -29 -887 543 815 423 -943 925 950 -458 180 864 112 -914 918 154 782 -114 -580 84 321 -773 441 -353 -604 241 
-485 580 -343 -425 862 -967 -556 -582 230 -155 -329 -282 -485 660 -672 455 -853 -266 182 -140 -471 -558 937 -894 -461 -141 -744 -390 -279 -910 -27 468 657 -547 962 -167 299 417 -946 660 28 65 959 -109 -267 -254 896 394 123 260 -29 804 -581 29 601 673 -552 -866 -790 958 -766 191 -612 276 -818 -880 -918 147 930 -982 -66 101 -850 -241 -470 230 -744 -177 -279 -182 -451 -741 640 -367 417 734 -480 622 -739 262 -650 562 -485 -489 -708 68 76 -803 -871 56 
-501 580 772 237 289 -456 92 326 -763 807 -201 -861 -289 339 618 776 857 686 585 119 801 941 763 -980 590 60 -142 -11 357 118 -946 115 110 754 -715 -431 -510 873 -687 -865 -747 759 -646 473 -861 61 34 796 -713 241 -781 -887 567 29 -987 -585 167 -504 -38 -885 507 -289 -631 33 -572 -735 -139 -223 801 -982 293 -177 565 -48 488 230 -142 -657 80 -182 -763 -913 -744 807 319 -593 -480 -914 299 -321 -759 -8 -210 321 -71 403 -530 -53 512 794 
-116 46 -519 718 682 783 -311 198 834 414 182 513 908 742 619 -755 -853 28 284 946 801 -93 25 -119 -739 -616 -190 619 -737 -909 652 453 -979 293 102 911 182 -122 -21 -798 686 918 506 -20 -505 354 -594 78 519 794 -245 -744 611 624 -636 -165 -58 -229 -40 -561 -703 -513 756 -411 -572 -287 -714 -265 0 -642 -84 434 -908 204 834 -245 -190 -980 -737 -988 762 -381 417 387 155 41 -160 622 -517 -321 883 -493 -45 -174 -771 71 -80 -771 189 -615 
521 771 392 719 473 -523 452 -457 663 700 513 -86 -999 762 843 480 -68 -250 -871 -736 552 242 -871 -980 226 28 -757 -487 -888 974 188 -913 235 -955 480 496 886 -877 -596 509 28 982 578 -67 -42 354 624 -958 -586 -255 125 -190 44 -916 -680 545 -297 771 -439 552 -601 592 -631 -934 372 -287 288 946 248 668 -710 372 677 -592 -246 -773 -757 -980 -438 -988 323 774 402 -777 -436 -403 128 962 550 529 -829 926 -212 696 -771 553 -587 -572 -636 -69 
467 68 928 -838 434 404 -650 59 -487 -923 180 -436 248 393 -288 -563 843 -747 -949 949 -877 -312 -809 876 -800 28 702 551 -626 -783 -533 774 -987 345 982 249 -115 -22 -576 -170 -178 -776 -195 720 943 431 -742 669 784 820 784 -190 396 -487 658 545 -806 -581 -804 934 410 -501 -556 329 -802 421 521 685 946 -758 -398 -407 582 497 -174 853 433 484 -888 -988 -113 128 -248 -923 -295 823 -904 649 -412 853 381 -493 797 901 606 -355 616 -463 -64 497 
444 893 627 687 434 -974 -969 852 -591 -199 632 -816 -513 -245 -213 18 897 -178 -829 -976 -933 962 119 -27 -742 -29 -907 802 631 -988 -467 -402 735 -646 -925 257 -492 563 327 -853 -276 -735 944 -787 -853 1000 -492 951 912 -531 -610 -701 -97 -99 898 -511 458 -727 517 362 -861 -886 751 -18 616 421 -469 949 935 121 913 434 -27 -839 -215 784 -242 870 631 -107 652 -333 -654 -122 319 -441 -332 -412 243 853 -829 -788 925 696 19 -267 -688 -823 -219 -666 
405 440 -4 415 512 -344 381 59 441 -334 482 -853 -771 -166 642 -596 -411 -276 638 576 -886 -277 -106 -524 371 -781 -242 203 337 130 922 267 -205 -81 -506 -296 390 -922 -945 857 466 248 -817 843 -929 -914 371 185 572 -791 78 702 842 112 -33 702 -882 -732 391 791 359 -777 302 -810 -829 -497 -469 234 -433 61 387 -77 995 893 -842 -773 -815 870 337 -107 609 -783 -373 -334 -499 135 -636 783 813 -821 378 -115 662 706 19 -771 -534 -296 -218 -255 
477 -702 -4 -296 -411 -974 213 -602 -108 -717 -275 939 -886 407 -238 -596 -442 -680 574 531 935 -802 833 530 11 460 -336 211 224 -107 -630 -266 -924 -41 478 -725 -123 871 -945 102 531 56 -457 205 909 -265 421 -874 263 -69 790 607 190 -865 -33 77 -114 -388 384 28 -436 -432 -663 -319 90 54 939 576 -108 -976 -326 -4 256 641 770 78 -815 155 770 -236 922 267 -50 611 -465 -618 -636 548 -484 -821 504 -841 925 574 -861 -665 26 145 246 324 
464 456 -501 969 -531 -271 -917 47 -108 -138 -408 320 -777 248 736 -901 879 466 574 -211 -580 964 645 -482 570 460 -815 -372 224 -787 -630 -83 -17 649 -265 -296 -814 -771 568 32 149 -218 214 541 578 -651 -587 274 223 497 195 957 -301 -873 -889 -74 176 478 -622 791 -816 885 -176 -319 -606 -728 -244 531 898 668 -326 471 417 -348 355 790 553 110 278 -107 -630 -561 230 212 -521 370 776 873 467 -685 130 55 259 972 -725 782 26 464 312 854 
23 118 -481 167 -163 -704 -534 354 -77 662 155 -425 -238 724 -367 -140 256 974 174 771 898 547 704 -315 692 -245 553 100 278 -107 -115 488 -492 649 344 -708 574 -364 455 489 590 175 -47 225 -169 715 801 503 -968 227 346 923 543 -924 212 773 -184 -160 -895 791 -853 885 -892 313 737 52 -102 -826 638 -121 -326 -632 -391 81 558 790 -466 619 -51 -787 -115 -561 -340 -822 215 160 -510 -122 344 50 -474 84 662 -656 -248 -292 610 -384 -680 -267 
-152 -276 -476 -398 48 -229 -9 705 740 -336 325 -425 -432 -337 671 -17 -442 671 728 184 -424 860 749 704 62 784 553 -364 -51 844 320 91 826 401 112 231 -99 19 455 329 -101 253 -373 -195 -728 -753 801 -564 -899 -784 -915 553 543 -455 372 110 623 -370 -579 -816 939 268 794 -233 253 -966 -564 553 -570 -149 623 -632 -96 -829 528 195 118 -849 -45 745 -630 -436 663 -822 215 -193 -174 -425 -921 267 387 -582 152 -734 -759 -493 313 985 109 -596 
-480 78 -881 -95 -152 -64 -9 -8 -442 -336 841 716 -891 -490 -335 -72 188 531 635 667 432 -988 780 -528 421 78 525 765 -432 334 -999 1000 826 142 -232 -762 134 -930 776 897 -986 77 112 -951 -309 114 -886 769 62 -255 -113 -815 -177 173 67 -884 510 622 799 -886 -489 537 478 613 938 339 67 771 432 643 -847 -730 528 -877 521 346 663 -691 -835 -263 351 488 -48 327 391 270 886 -522 346 738 715 965 -192 195 -759 -965 872 -162 -919 -863 
-141 400 -690 292 89 107 865 -908 -244 -822 65 429 95 415 127 -122 -462 453 72 709 -466 -135 245 941 -587 790 525 461 -835 985 423 -407 577 -871 512 826 -141 311 -755 -317 -968 -962 -546 902 699 875 -858 -220 203 324 -96 553 -980 -912 175 126 379 -865 -407 -531 -425 468 -411 -300 0 408 67 -220 766 -651 -154 888 287 67 824 -113 663 551 -447 -263 43 824 417 -580 921 576 -545 563 680 -720 -388 486 -192 -809 -311 265 -239 267 801 -628 
-799 497 -149 -117 -468 -928 422 -641 -244 -625 -284 429 885 340 -550 -997 209 -101 -150 935 -466 -135 263 687 -125 195 554 207 -447 -787 262 -582 927 -877 398 -477 -563 209 -563 921 473 -165 -833 -35 192 -643 -205 -45 -876 894 -96 -466 -688 -497 -551 126 -463 376 29 49 407 873 -900 -248 477 192 90 709 212 195 577 888 -922 -626 -969 787 331 203 -604 334 -999 91 -487 -686 143 -866 900 871 -946 -720 747 760 275 -809 324 265 -701 -838 966 -901 
-203 400 630 183 160 920 422 -300 235 327 -521 429 268 781 142 -672 873 -43 -430 935 975 388 457 941 801 346 663 -49 -604 -599 -762 326 -334 53 -765 -686 -985 209 18 -411 -850 -605 -546 -742 -733 -937 -917 528 -190 -964 787 -466 -980 606 -754 -725 178 422 29 -352 429 -946 -830 658 -646 -868 317 -478 18 87 -863 413 -970 -678 -969 787 -138 211 -181 -765 -953 265 621 531 -9 -866 -492 -922 219 -910 307 -351 928 746 173 960 -787 -5 977 864 
-616 -833 -949 718 181 -619 773 -117 -762 -580 552 652 537 199 -627 -392 -923 -266 -430 548 972 -564 -462 -851 284 -113 918 -373 -122 933 639 -457 -123 965 -217 -31 720 494 689 -442 -25 -432 694 -972 632 397 717 -310 -981 854 338 615 -427 70 -722 7 68 247 373 303 652 589 -75 374 41 616 508 935 794 321 608 81 571 373 -343 338 588 211 -828 985 262 1000 81 289 -100 892 390 -364 219 -281 -266 -771 -190 212 139 960 274 -774 -692 236 
28 559 -581 719 207 -619 230 -311 -762 -686 552 -302 468 314 803 -502 -923 686 -114 -354 -928 -268 205 119 873 -96 -138 -721 -828 294 -304 -514 -432 -693 59 969 720 -469 -901 79 -610 228 -609 -173 -732 808 129 927 -190 236 -185 118 484 337 138 -904 -677 585 -233 303 652 -13 402 -402 -582 702 775 548 -349 -71 -264 413 -697 82 -729 643 814 100 966 933 639 -407 -248 326 -920 91 -123 -364 -687 660 -250 -741 476 -75 552 191 -539 -782 -783 -85 
-29 -207 722 687 -674 629 -770 118 -987 186 -271 -266 451 -64 -252 242 321 -250 632 584 212 -754 909 888 85 -96 588 954 -285 -431 -453 852 146 410 -811 969 -189 -106 246 188 441 228 786 -95 -885 56 697 -33 290 -596 265 470 155 923 -951 -904 -313 950 660 -424 -266 359 546 728 -851 -411 -911 -354 -927 -860 403 -342 200 199 88 323 101 283 -887 411 -363 -850 -971 449 -809 -973 574 -260 142 533 -747 221 551 710 827 -458 -539 -538 223 162 
-781 -365 1 415 -106 -318 733 -688 735 531 -271 -266 873 762 -134 766 242 -178 926 -840 -132 -853 306 543 -917 204 461 449 247 -978 -31 -602 -231 -22 -343 175 -17 952 523 -462 220 22 -28 623 737 -397 -661 -588 583 -863 -664 663 -390 -768 350 572 560 361 660 696 515 857 519 62 -536 -433 -119 584 739 606 -769 36 -725 365 356 323 235 461 375 294 -453 -582 740 -828 361 -167 574 -260 -596 509 286 -26 38 844 981 -458 -65 429 495 613 
460 -217 611 -296 170 -635 252 -935 577 259 -741 515 -946 -669 611 -580 431 307 -493 -359 932 -653 -562 572 570 -364 235 927 375 244 428 354 -221 -259 -349 -879 -126 -667 -308 209 678 640 -486 908 283 -954 594 -249 589 -628 405 918 113 769 60 961 857 -998 660 -252 -381 -930 -147 -672 905 -868 174 584 209 19 553 441 -725 -186 728 -664 -400 461 403 -100 79 -998 110 -724 962 -431 -99 -117 -546 -170 686 759 328 801 610 -283 -65 -310 123 458 
-245 -313 -663 -398 346 43 480 -685 486 576 218 -967 4 -944 -241 706 -761 -266 912 -585 794 -642 -800 340 -827 643 399 -372 -166 489 428 705 731 -584 364 -179 570 -675 -17 873 -331 -1000 646 369 -76 -894 -969 -823 467 377 249 -138 -11 -893 -94 533 -423 -351 -716 182 543 464 144 747 905 32 728 -840 504 -861 -246 76 543 -443 -567 397 61 -49 403 -435 654 326 -890 -141 -715 -49 -563 311 -546 -853 -250 759 -548 -158 610 791 -340 -283 -713 -891 
-610 -157 787 -95 -91 -383 -735 -685 -205 449 218 -584 -514 434 -974 886 -553 28 422 -374 -173 668 -928 -813 717 265 61 413 866 550 269 -154 -764 -803 -343 -491 0 -225 -122 873 188 991 109 -198 283 -119 165 -619 -254 -901 -631 588 619 -182 514 -353 -17 -710 842 -608 852 -292 935 -677 -987 -760 72 -840 -266 -499 -355 -530 236 -512 -210 -631 672 24 375 -978 654 -457 -890 278 -120 249 359 280 327 -979 -276 -283 -795 889 -790 373 219 394 -586 124 
784 804 788 292 788 427 -333 -965 945 -724 -767 864 -623 861 254 189 -722 28 -841 -337 -349 451 -796 319 250 405 -829 223 -714 118 -910 -117 220 -79 -811 730 -173 -468 -997 242 -28 649 -311 -178 407 -119 -900 -789 637 -597 886 588 -487 815 -94 857 -456 950 -152 513 -584 225 620 -677 -455 -319 420 -359 309 -248 145 748 291 922 -465 -324 672 -483 -834 -438 -910 -514 235 309 102 -49 830 -469 568 102 -680 918 -291 137 -494 854 516 796 912 689 
78 942 396 -117 865 165 -735 883 150 278 -100 734 -224 -612 30 -256 265 -747 -147 -841 739 121 -944 449 129 405 25 -254 476 372 -613 -311 524 -973 -257 530 745 84 -392 667 379 -31 356 -102 -641 876 -407 -686 630 -545 587 814 -487 101 203 -333 846 886 626 946 -30 225 511 250 431 864 326 -530 264 -248 154 -80 -656 -646 -544 -349 25 -721 866 489 -613 852 -987 -603 -534 249 -985 -469 -996 301 531 -737 -282 889 980 350 -462 78 572 -442 
790 -48 -850 183 665 619 693 645 -600 106 -967 -383 359 901 -767 -493 -115 -276 950 934 -927 600 293 813 697 249 283 -310 794 -948 -421 118 -26 82 -507 530 907 -682 228 -761 639 980 -396 -884 -359 -27 31 389 529 683 -923 461 296 -38 672 -943 -170 640 965 -843 -30 171 56 -296 611 -176 -150 -530 321 -759 733 -504 -191 -168 -544 320 283 340 -714 -332 -481 852 198 950 -299 -719 620 -667 -996 843 149 -587 -562 -402 -976 -157 462 436 709 -211 
195 -744 75 -672 627 780 -468 -458 417 950 -778 -587 -930 848 -627 -256 -661 -680 -362 -626 504 61 -841 944 -661 320 73 745 938 -851 -481 919 524 415 -281 -819 221 477 -637 -882 724 -813 356 689 -741 530 781 291 -628 -85 -923 235 -849 -821 13 -363 128 -853 -458 -408 -383 139 948 584 807 -213 500 -374 901 -630 782 788 70 249 536 886 -952 839 476 550 -481 -533 -205 56 -734 -719 -189 -675 86 -282 453 -735 -452 -992 -542 -680 99 948 -968 -640 
-915 -190 313 -210 -194 46 812 442 -492 554 -415 41 -892 756 618 -20 835 -680 -27 -257 496 -976 -773 13 250 886 -592 848 -871 -521 456 -688 -26 248 548 871 634 591 640 512 642 775 -33 977 559 704 -321 209 327 160 945 61 802 -737 146 -763 115 417 542 240 41 -43 -309 584 -37 -267 -114 -841 706 -311 -556 616 794 -519 112 -349 -843 -283 -427 118 266 354 -924 -547 -299 -725 180 -225 776 -35 590 -546 -908 -306 -542 983 -170 669 -899 158 
-113 702 103 99 -380 -828 620 428 826 -14 -533 989 464 -865 -226 -459 707 -146 486 -485 -266 787 -398 -247 129 -349 -603 658 -903 784 907 -892 645 64 -6 361 -865 434 77 -528 -95 -22 273 -493 933 -362 -849 -838 921 613 -961 61 978 -888 789 891 453 402 650 -436 -70 -160 -309 -582 363 -149 -8 934 696 438 -989 -688 -353 118 -414 392 -850 927 -871 -594 266 -8 -934 465 132 -501 -17 -468 480 -760 -43 310 -956 -238 -754 559 853 951 361 -372 
-113 191 -749 318 -748 737 812 -73 577 -766 197 -728 -994 751 643 920 290 531 395 -210 321 681 913 157 697 587 195 553 -673 129 -883 -965 -619 -550 781 -201 371 861 -580 -661 837 290 -910 -412 -328 -528 882 -974 86 458 459 -455 211 -496 -59 762 -741 369 807 -426 989 359 962 548 408 -149 562 501 696 -293 347 -688 -563 527 -902 945 -850 223 -903 -948 266 -156 -492 754 -170 -762 -583 84 289 256 -311 -218 -235 -426 366 -822 -559 185 361 50 
-113 527 128 531 301 -823 -792 557 927 -955 -283 135 -994 302 336 334 -3 496 760 553 -174 681 387 880 -661 392 941 -793 -673 663 492 -959 -619 -214 -647 479 -858 13 706 707 72 233 -18 776 479 687 534 653 562 599 228 -768 -372 631 -903 -627 536 -50 387 814 -474 579 962 -800 823 -149 632 -485 706 -814 -470 -534 -20 -604 -902 -923 -858 223 -673 -521 456 19 826 -14 478 826 914 103 -901 -442 -311 175 213 -187 366 479 185 274 -876 871 
-96 -580 -177 -908 -307 -773 264 -977 -123 345 478 370 225 302 755 -849 844 149 987 -457 -174 -149 43 -782 -979 -923 -298 290 953 -380 795 883 -123 -879 -604 -64 -925 -672 754 844 262 818 -280 884 479 116 250 -583 507 429 669 -53 100 224 118 323 -381 -373 414 -284 -728 -542 649 -800 -257 551 -493 -843 -9 351 351 -461 -771 -836 -555 -684 -316 -254 657 100 -883 -875 826 -955 112 210 0 -107 219 188 -968 4 373 -670 -42 479 7 503 -190 -159 
204 -242 543 -466 -128 -813 676 -977 -432 -365 -208 -697 225 848 475 -414 -172 590 -466 -212 -402 686 -326 280 -386 945 -606 470 13 -226 517 81 359 407 451 -109 301 619 792 601 -377 -258 -420 -558 25 888 129 -751 764 -891 -483 -689 283 147 -909 873 774 -863 -199 238 -1 -848 -412 -716 457 -214 954 -210 276 139 191 969 498 512 -281 -961 195 327 -345 784 492 -189 33 -365 112 -31 -505 -25 -140 -442 473 253 891 454 943 929 -291 -564 684 -186 
-364 -336 -177 -613 281 335 -449 -433 -231 306 248 -219 -917 525 -35 388 678 -101 -351 797 901 -651 132 683 -666 -961 -477 -723 -246 -19 -223 442 328 -732 330 -41 92 843 114 -261 262 132 -420 941 -871 638 697 383 -902 -402 498 -544 283 -51 -572 652 -698 -899 378 928 -919 279 783 -739 773 -38 -841 553 -658 266 -823 872 -313 784 2 500 941 -310 -246 -127 -275 938 -334 -81 235 175 -505 432 -598 79 371 77 -693 -304 -853 228 576 756 589 -326 
643 923 -427 681 -983 -599 -464 -799 -221 -41 766 567 -698 570 -474 580 -261 980 -771 584 696 -180 623 288 -900 51 438 470 -856 -886 -54 934 -923 483 62 -41 -164 814 -256 850 784 -258 -803 242 119 572 -661 -80 95 124 426 -544 -364 -51 -783 -668 267 -198 -334 573 370 -790 -51 -382 743 782 55 -45 -602 835 452 -545 -38 -132 813 -483 -606 848 -856 -127 517 -130 -123 -41 398 -879 745 -331 874 -462 -25 221 -809 -304 -929 431 896 45 467 -918 
-185 -815 -688 259 -987 -774 -178 -433 -725 352 764 642 112 -892 276 156 598 980 -741 925 706 772 -10 -721 -407 890 613 -606 -449 692 451 983 -478 692 -884 132 -664 199 -459 -4 741 -444 333 -312 -751 340 594 101 -399 -442 437 -174 765 -45 -988 609 101 834 -717 -579 160 776 -122 95 -822 883 -465 -457 -977 -519 -403 -545 545 -64 193 65 -477 460 281 129 208 118 -432 649 -992 -179 423 13 -122 -213 467 -165 31 391 909 -981 734 -868 995 144 
265 553 -427 -197 -636 673 434 -463 -764 -119 -920 515 139 -147 33 -90 -516 -968 440 259 875 87 -174 996 31 498 613 -122 780 -413 297 -463 -813 -755 174 -863 -726 642 920 -516 799 36 175 -277 119 -606 -979 -13 336 -369 462 229 461 -835 130 -139 412 663 -138 292 642 -315 -877 -517 -439 -350 794 797 386 266 -157 -228 464 -219 -70 582 989 -912 682 311 -223 -935 -400 142 254 -69 907 618 -114 -462 -610 -605 -59 -788 578 1000 216 528 -254 68 
-664 -466 484 878 993 -128 -136 -945 972 352 637 892 -160 164 33 -90 -924 473 -26 152 -22 321 -685 714 -314 426 -351 1 -259 860 -556 -945 -56 -707 -833 507 -208 398 334 -387 51 661 -618 -802 -106 319 745 950 336 -712 -598 -603 207 -780 -107 922 -61 -48 212 292 270 821 -22 455 572 316 950 797 801 552 -680 -701 -384 482 -70 426 989 -723 -288 -170 937 -935 -400 -877 -217 671 -372 619 -58 -213 441 -432 -786 -788 -169 296 -742 983 327 56 
405 525 870 597 658 -45 -113 -834 -288 461 -809 91 567 -386 -951 425 -588 -756 -26 -190 97 -629 -770 -542 781 437 761 -314 24 -967 -311 -834 -797 -413 174 -194 641 671 -131 568 51 -631 -471 964 645 449 594 825 -199 -834 -936 -850 24 -604 -236 -630 47 273 611 -100 576 18 -522 455 262 381 -627 259 231 -519 4 -787 985 -218 328 462 613 -606 -649 -19 796 106 146 700 -349 530 -865 -288 -392 873 169 228 578 473 205 -651 -492 983 529 993 
397 118 49 -487 -563 -165 211 298 519 -871 646 -802 128 907 206 -223 -111 -25 413 275 -734 -666 -154 896 -321 27 98 -314 283 -456 452 -716 648 -867 680 724 -237 -700 -849 -286 55 -390 -471 450 435 813 -969 370 66 893 -936 -858 24 -122 844 -115 824 -560 -822 962 515 -349 563 550 -602 -829 965 925 -158 -178 -763 274 444 312 260 27 441 -475 283 -413 451 106 -231 700 364 806 -858 -213 -331 873 -356 228 114 -842 -309 715 697 -452 -628 278 
-631 470 155 213 898 204 265 -716 -26 911 -715 -973 135 402 206 740 288 467 759 -190 -656 -71 175 640 840 -598 657 687 774 783 -650 131 -788 -306 856 -416 202 362 388 667 -445 477 801 547 -391 944 -969 266 -118 441 761 195 -49 -181 -263 -999 -903 -248 -580 646 892 -492 871 243 -602 -904 486 259 889 805 983 835 -806 -667 241 -598 -351 1 283 860 297 -965 -725 965 -257 361 -858 199 228 -636 678 501 796 -401 -849 715 771 -52 327 363 
