-742 399 -300 -82 145 462 -809 -856 545 -491 601 -358 -173 -952 846 582 -676 929 408 300 181 236 -423 234 71 -78 -113 -118 788 975 -906 391 -333 137 506 899 -92 419 165 -72 278 514 899 -472 296 144 -153 -607 -800 521 -476 -392 487 -60 880 217 625 595 593 313 -912 945 -716 -78 -909 712 -506 825 93 155 -887 19 519 -546 -376 522 435 -586 -464 847 -34 234 221 229 797 -299 -723 -195 765 145 -384 -853 -524 -601 -837 -79 -608 -110 -311 -383 
-915 -743 709 709 124 -913 -211 -505 -177 -29 -419 -624 830 57 425 210 -237 964 648 378 -221 186 -718 -873 192 -693 885 -441 -86 952 -906 391 695 -986 -765 899 -694 654 882 -606 100 853 899 537 829 671 -847 170 -999 635 706 449 -706 -388 -548 -626 561 595 482 -368 -315 945 -315 206 173 740 -215 -281 -423 -262 -896 754 -510 -192 -578 -476 925 807 -454 -194 -171 823 -237 -269 694 210 -723 -884 243 -820 499 603 -199 -588 -491 966 -800 -735 -707 -172 
-168 762 205 -824 -56 -234 -3 -568 -101 608 -129 -698 -792 435 -207 -229 -27 115 589 -639 -273 982 -970 -201 -298 -634 469 -819 242 117 -779 -748 -413 -97 -60 950 403 -941 -652 -431 -65 -824 -107 950 481 -933 609 408 -901 189 -283 -586 13 -162 -858 -413 11 696 -847 -302 -216 7 -833 759 -909 561 450 -228 -718 668 -371 -912 -147 -470 -153 227 71 807 -454 -170 -729 823 977 -383 94 507 -883 -434 907 -300 561 210 -71 -505 -29 -25 -200 579 -663 65 
206 -410 -147 526 -123 -562 -469 196 363 -239 992 918 193 321 -384 11 685 223 503 787 403 114 -293 422 -581 775 -817 -100 785 117 887 663 -413 -166 -600 783 320 -941 -257 -367 -210 -430 -779 121 296 -287 -922 803 34 -88 710 807 431 332 575 -413 89 658 -684 730 -188 -916 129 -411 -187 -396 -925 337 -970 204 -616 401 977 -366 485 706 45 -722 381 726 635 -1 -284 29 -60 -421 443 251 -292 -277 513 665 -388 -314 -239 -254 368 -125 450 132 
-342 -410 693 526 409 15 728 -710 363 628 609 9 96 -77 499 -300 685 572 44 250 320 74 -708 -820 682 313 -398 453 -988 -407 197 -734 178 -420 -152 783 53 -771 990 -363 672 510 -734 795 22 -995 -905 -493 -740 -427 -545 -708 -529 998 -761 -463 -862 255 589 -57 68 15 79 54 -529 142 -148 337 -900 299 982 -469 127 949 489 -308 -910 -708 -898 487 635 158 685 397 570 -769 387 895 17 -519 513 -267 612 -410 -140 -987 -287 -678 -427 -747 
-732 -839 -27 514 737 944 728 812 961 764 867 -976 39 -436 561 327 645 -369 -97 -433 -922 -370 912 366 -900 614 -398 -246 599 -753 886 -385 -414 820 783 -133 -971 -939 226 -793 860 803 735 -235 22 66 687 -605 -290 503 709 -760 93 823 369 -567 -749 129 525 397 -986 524 559 -807 -737 -121 535 -327 -293 -811 -378 -324 -673 494 -249 669 -436 -329 406 13 -781 -972 -284 -127 570 435 -126 604 -448 -147 -542 -348 661 -21 764 -428 110 -446 407 -947 
-506 223 244 739 103 -973 -71 812 961 -578 121 438 -442 -320 -863 714 -33 872 -166 737 53 -776 -396 -11 -460 -299 -648 152 847 5 -27 263 573 -433 908 -126 -310 100 -263 -350 -715 803 321 -667 -170 231 -753 653 781 828 767 686 -661 -1 118 -419 -848 -785 -727 617 -191 381 -101 352 480 265 -542 -930 -708 990 -874 -989 148 -112 -673 710 -320 -129 -688 88 -82 323 685 698 -138 303 900 300 680 693 640 -497 998 -635 -578 -520 -260 -661 977 47 
-724 -370 -27 663 -995 -864 -60 420 -757 -209 241 194 157 692 640 -939 265 -455 -420 -262 -27 -750 586 -720 -790 229 -817 -568 329 46 819 -941 -129 -62 -862 -785 -946 625 -84 -926 413 -10 -300 367 -8 766 642 -755 517 -206 -400 584 252 158 762 -129 901 -466 -186 672 419 37 -560 546 -465 -685 -820 230 -260 177 -534 289 105 748 -445 742 998 -902 -75 431 188 198 156 -127 -762 658 47 -500 -603 109 -424 -483 234 -528 -22 -520 -541 -972 -35 781 
-314 -911 244 206 -997 -616 -388 -237 -493 616 -937 -483 933 -113 -156 -429 891 628 -463 -978 -946 -562 -675 633 548 -568 1 -23 726 -524 705 -941 335 162 152 -686 -119 930 731 -129 337 323 -300 397 452 -125 -915 765 569 -673 -212 468 -499 -972 307 546 -542 -502 32 166 531 644 949 831 17 -250 952 313 -260 -771 977 543 555 855 89 -408 692 -271 1000 -529 168 -324 -33 883 -701 303 -213 -818 -12 -27 484 -373 823 -713 76 805 530 -744 276 856 
229 -96 -720 843 220 -616 -162 556 -493 76 -2 -483 591 -809 484 -231 797 566 -995 -502 880 -835 -925 -818 -283 -910 680 -404 487 789 -591 214 335 -203 -16 -654 -119 930 -251 865 613 -510 664 802 -908 740 516 559 -916 -902 -304 136 -499 -972 949 311 -130 106 882 -947 -228 953 -404 -955 -520 -250 -179 -368 912 575 -453 543 -400 -209 744 -408 -91 -760 999 329 -844 -758 520 67 604 109 47 593 -12 921 -194 797 968 241 94 -122 -362 -559 -397 316 
103 -392 32 878 -902 -729 -996 -508 -909 -263 -509 -405 134 469 587 379 -144 28 694 -891 364 152 980 501 872 -159 879 -969 687 813 -960 752 311 73 -4 -502 778 -389 -251 234 -599 413 594 -552 309 426 -908 648 313 -931 -102 95 744 323 515 121 -252 -172 7 -48 -675 375 -41 -955 21 166 419 -535 -349 5 -781 89 213 15 -638 811 -113 573 739 329 582 -758 751 698 -481 255 349 -419 166 983 587 31 158 327 90 505 253 -216 98 522 
79 -267 -720 568 -86 469 332 676 -953 683 954 10 -498 -752 587 17 -723 -119 420 798 256 259 -64 -273 784 -934 -149 -988 -706 390 318 954 241 -12 502 449 256 -383 -535 293 -901 -173 -740 -724 -980 -18 347 987 734 765 503 -761 -123 709 -757 -937 649 -989 -113 -744 -689 146 4 -94 815 201 683 992 -396 -826 -386 -982 -497 473 -553 767 731 50 846 93 -603 892 1 160 217 129 -102 843 -137 449 -994 -338 -972 -306 823 -962 565 -628 536 522 
-295 -20 -392 343 -988 -110 998 676 -780 -208 954 804 28 -648 -358 76 -655 89 -12 950 585 -906 702 -217 359 -293 168 -333 13 968 294 -137 -937 -467 162 106 778 -362 -92 -949 109 47 -873 -1 -21 -502 929 -182 576 613 776 -5 427 -893 -909 950 -862 802 -786 169 -279 339 -889 -94 438 842 -941 -39 -675 -772 -69 -101 -466 -291 714 -229 245 261 995 730 -769 -538 -98 180 -164 -133 306 545 726 79 12 -338 -750 217 309 770 -117 589 39 -168 
-917 -745 -392 606 -357 475 -890 806 40 90 577 -127 -720 680 861 500 719 966 192 -315 -565 679 219 -896 297 348 458 720 631 -636 -61 108 213 192 623 -383 -793 -845 -302 651 -741 -733 148 662 294 51 425 439 34 -792 514 381 -639 -758 -953 -509 -184 -747 203 971 -407 622 -415 143 -851 698 -310 179 -925 963 295 -200 594 769 887 -70 -416 -883 -688 -711 -335 365 63 180 -413 -687 -446 -417 -510 -586 -811 -799 -893 -841 146 580 -781 -982 243 563 
-699 -952 688 606 -758 2 -593 -828 398 972 960 -198 605 -149 -811 434 372 526 653 923 342 752 -734 982 -115 -629 -15 167 -529 -148 -98 258 213 134 825 852 32 -259 884 595 -245 945 703 662 -85 -486 340 -292 -792 -934 623 87 375 497 -780 577 -694 935 -263 -424 986 588 870 -440 19 972 -292 -302 578 505 -995 906 -332 -734 -895 213 -398 261 -88 -661 -229 431 -540 687 -413 292 -446 482 621 -722 0 -475 -758 417 759 978 881 -509 431 424 
-323 -581 688 -379 -164 376 -593 709 259 80 327 -459 519 -523 896 952 -551 -459 262 920 -742 -502 -104 -378 -647 -585 954 740 93 -148 891 -89 577 739 605 852 -565 -624 396 -52 -107 -8 -614 59 -395 -137 218 438 341 454 473 263 936 892 367 -304 556 551 -751 -665 742 -43 870 -64 204 -341 301 730 -319 505 -655 38 141 760 -198 -945 -648 584 1000 -854 767 -397 367 975 -65 -686 278 -240 -325 -708 896 -475 -181 -365 415 540 -831 224 437 -993 
623 -41 672 -379 417 -781 -593 709 -362 309 -230 -197 -972 219 -620 931 995 414 -403 -658 348 -72 -85 926 643 669 280 -286 93 -581 -35 -401 713 831 213 802 234 -141 439 -52 851 -683 -201 -862 917 813 179 -319 -607 -157 -880 922 699 -538 825 -479 695 47 -535 -48 664 846 -240 -122 -157 -449 986 564 -931 -483 -794 -170 -904 -230 740 162 483 452 999 156 11 -466 367 246 -65 964 -30 -684 -672 -329 -4 -185 245 880 604 -506 293 -792 171 -597 
-307 57 -586 381 555 780 -1 109 -978 -798 -567 -713 -540 -15 -753 679 -192 -288 -608 610 403 -431 151 -781 -602 -545 280 -760 -661 -916 -540 518 -304 647 815 -747 -796 468 -483 861 989 -495 -248 563 844 862 -154 597 844 -877 -309 -637 -952 -466 336 210 -748 856 48 318 48 299 489 761 -458 620 625 564 61 547 730 -304 -111 406 480 -212 -752 735 739 252 -929 -586 -1000 918 350 -466 225 589 331 -129 896 -448 424 880 154 979 -345 -336 251 -595 
88 -92 807 811 -834 -82 158 593 -536 721 -854 131 607 -203 -419 -67 -819 -537 -181 843 -239 -793 -963 -69 991 321 999 470 827 -605 328 232 -230 647 -765 935 -120 -981 677 861 -242 -495 -786 -465 -676 422 -142 42 -231 -109 567 518 -821 -417 -383 -904 -792 -384 357 669 973 -665 -191 -272 136 197 -948 -395 979 -684 819 309 -379 -344 199 -550 -648 784 739 -499 202 980 349 -971 -414 -805 -795 589 396 -564 -108 408 -538 774 -845 171 11 -959 -867 -978 
808 321 -722 995 -706 168 -972 -676 277 -921 -479 608 -428 -913 527 5 551 45 -200 582 -250 -459 176 495 -963 709 578 334 -382 -621 -723 655 -854 -608 -700 551 -742 -799 472 -370 -456 454 -820 -465 484 -880 -282 916 165 -283 -204 -719 426 980 29 -57 565 -378 396 682 966 990 -842 -664 -106 -268 -25 630 -227 -292 -735 -572 529 -545 -192 -655 -936 991 846 -844 -560 -897 -723 -597 390 890 -795 525 -762 149 -620 27 365 880 -728 -654 5 -458 637 -6 
-585 925 -708 -898 487 -935 323 887 -663 -357 756 197 -461 999 -710 -505 -782 -933 368 100 201 -129 107 473 481 602 -275 274 60 440 349 734 756 -547 -110 -819 740 -668 -987 709 -527 15 532 343 -415 653 217 -509 737 -358 809 -794 -207 613 397 -79 157 -394 -483 -5 472 177 795 -370 998 874 658 397 219 -333 256 856 -202 944 600 -457 -817 911 -30 433 -831 27 703 -597 295 -369 276 -690 -642 50 -753 -723 365 -548 -351 79 -9 730 466 -566 
804 71 484 811 -195 -84 -50 -568 -383 604 210 964 875 734 -739 -295 -183 266 110 393 -449 865 -151 819 197 469 734 579 -484 374 -70 -725 756 -181 579 781 -50 -465 479 214 -201 524 20 256 57 971 390 -736 221 -474 243 -338 -323 -897 620 75 933 913 601 279 -92 -106 -235 347 174 874 -890 617 -11 839 -146 276 -149 178 682 -457 -149 817 -388 744 -122 266 -320 280 -488 323 538 943 -83 627 -833 -268 -466 -282 11 358 -9 -604 -70 -126 
-235 998 -42 995 505 -769 -758 -237 941 879 230 -550 898 -801 -435 -214 -254 856 -260 986 620 293 893 256 22 957 -525 -483 744 -658 -212 758 210 -200 -125 856 348 475 70 776 980 381 -191 -232 55 917 557 274 -975 747 -469 453 16 860 311 -25 666 365 479 -760 397 -826 282 138 -485 138 -312 54 -734 103 -395 -42 458 -16 418 -457 168 95 -649 -123 -681 -507 -313 310 295 -172 -428 767 -209 217 -419 -61 -897 573 -712 -201 -862 558 -419 -904 
669 351 -490 -721 -409 -603 972 455 941 555 178 408 -554 -499 4 943 -874 694 530 292 -754 -949 -633 26 56 213 505 -597 433 -658 372 -479 -167 368 -125 316 -121 391 976 -870 -260 37 232 286 -861 -14 1 -967 -811 735 330 766 -531 -507 206 -813 47 -6 70 975 450 -514 802 396 -434 133 -632 672 -314 -434 -244 927 496 61 -362 -861 -693 -152 -207 12 -939 -892 597 565 -419 852 980 767 -476 584 824 15 -900 564 236 540 -848 966 -385 -419 
-898 -495 -760 406 431 826 497 -27 397 860 178 669 206 538 913 968 739 368 253 -956 -126 498 -114 151 406 -945 790 -605 578 -170 -746 53 494 -287 598 522 -685 -370 809 -478 -108 644 -911 -44 -899 180 692 -350 821 -438 680 -246 -203 -274 256 -428 28 -126 719 -728 -229 963 -552 -973 155 -601 -259 -732 -605 -664 26 -427 -911 -720 487 -596 -334 -859 675 -180 -429 712 372 -818 -104 315 980 -186 -71 302 151 -179 -535 575 -189 917 -631 -732 300 329 
710 825 655 -75 329 826 974 -284 311 266 380 648 -310 -911 272 757 -314 -60 -117 993 133 -436 189 -116 -609 -550 -499 316 -560 -991 19 -793 -765 110 -753 -384 166 -294 -811 -478 -708 953 -720 -424 -389 -53 -898 872 -396 -874 956 -170 210 -892 918 419 519 -582 -660 336 -650 505 1000 -199 498 -520 -942 166 -605 -932 -743 -734 699 -412 749 -493 -15 -673 -384 -320 -231 413 708 848 -111 826 299 165 986 735 -710 -326 -94 -761 -192 -686 -631 148 -639 908 
742 -730 975 -88 730 -569 -549 819 160 -351 695 -390 335 -699 161 -581 278 570 809 -222 317 861 -306 616 452 969 538 -824 375 511 876 -820 42 -748 -661 563 166 -591 -660 549 501 726 486 -49 -726 550 -578 637 -706 977 -12 152 -494 -398 -971 311 -540 -582 -934 440 -388 -483 -129 -435 522 -113 -624 -947 -412 -624 -131 461 -264 228 -127 -802 -15 -673 598 578 16 782 43 -16 609 284 -963 447 -180 784 378 -616 -397 -761 115 -599 -631 -681 787 -535 
321 -453 50 345 93 123 -538 705 67 508 -738 589 737 -162 -381 -605 531 -138 625 702 -888 709 -50 -460 309 -212 -699 514 0 907 -6 -820 -57 -541 -487 -378 201 -259 -919 389 -907 -774 525 958 703 441 -355 71 959 518 726 266 -267 413 280 -122 -910 908 658 -699 148 353 -793 797 957 524 -141 -48 -412 -875 151 286 587 788 -427 -493 -745 -673 18 -639 668 -310 431 -590 311 -747 504 7 850 911 393 469 -339 369 223 313 668 -557 -313 -235 
-408 -113 -883 905 93 -929 -397 645 160 -601 -40 -79 74 832 -597 -713 771 -30 720 159 -946 -481 637 -235 -980 -655 -699 514 960 -566 -990 879 -79 530 -972 -595 -268 -224 529 -973 -248 -468 633 800 290 767 -855 -69 -428 625 382 852 422 782 -793 -321 607 152 648 230 489 694 59 718 950 909 -416 -744 -985 -475 -831 419 -772 -385 -108 683 -745 529 831 -560 -760 -760 332 771 311 85 343 7 -589 817 157 -110 -946 -33 535 399 -130 871 889 289 
709 -809 709 739 -711 -962 -397 520 698 358 -931 863 876 354 995 -558 -246 -413 293 759 -398 549 996 -685 294 678 -19 663 936 -566 197 -245 966 59 -71 913 -997 -470 423 652 884 -873 306 -973 -811 -157 -921 -229 -68 -716 -299 -969 -373 -760 -16 -44 226 -235 -538 -145 -268 -292 563 -500 -1000 585 -981 169 -985 563 286 -668 -248 -342 472 625 -645 441 -312 375 569 -61 -192 981 48 626 943 -831 137 -152 157 475 820 118 917 287 -252 -714 596 260 
602 -752 584 -30 -424 891 980 294 -563 236 -40 503 776 -351 269 -637 -528 178 293 -411 -884 389 219 -985 735 -431 -201 263 699 -32 -773 -986 -25 253 -705 -595 -268 -353 -723 315 -866 120 -809 16 437 -162 886 727 -132 791 -325 -988 797 95 -590 580 -428 260 914 118 -292 149 962 -500 -723 -152 -668 -323 151 -689 -147 87 800 -698 339 514 -203 544 -506 0 -704 95 -805 -991 88 -819 181 80 -753 -445 -435 17 -682 118 872 -14 649 45 932 -404 
767 -398 612 381 827 350 980 318 206 -366 -57 -986 389 -955 935 907 725 44 -92 -807 555 -973 -415 454 -85 -92 354 843 740 -530 -21 -731 -813 162 -628 -978 138 -47 -538 -966 -216 -273 52 754 225 -366 -669 -980 644 -620 396 116 -90 876 74 978 875 -688 126 -489 -986 -932 -465 -500 -883 439 -465 971 382 727 -601 463 -754 464 584 623 280 533 -842 394 17 312 -192 521 -937 626 -913 280 -646 -571 486 -577 -438 -823 872 -842 205 645 -502 -155 
-70 245 468 -898 -919 327 -897 617 246 975 -79 44 -361 -717 -873 653 -365 -414 11 546 80 315 -44 -334 -395 490 -691 723 476 -405 -348 417 -523 -117 589 -6 -341 -930 914 -69 744 146 -273 697 847 -525 89 -109 336 609 933 -928 31 606 981 -178 -371 -914 443 402 -879 -585 -167 213 634 -888 921 -424 382 126 -8 192 -340 -120 -496 466 578 -990 -143 -900 17 -800 -819 -859 950 626 181 280 -743 442 -498 188 -168 762 -455 -464 432 -301 -891 -155 
-522 -416 735 406 156 437 613 265 246 964 75 -166 58 -630 146 -405 880 390 303 718 515 -681 109 -315 -356 -493 -818 -454 -732 -656 500 -837 419 -781 45 -6 -754 -947 126 -69 282 984 -280 -581 -374 -384 141 669 583 -226 235 -384 800 -391 -991 171 -156 33 504 278 208 -689 256 435 618 -398 583 -263 -963 417 -274 -158 224 -81 624 669 -704 263 -135 -480 -973 -54 995 -734 -696 781 -913 -513 837 -25 4 241 -649 307 167 295 -274 620 798 33 
-400 -398 784 -88 706 714 27 267 256 14 966 -92 244 833 409 -493 -858 -419 -862 -538 604 -281 -909 129 917 683 -717 -454 352 -493 171 -560 -520 625 864 -566 133 -256 443 665 -174 622 -280 451 519 339 -43 630 -98 -504 550 470 -994 -417 -734 923 -497 712 -805 653 321 619 909 213 900 901 575 917 107 -43 -88 -158 -398 535 980 810 -476 922 -863 -643 76 56 197 -385 -509 47 -221 -666 837 533 739 582 -933 -101 -598 1000 -184 131 154 -438 
-917 -936 817 1000 -499 167 266 267 918 -875 -735 820 244 -969 103 -870 575 546 447 143 -500 -228 -633 -846 844 503 -45 381 140 -971 29 608 805 881 846 281 585 236 504 91 -116 -924 -896 -721 519 25 218 939 -480 -657 -476 579 -687 -804 -385 -201 74 -292 535 132 -709 126 -49 524 900 -434 -220 -48 107 741 26 185 -39 -816 -636 473 825 -925 640 476 -924 606 -205 850 577 918 -427 -127 762 -31 222 -769 -814 -636 108 696 -221 -830 -315 712 
-550 676 95 779 -499 -939 -507 328 918 965 -987 -785 793 98 -997 -27 -761 609 -848 661 593 981 514 -101 -676 514 -630 -721 -818 -809 29 -29 -618 720 466 -904 -364 982 -245 91 569 973 -616 396 -510 738 449 970 -212 -113 287 109 -185 338 263 -677 613 311 952 672 -178 417 431 524 -213 -273 -207 318 -151 990 -985 696 -89 -340 -775 -309 -275 922 -86 298 -253 -391 -348 543 109 -173 289 226 -410 619 14 -916 -814 -930 566 -919 744 851 304 286 
969 1 -152 9 -844 -412 -274 328 747 917 777 -413 -443 -494 220 -3 581 121 901 -881 -417 -31 803 949 -415 412 -306 -75 479 -870 -997 628 537 561 358 329 -763 675 -148 337 -507 476 982 633 822 454 15 -498 373 -25 -406 422 -720 884 73 -686 776 480 654 860 -379 990 661 282 332 515 328 682 887 621 -270 -202 -89 678 555 -505 734 277 590 352 38 -24 -782 -599 960 213 -791 -251 -197 263 -641 -229 -509 -308 -73 -836 -121 55 920 541 
-511 594 -445 -319 744 -429 -892 -592 747 -369 -428 -62 82 5 81 247 762 950 68 273 -847 753 -10 851 65 764 831 1000 -973 -211 -588 764 -962 -92 -160 -535 -888 74 297 -31 -729 383 -378 -254 452 417 -771 130 -982 267 -326 709 -913 0 -599 -599 -361 -100 391 413 336 621 754 -421 745 -120 -224 -5 219 -109 -270 53 -836 -793 -248 -270 -525 541 -194 -575 1000 -417 321 352 820 -384 703 -751 -911 -507 -381 -780 -122 -953 924 966 426 -234 913 311 
-304 -244 767 -207 -18 668 -398 -144 747 872 3 -453 181 751 788 -469 949 -509 668 -664 -684 525 -510 -41 57 473 833 564 379 -27 739 -578 -608 -322 926 -235 -946 -370 952 753 -366 -54 507 -598 -234 473 821 -471 80 -438 -589 -824 -913 63 -128 399 58 815 301 337 -914 -109 -469 435 306 -976 186 -5 893 527 128 -1000 -836 -669 246 567 -671 -637 587 140 434 678 500 -128 -304 -10 -273 -251 -328 541 92 -962 667 881 867 359 113 -170 927 -543 
-457 -149 -5 18 198 -760 -915 -723 280 167 311 -424 -851 -238 -86 30 515 213 -252 459 589 -368 -173 -820 -580 -505 -969 905 844 -897 -314 616 580 89 300 289 -195 -812 -820 230 285 155 -839 -598 904 -128 -198 -302 -702 878 137 514 -562 708 550 672 392 828 986 -440 370 -796 396 696 804 604 987 279 -50 912 -334 491 -452 438 388 -290 -112 -857 713 -818 -205 338 276 752 -230 -10 -617 -535 988 541 -597 734 727 -780 -119 537 390 616 582 -543 
869 -985 -5 675 427 595 -49 -655 565 -801 -321 694 -746 556 -988 728 -757 960 432 797 449 -39 -733 -439 55 59 -969 739 -252 414 531 -263 978 -9 -927 260 -884 -562 268 -535 -182 -43 -556 -101 770 115 740 -764 53 -799 831 663 15 115 158 -842 793 136 625 -108 229 917 -254 702 -147 300 361 826 542 49 -504 368 289 108 -615 -784 762 518 -358 -207 -582 -822 171 216 -479 -978 -553 458 349 -637 -614 -831 361 -362 911 -836 -542 -254 100 173 
-102 -523 -783 748 -180 595 -381 -313 -877 28 -242 -811 -442 556 599 -60 -493 713 -184 265 786 -302 945 -266 -861 567 98 54 -531 247 520 -259 540 -862 -185 -404 515 645 654 992 -250 -723 977 -200 471 -799 480 -917 -622 -509 45 263 -973 -867 57 -179 181 -106 -369 -245 203 220 835 899 804 -818 430 -760 879 917 -716 -370 289 -263 352 759 698 838 531 578 931 884 171 -43 331 -394 -553 458 -952 518 995 714 -899 259 412 -945 -792 -161 -943 -923 
490 219 87 499 150 841 -760 597 514 566 -44 420 -362 730 847 705 -953 99 446 -299 -727 517 -495 635 -899 -204 31 -207 -203 993 -21 972 -506 380 787 -914 845 -997 654 -368 -250 299 578 711 105 973 199 -364 -410 485 837 843 -171 217 518 295 -851 -434 -25 988 -785 -989 -598 -428 -30 593 -947 986 -222 297 -315 907 229 -427 -897 12 218 87 -811 379 931 -798 -874 -43 210 913 -365 357 788 -857 995 -939 -713 -696 966 568 724 544 -614 811 
-596 954 533 864 -639 -704 627 719 -385 -582 -608 73 -309 -277 687 998 -780 -479 -748 -421 407 730 454 -240 -389 809 -268 675 578 -199 -713 146 171 -848 250 -438 300 152 -941 179 -325 -665 -781 38 859 -938 689 117 374 -483 762 -464 -729 -143 263 -847 -362 522 -890 -965 -117 -374 -101 109 -536 843 -409 628 -306 220 -705 874 -373 149 -323 318 538 838 -253 548 -783 383 29 79 605 339 -922 -544 -92 -74 55 979 975 -536 966 -2 96 259 292 493 
-802 -745 -171 -384 45 234 95 889 -385 924 580 73 196 -462 -706 158 259 331 390 435 -186 -243 15 537 -726 837 -994 18 -674 -956 725 -699 -654 -631 -998 -438 -113 -414 -771 -437 301 -806 -545 38 -410 -486 600 472 -457 -230 -527 606 475 -801 655 1000 196 -723 -342 989 488 934 -499 950 692 -417 -256 975 -50 -897 865 -438 -373 938 743 -500 -847 -648 -253 379 117 812 -878 158 494 -6 53 884 321 518 935 721 -505 761 -459 575 -950 -117 -26 -737 
776 -203 619 831 -905 -973 -439 -746 848 867 934 -6 -932 437 431 323 -536 210 -792 435 32 617 524 795 290 -500 751 831 -121 -162 725 415 79 -631 737 286 593 545 986 -302 -718 -771 -545 -499 -24 386 667 56 875 -332 -911 381 17 -562 -681 -331 -932 443 -624 753 -473 -261 -170 255 -536 -847 -909 -471 -550 48 818 389 190 470 313 42 426 702 59 437 -671 708 -601 57 -904 -908 -27 -783 71 838 223 721 -505 522 244 512 90 -292 209 480 
625 280 263 864 936 -140 -800 -218 -818 156 978 325 397 109 631 -324 336 -904 -173 696 7 54 37 282 -811 -459 145 748 -494 661 -252 -845 716 668 -516 980 -419 -747 391 384 -970 305 -700 -511 142 944 682 -58 -769 798 988 381 780 634 -512 -469 615 -126 468 -201 94 -381 -861 58 225 -772 236 -728 367 -337 -846 793 -69 -880 883 873 -19 -794 690 -323 -67 -864 739 125 -765 257 107 396 -500 -833 124 -781 -292 277 526 -713 137 -429 -42 -120 
625 772 -925 -513 699 662 876 -950 -818 -119 540 612 -788 -720 329 497 397 -88 39 121 -786 672 644 397 -863 765 -820 499 -751 998 551 -460 -201 -130 932 311 843 17 930 -708 300 -258 295 -304 -90 222 418 892 521 173 -745 -88 188 -94 -613 -836 594 47 -416 980 158 -267 276 -339 209 -684 -442 440 996 -261 -846 71 555 -727 -450 873 460 -378 -233 844 5 -864 -505 406 640 281 -728 -483 998 -918 146 668 -710 -663 -274 445 -386 -886 -222 -277 
623 -913 922 355 -900 -821 650 650 476 -253 -178 -39 -60 449 730 -538 620 -57 90 658 203 -947 726 802 225 243 730 803 -166 234 -843 -728 -677 668 -891 173 -417 584 -585 730 -293 -826 495 -861 141 -16 -362 -57 905 -77 -41 345 -248 -339 53 359 110 827 -668 -108 98 -999 927 -785 -707 -195 -599 -699 785 0 -40 192 -580 -598 -939 243 832 -441 -620 -769 46 115 -314 247 -57 -582 598 -570 583 -378 880 379 -95 -383 515 -596 28 -487 -222 21 
-91 578 541 -686 699 1000 -998 -551 -590 -791 979 653 -476 -543 -661 -397 -127 -79 -386 255 226 -48 -774 1000 847 17 -416 -686 422 -593 -841 358 917 987 -996 -543 -240 585 -762 -522 -708 -772 495 -572 223 -10 961 652 934 -31 321 905 210 -946 -612 537 -60 804 -465 -708 134 189 553 311 209 -195 791 -325 219 308 -995 -298 -933 585 -695 17 832 -95 92 16 -295 -867 -410 263 304 -582 880 -78 -839 -118 409 379 812 -127 -640 -302 -542 -878 -597 828 
-880 566 541 -686 -643 434 632 -192 648 412 979 831 -283 -586 156 980 67 75 28 575 -263 169 375 -793 -102 680 709 -863 -431 -1 -358 236 -420 205 870 -923 86 32 658 -522 -293 -514 -905 856 -111 -720 637 -89 401 601 -77 779 -569 42 879 -836 359 -30 921 -907 -412 -231 740 -805 930 525 -443 230 -550 -318 -101 -581 -933 -14 -638 168 -743 -819 237 -203 -214 -867 -777 655 -658 -904 -233 -693 -599 -95 -377 841 812 620 -288 -521 -490 -602 -31 828 
621 -530 278 -143 476 -205 -391 995 648 966 -840 -904 669 807 60 -897 206 -735 -490 -785 -84 -323 984 662 -248 680 -147 -901 -780 158 774 -189 -599 205 -826 -853 943 -565 -890 -785 -293 963 357 276 259 403 -127 311 456 -35 -910 81 11 -577 929 605 611 -536 566 -866 -764 -231 634 -502 291 205 114 -139 -44 -267 -560 -758 -63 221 745 -448 354 -338 -753 -853 789 -847 204 587 -875 -582 -22 946 825 -999 103 17 420 67 -930 -353 519 -724 27 -851 
-270 -218 -857 820 740 952 -363 -819 88 176 171 -403 710 -722 -734 -279 975 -813 -972 -466 -751 -424 606 59 -510 -603 437 -911 797 -972 774 -192 -599 432 -755 493 -195 -561 385 973 -137 505 520 763 529 728 -427 -535 496 247 -320 675 -929 -438 997 -520 -931 225 -220 863 -261 -781 -136 449 930 -727 -234 -410 682 631 -725 -900 -229 -868 -674 -448 -351 -92 129 -403 943 -143 771 -437 -253 -92 364 -164 -113 453 -997 -441 556 698 -150 457 -540 77 -924 708 
-270 -801 -857 -863 740 -783 -417 -773 981 942 -654 -313 -545 -708 -844 -507 256 777 607 418 931 -665 973 -465 -510 -137 983 -194 -10 -750 368 115 399 -862 -253 -781 449 707 -259 397 604 926 819 -555 -149 -154 -108 -753 -785 780 692 748 -300 -404 -137 -40 -638 -254 -207 744 39 659 -559 106 -994 407 -844 -139 -762 -999 -52 -460 -698 309 -383 330 -691 675 151 -203 476 -17 -635 -681 100 -165 256 60 885 766 -445 -924 676 571 -988 451 408 310 54 241 
493 -801 -74 -542 -821 -783 -804 -773 427 131 836 -998 742 -760 -18 500 747 -520 -428 -172 -92 318 588 -167 -127 -252 109 587 382 198 880 223 287 -184 920 101 786 -796 -342 617 -396 694 -532 -837 496 619 472 -572 -492 591 885 598 -831 -649 -491 575 -650 -421 -259 282 887 -714 -216 -172 -421 -439 -370 -145 -358 189 949 -57 -813 627 -991 -603 -955 -246 527 -171 968 -801 -12 722 393 702 -793 614 469 -500 -445 500 -10 -548 -968 164 769 194 -814 -129 
-204 234 838 640 298 117 -873 -782 -991 942 358 -181 -408 686 -180 -274 280 -122 105 802 357 682 744 256 210 -137 921 -358 -338 -893 368 572 -14 -694 927 -586 878 -120 -624 -656 586 694 629 44 -362 -698 -489 -95 -88 769 483 561 -681 -509 608 -713 502 6 -224 -174 434 -985 -628 323 -206 -186 -603 391 109 922 834 548 336 641 -239 956 -691 -246 -710 -492 480 -148 -528 836 -943 152 585 827 676 -818 788 -821 -10 246 45 -773 287 -431 546 763 
759 -31 -588 -911 426 679 338 -782 26 176 -419 -167 -110 612 -891 413 -793 -321 898 85 396 44 -43 556 904 -252 983 -811 800 -758 230 -619 -842 -121 610 -520 -439 -742 468 54 -675 -292 939 461 -772 -630 63 803 -709 664 -398 -863 -939 -933 628 -939 426 980 361 373 -735 561 292 -172 -206 815 -750 836 -909 -903 -404 -295 660 -500 189 -137 -691 -246 393 -494 -636 982 241 363 555 -235 -82 -568 -752 152 -902 434 -476 256 -57 -624 287 -327 -545 155 
907 538 -794 947 -818 117 884 -183 -748 -837 454 -9 602 735 699 -49 -16 -962 -554 551 -483 826 846 286 744 166 -720 483 -994 497 35 464 599 556 -819 828 -186 -50 -481 672 94 -742 -189 -147 -264 -555 541 -644 279 351 245 -911 -429 727 764 445 -800 343 -930 -729 -464 -107 589 802 6 -873 457 118 462 -231 -404 -283 -944 -927 201 494 355 -170 -739 -267 757 634 725 -438 292 534 331 385 469 266 -86 -205 709 918 -933 -162 719 -971 95 -577 
-292 698 -378 316 -575 -67 -798 276 -911 526 -42 368 -522 136 -643 95 -590 -44 206 47 677 986 -665 -828 148 -299 79 -4 -475 424 575 603 -464 426 -932 -851 815 142 -658 227 -198 -333 -146 501 587 -238 -448 -253 -752 -968 -752 484 16 573 76 -302 878 897 -947 -366 1 321 -982 -747 980 882 645 -489 514 709 -41 872 -177 87 279 -12 62 -170 -570 -947 -148 921 -252 402 297 289 823 -283 -936 852 242 975 578 -971 -909 -698 875 -452 -955 522 
42 538 -118 -194 -818 5 989 -254 540 172 -677 110 -917 817 -821 312 771 934 -497 -173 601 879 -806 -186 555 630 -543 59 -185 -549 989 -920 93 -748 393 214 32 348 -981 -947 -277 -18 512 -328 800 -81 -325 587 -242 -534 469 -194 -760 361 -263 -69 451 181 -256 -984 348 70 52 85 -152 -113 645 824 981 659 4 -957 -839 -762 883 630 -97 243 -498 -751 -430 -166 327 -111 -308 915 342 -159 1 -474 785 931 578 -877 266 -976 898 926 -440 -299 
-459 218 -999 713 -288 564 0 171 -385 244 -686 -564 969 95 352 876 -991 -506 74 -384 623 440 -771 958 782 -325 -586 896 -620 -538 -175 -920 295 830 -565 -458 -666 -821 -799 248 -403 149 26 87 -754 -740 -636 -484 -25 -41 -936 587 569 332 972 -23 815 -913 -442 -250 -770 664 -327 -947 479 7 -972 402 -845 224 -820 784 653 595 911 -71 -999 -856 739 -751 -581 -444 -841 -557 -42 879 707 -293 1 -474 -988 679 -779 -987 958 438 -371 350 -384 -762 
243 -911 -332 -358 383 -753 63 -874 -178 526 506 -534 -304 767 426 -391 -734 -840 876 -929 70 -699 -826 800 213 205 -722 -373 -720 365 369 628 466 390 -432 136 7 166 -465 -744 61 710 -743 463 -340 -340 555 237 -32 294 -817 -358 -704 -856 309 164 939 289 791 -423 -821 -740 308 781 343 -113 152 278 510 -714 -513 336 75 -158 -81 -882 -679 -856 222 82 -957 -94 217 -619 -153 -755 -796 -674 879 -988 -357 -407 -779 -385 856 -502 -642 -878 -621 -723 
-469 -911 -338 -77 548 -505 708 29 -221 -274 399 530 -102 381 -818 -417 -221 -832 876 -378 -880 230 -514 661 -423 396 -708 -108 -723 431 369 566 696 724 292 998 -652 -250 -121 -744 458 -664 -743 575 224 -920 -587 707 548 997 -149 -811 17 238 -220 -358 -700 847 -443 -970 41 -873 -419 -947 826 280 226 653 803 931 -415 -616 -336 -520 -526 331 -541 266 624 -395 866 -828 -306 464 -153 -914 712 -983 -149 -988 -164 -407 166 -16 316 521 -156 407 761 244 
330 532 -332 841 900 -214 115 616 604 -906 -577 59 503 759 379 678 -941 665 58 -394 976 -139 505 754 -90 -17 -329 -620 638 -397 118 566 -836 -542 655 763 -513 201 391 -323 702 522 -750 631 -554 -669 599 988 -618 776 -693 896 76 -710 -357 -162 -110 -273 982 -293 994 703 -160 47 897 990 196 767 -10 561 -266 27 -753 -985 368 396 833 -568 913 -497 -605 142 217 872 -222 -914 712 227 168 908 -834 -407 886 -344 694 302 -52 -135 -160 443 
680 -699 609 -811 -605 789 578 616 604 -906 287 253 776 263 437 338 214 -419 392 365 719 -139 -483 401 -973 -762 -329 -836 -562 980 -823 -73 966 724 209 530 -257 713 -370 -74 219 -94 151 885 -398 -154 -476 -409 271 815 927 -108 -140 -237 -389 -424 579 -617 114 -419 -785 -248 -385 47 943 30 259 132 144 -597 -515 -115 685 609 -272 699 91 331 -641 422 -621 -339 -365 -920 -31 361 588 804 192 720 329 564 -233 -56 94 -127 -497 413 273 387 
-603 -968 766 59 16 813 -867 739 183 778 895 253 514 922 844 -798 550 -677 -443 -126 653 -145 547 -469 141 -83 122 -753 805 -900 -913 28 966 597 -153 -588 -127 -268 -220 72 548 -417 -650 -262 138 -981 -269 -379 133 144 -15 -620 500 -508 860 -405 706 320 -844 -708 -476 98 -668 -819 -36 771 -747 544 -886 -597 635 -112 -509 625 -498 -883 -128 852 -641 261 -891 128 -548 -997 702 712 -448 669 219 167 -834 564 -27 771 677 -198 -162 886 751 900 
956 -201 766 323 -252 -596 -367 -314 216 -288 672 -117 623 -857 -252 383 550 -686 -851 -582 -934 836 694 511 -904 -209 -760 -833 -990 -535 85 -200 -400 -681 -222 344 30 -268 -591 72 -734 -754 202 -202 -89 -645 -44 -372 842 -504 -203 237 38 806 667 -127 -972 -4 -603 -293 653 -786 847 -819 -293 -84 679 544 413 -604 870 -647 -372 242 488 -642 -128 578 -381 -483 532 -946 55 -582 -134 712 142 -545 -15 -928 687 5 685 -991 -60 -459 613 988 -563 -213 
-137 -743 591 896 -403 968 185 278 183 -930 -842 809 -880 838 -531 693 158 506 -309 152 -723 824 -684 -989 -446 659 -180 824 -606 -94 949 459 -836 90 -222 -299 771 -997 328 -424 -104 -689 616 -786 425 -294 397 -683 -516 833 -913 -419 1000 109 358 -198 -71 786 457 604 -17 532 -185 -173 181 -751 752 924 413 -107 -410 643 -836 -493 -997 -642 -699 -969 943 -373 -509 820 230 -801 759 -292 -358 321 -203 -692 -834 -295 705 391 -138 -713 613 -29 786 745 
726 832 591 690 -203 480 -118 -752 550 -15 599 -781 -270 -719 -403 708 57 -14 615 -235 666 -863 -333 835 -111 -71 261 151 -973 129 391 -522 -344 591 -356 -1000 731 620 -224 -665 -85 -420 616 53 -452 -706 -591 -523 -37 -288 578 151 434 -676 236 -197 -705 -27 -972 -396 453 -11 388 -384 -293 931 -502 154 -173 735 -191 -602 961 764 219 235 -288 554 -597 -780 -713 -438 -858 566 -924 -18 -868 709 772 -340 -706 -214 -87 -788 570 -713 876 -936 -952 349 
494 -743 -319 -108 -403 -148 -143 -777 -43 -15 -179 625 567 -338 -203 -867 247 672 -60 260 443 402 839 -598 -379 986 217 527 -34 -163 -636 89 -520 -386 27 244 -751 197 186 984 97 -415 813 -1000 837 -808 -323 139 799 489 -530 -710 952 -237 332 -713 589 880 196 -675 -377 301 510 -929 -427 -751 -469 860 22 -779 -11 991 -665 -137 29 659 529 -969 762 -90 374 472 35 -73 -807 -214 -821 -110 772 -760 -706 813 -591 -940 -138 -638 -729 338 -384 278 
726 -351 263 -620 -203 954 -801 -79 205 -537 93 698 -204 766 578 542 655 599 -600 -914 504 653 96 -982 529 -326 584 -710 -171 -96 -757 966 575 28 759 244 -251 133 361 -48 97 417 -235 -220 837 34 618 -992 109 -641 734 -739 931 -284 14 197 616 256 259 94 -375 794 -27 -18 940 -251 -72 688 -637 77 -588 197 637 -941 868 550 529 -988 269 -615 -558 -649 -556 -119 231 -543 -239 602 578 334 505 943 632 663 513 -396 58 921 718 -30 
-299 -351 464 237 -853 954 -161 771 108 -968 -362 720 759 -319 -674 -143 734 -651 611 712 -215 -65 -664 906 -149 477 468 -739 2 128 -493 942 -902 -490 -411 443 -92 -9 -47 318 -64 621 637 725 -671 254 191 -950 85 -277 -525 378 679 -284 223 -550 -253 -793 -747 -931 678 -818 -423 -394 -90 48 -431 413 945 70 -235 22 671 -959 423 -703 16 -333 483 -10 -170 -814 -175 -522 546 -909 -685 -70 -530 274 -529 -596 318 -385 502 -550 -895 -34 265 692 
-71 -955 -793 -833 578 -581 885 -246 258 -595 -847 561 -500 263 -171 -801 -512 -159 908 -214 450 -210 -932 -499 458 -589 -754 378 -110 42 -308 131 512 -972 231 387 48 -364 -242 -9 -64 621 26 -370 338 -818 -792 742 492 -52 807 -435 -67 705 572 648 -943 585 -906 61 -502 52 -71 -18 289 -577 -363 337 945 70 282 56 46 -942 -410 269 32 908 55 31 -637 -933 989 -791 -545 -853 -647 957 -275 579 93 -116 520 -178 -701 843 793 -890 188 396 
-824 -955 152 -419 665 -430 -900 241 57 74 1000 -92 243 152 -267 -100 260 1000 -638 -923 -148 672 -984 309 496 379 136 157 475 820 87 131 473 -972 546 900 -302 -352 -65 682 311 -4 -985 -370 -373 -256 -697 -278 -95 938 -499 4 -753 645 464 179 292 -82 679 -64 -792 -985 -528 -394 -791 357 -793 -971 290 -300 -667 705 707 279 -737 -577 21 193 935 382 511 -122 -761 89 718 783 -250 -400 -218 -483 -711 757 -61 -723 -30 648 -203 -482 213 139 
331 -170 -712 129 210 866 982 -713 -89 -933 -331 153 330 852 -497 -535 -793 -836 -650 -520 -542 154 -585 -572 -911 137 136 157 234 -438 881 244 445 -540 95 -213 -209 -364 962 -281 176 -843 454 195 -218 452 -450 -44 -768 -25 538 -924 -214 318 628 -986 -956 -565 752 702 150 -896 -502 -597 711 -544 880 -440 -8 664 646 -609 -12 -169 -636 986 -268 -731 -873 382 511 -479 118 911 -538 -781 166 -917 -218 -72 827 -916 891 -941 -566 179 -851 725 213 -365 
-17 265 266 151 -121 -358 621 327 -401 -909 -469 11 956 578 422 37 -612 -836 -327 815 683 413 619 856 806 837 991 -301 188 -168 881 526 -302 769 -955 349 439 -152 740 44 176 -555 454 -438 1 -598 440 330 902 -93 -847 -381 943 265 566 -97 -42 342 -465 -11 79 -616 -996 913 -92 884 405 -108 7 122 802 -908 264 -922 -859 -406 -994 -731 816 889 144 727 -761 89 878 872 842 -550 790 -605 831 -670 63 -941 695 137 457 -942 -299 -994 
396 -174 852 57 -121 532 895 -843 125 -660 -836 303 -12 -969 -483 -94 -97 966 502 -157 654 337 417 276 -264 45 95 486 582 -649 -295 172 -521 769 143 -147 -483 439 -442 44 107 -796 -929 389 396 -654 -759 -235 252 -180 -911 -597 -596 63 -582 -166 -222 -120 -502 -734 564 982 584 339 725 -566 405 773 -495 117 -552 -980 231 -958 -477 -326 -793 -928 145 889 -582 -731 369 966 878 101 -449 162 188 709 60 -891 -592 752 178 -986 -362 457 524 -421 
-174 -174 -23 -710 -267 919 -94 327 -786 266 966 -865 166 116 -431 -339 879 359 -544 -815 391 -971 990 927 587 837 -761 -498 -769 -814 259 414 363 -428 -440 278 -570 -946 -599 279 -151 917 -334 -251 -580 112 -86 -634 -232 -289 -162 468 -148 328 28 820 -356 712 -606 -605 -830 -378 -131 365 725 396 865 988 528 -740 742 294 -516 947 -382 -624 -248 740 976 -799 907 -331 118 -837 143 344 713 -212 538 -882 -484 -621 -540 -43 178 -986 -309 -376 -421 -756 
106 -630 554 157 -751 532 -163 551 247 856 797 -749 331 193 -373 128 -731 -836 623 -106 301 -599 -109 -837 -772 -666 -571 4 -916 -814 -696 488 -23 287 -384 -30 677 -946 -443 826 -187 -85 -716 -738 -970 -395 -583 796 675 -136 832 762 -581 -144 -253 -463 159 142 -793 -412 -359 -998 950 -6 403 170 -979 988 575 -873 -793 -16 -285 -295 559 -589 -793 -286 409 -799 -428 361 581 176 661 -520 620 703 -911 526 -734 -509 367 -320 350 -679 -932 64 -769 -428 
933 -306 -404 -739 97 919 129 -365 734 797 359 -698 699 -928 797 -755 -188 -945 605 -434 986 -440 917 -542 -754 762 442 739 -780 -814 761 -930 717 105 -122 -536 623 -195 675 986 893 220 -315 71 799 -868 -423 -323 -125 558 -351 -859 866 -723 89 -424 -411 -821 -926 -985 602 977 -315 -908 -346 -483 293 -965 15 -615 662 -395 -902 510 442 -586 -56 4 -15 -283 262 -901 762 -837 -64 21 874 678 426 514 -844 -713 -144 -296 -567 173 506 584 435 299 
-642 -401 -969 378 -730 298 -339 774 -725 694 511 -848 235 -286 -615 820 417 -40 815 498 -369 -108 -85 461 -957 531 -406 -924 -962 -509 761 -150 -379 -371 -160 396 603 -884 -844 975 -633 -989 -833 192 -834 -375 133 410 -758 47 -351 995 -605 -70 966 694 352 -239 865 151 330 149 923 -126 53 281 -375 261 381 224 59 16 758 642 -661 379 -238 334 -377 577 -530 23 545 -837 -384 815 -754 678 460 663 433 -660 -723 258 573 -420 9 -63 121 980 
235 91 -988 -301 -497 -713 -96 997 758 94 537 901 -476 -760 31 -438 -137 575 -700 -484 -585 -245 -989 501 224 554 -444 -641 178 686 629 48 -624 206 273 209 70 80 -237 628 -633 813 79 -581 939 248 709 -847 -534 -17 -955 55 -713 719 244 -289 546 -250 293 176 565 -386 -955 -582 786 677 -949 753 381 -201 -338 682 288 516 639 -753 556 274 737 -994 221 -856 307 244 -881 19 -997 220 -743 263 427 -658 349 125 -419 168 110 112 121 299 
550 -969 908 881 422 374 128 880 -479 -399 -825 68 687 334 382 -404 -560 -596 -735 -723 -25 988 -261 419 -554 861 -783 92 734 727 -269 -988 -624 -37 -885 -365 976 515 -603 879 -786 662 -40 -900 -229 -174 -118 170 -899 234 -717 935 -658 372 526 -6 -538 698 -375 -151 115 -69 920 -535 -971 47 498 563 964 422 563 -676 462 -260 -905 45 382 -691 -995 -541 -811 238 391 526 -122 438 -997 490 -351 878 -639 -615 -70 247 335 -463 359 903 303 504 
-476 603 116 233 -483 -658 -755 997 -512 -60 -39 895 -577 579 800 -509 608 -521 -112 443 658 -965 -381 87 907 -197 87 -597 -518 -731 -383 -968 -698 -532 347 291 -768 604 -603 -728 189 934 497 -460 -698 360 189 231 726 701 -34 -873 -660 -551 172 -12 143 972 498 -633 -861 -700 16 152 -413 479 179 989 710 -786 962 -676 -486 217 -292 -666 730 579 -995 592 -811 -159 -101 172 761 717 -880 -596 -71 -379 -578 -637 -70 263 335 -453 -600 -774 702 826 
-703 91 193 -498 -373 204 -755 368 -613 570 568 -130 287 109 577 727 -29 -353 593 387 -890 261 657 463 138 -96 489 468 327 361 29 -933 -110 -162 -14 -994 653 845 -812 336 -710 -261 559 -790 -466 517 -795 808 711 -440 -630 223 -170 -192 -906 325 -432 620 179 189 -726 -995 16 -235 -16 -880 -436 980 644 -820 -465 484 -137 -243 462 45 709 -483 -997 724 -493 196 515 414 -160 736 138 -802 -121 -126 -891 -582 -212 -160 311 -995 -152 -469 658 855 
936 -545 720 965 -90 -170 820 -666 53 502 -2 -130 986 -597 889 361 -239 -379 -753 900 -312 634 -37 631 -89 -96 -31 762 714 332 620 -933 -976 74 138 930 -660 -818 -750 440 202 -381 306 -295 -40 412 871 -573 125 264 -306 409 -637 995 -288 192 -384 138 -436 -710 -472 -655 610 534 -22 976 961 -260 311 532 -167 -415 813 -922 -519 837 -416 -72 734 -185 -971 -710 961 -800 -272 241 133 -816 62 -454 -401 -582 372 -681 241 162 783 981 783 -618 
-577 371 -731 965 -10 -181 688 -803 922 -701 -261 499 -326 422 724 -899 628 518 -487 -213 -342 -201 922 391 425 786 -507 995 -412 23 311 -660 -502 613 -952 538 -919 843 645 -908 637 657 -52 530 205 881 965 -450 554 -735 833 737 511 551 -150 -39 -881 -880 861 637 925 -905 -663 928 364 -409 -370 -238 726 -191 105 65 992 120 597 762 205 -124 -418 408 -27 -95 -930 -288 751 737 15 503 -45 381 936 653 19 -725 950 -203 -80 -83 783 940 
287 5 740 161 -317 -991 -438 573 -793 -30 575 -252 -624 -419 -448 23 -140 -162 -71 47 468 980 -231 696 -452 988 -507 -905 721 -856 160 958 -405 876 -384 -206 423 843 645 424 -947 -37 -725 872 -177 912 -726 965 162 40 -545 103 907 -782 45 831 -122 133 -626 367 -185 -13 -334 9 -233 676 -626 -907 -801 -11 556 21 316 -854 635 329 709 -480 81 436 -951 -237 -308 404 -370 136 704 514 -306 811 699 -32 304 836 213 420 908 311 761 100 
986 -112 -286 161 -317 -582 -404 573 -949 -481 -713 205 379 709 -720 -856 -578 496 -216 745 -416 -260 659 -202 -426 -745 922 55 668 -505 698 958 10 -361 718 -756 648 -417 -997 -699 367 631 496 784 -839 -921 -99 870 -230 -987 16 -995 653 500 74 262 761 -152 -481 785 -999 819 843 -688 364 -762 -147 884 -774 301 -650 55 -251 151 -755 329 -147 316 405 638 -277 556 87 404 -563 -106 -694 412 -999 -721 -821 678 -6 402 577 -289 222 -680 575 289 
-154 -268 -384 -381 -994 907 -649 564 -97 -333 -939 649 137 -824 462 -292 616 -976 -705 827 -981 -108 224 712 338 -132 277 935 -781 -292 -548 316 -127 58 188 980 672 -772 -835 230 996 189 421 -401 -631 768 -851 634 903 -33 -268 -997 -32 -183 -660 647 -272 -763 -238 -44 -320 256 898 -38 778 653 -481 -216 -468 459 286 -861 562 218 -281 -527 -497 -882 788 -913 247 420 -953 -537 786 -129 358 466 831 406 -821 -861 -990 260 960 787 152 -978 -133 847 
-326 -994 470 -597 171 144 835 575 64 -566 445 432 831 526 -913 196 -383 -424 -85 804 -668 -708 -158 53 -373 -92 278 124 -692 196 975 694 -198 392 188 479 -215 -684 226 -139 219 -903 851 632 -643 -508 -970 -365 -801 937 -994 734 -204 -254 266 -313 -664 -398 -732 -358 -132 -189 393 33 -338 -660 -238 252 375 275 909 -389 -524 779 847 328 921 -824 -86 -913 -469 556 -52 48 459 -323 -153 473 91 -75 -732 -656 197 53 705 -12 -4 735 58 540 
477 751 -87 -859 -687 907 -814 -175 824 -626 229 -862 45 217 15 -710 823 853 -982 -30 -465 -907 561 -1000 190 435 278 -754 569 -710 918 368 -713 -203 -299 504 472 943 -414 836 -550 579 -41 297 75 267 -718 258 783 -667 -248 -418 -656 -601 316 -547 786 -884 549 -909 400 -244 -943 712 -793 -919 -732 282 -44 -818 -828 -141 263 -310 602 -911 -497 514 333 -913 162 -384 -52 48 -451 -434 912 621 -128 564 426 -493 -21 -612 -230 325 502 485 -126 -92 
-624 -176 334 -614 -185 -566 686 369 929 178 -302 -184 837 263 -179 911 -798 -405 -867 692 391 884 -597 491 -926 321 518 409 234 911 280 368 -713 82 -299 826 -90 589 -747 118 -415 -231 4 -115 -108 242 234 445 862 -182 -238 788 -493 -505 797 -181 -952 -434 -973 -345 -813 -750 -565 -568 -82 658 -123 -222 146 872 -424 290 -14 -429 202 -96 -27 514 845 -268 -533 -384 287 -595 797 155 585 -309 -969 564 -457 -870 -21 -97 -479 134 -544 -864 -86 514 
831 -56 579 995 634 -841 727 -761 -302 44 363 -121 762 -464 -34 -237 -220 521 552 -254 -591 -216 -107 368 206 -500 -719 -377 -805 812 310 -60 -638 -851 282 826 504 400 -906 -475 -762 -781 380 -112 617 819 821 381 -918 925 556 -86 -870 278 368 -9 846 555 652 -497 -679 -147 292 -568 -565 -538 509 373 339 826 -856 -811 -161 349 -730 988 109 -764 -988 -639 -60 806 367 74 265 530 317 -270 -239 739 -457 -214 -782 -820 210 134 -397 663 -367 -553 
712 556 -483 133 4 678 573 118 -188 -463 -353 -164 -527 606 -171 556 759 -127 -307 -421 -259 282 -734 -370 -580 -77 -98 737 -924 556 -793 -762 -396 555 -491 -618 -245 449 679 932 -358 659 -439 690 701 -101 353 -460 925 -909 -277 -207 -211 771 -566 -260 265 80 315 687 892 -235 -956 -18 -565 -723 509 -680 -660 -999 800 -863 -313 914 -71 -952 983 780 -207 -61 -956 -10 -641 -909 265 -844 -352 -260 -545 54 -134 -809 500 879 494 831 426 -224 -654 -365 
399 145 109 55 436 -204 -899 369 997 -463 457 695 -197 381 475 -508 -389 -198 -70 6 361 373 70 907 799 583 -719 -995 500 676 848 513 -365 457 -491 -36 -805 205 752 -863 109 224 -140 643 -836 764 169 -164 958 634 -147 -301 -951 -528 -138 530 435 515 -681 -364 510 -274 664 541 -537 -538 -973 -729 973 501 800 225 530 950 872 -132 -720 206 -207 15 -388 -828 422 -909 265 -311 -763 -753 -268 675 780 -211 -254 929 -765 -381 -800 -105 418 -922 
-646 145 -483 -72 327 -656 108 118 417 -567 451 -108 -96 564 17 -476 -386 -713 508 479 -995 -729 70 -438 -7 -105 87 -997 -821 -10 -344 -762 526 -362 696 100 297 943 -465 511 -909 -158 500 643 -859 438 -532 949 -395 191 437 -164 247 725 513 59 -299 604 -228 -434 -510 26 759 400 342 666 652 -303 588 501 431 847 810 353 620 -581 449 843 599 -990 705 578 -536 266 188 -484 -763 -784 -994 748 437 522 -623 -731 -88 -904 878 -487 418 53 
45 382 -72 935 27 -493 23 581 -54 -488 -379 390 988 1000 -577 109 667 608 -419 343 -947 -592 -300 389 -229 -599 -242 -445 434 -828 -590 502 130 -309 702 -791 952 -186 -469 402 -633 -714 870 -963 654 -959 513 134 829 271 -27 -170 -469 417 502 253 686 -500 897 -929 413 454 -42 -214 707 443 315 -592 476 -985 431 -102 -102 -437 -628 57 -392 878 -758 -179 -996 -906 -192 856 -500 -958 -888 809 -176 831 900 -3 29 997 -57 647 451 941 -369 -971 
-743 -277 -597 -873 462 -809 -154 -454 -54 -419 164 830 -745 999 168 -906 358 -396 926 897 -256 93 664 -251 -698 -40 -794 -445 -205 109 -204 857 589 -932 121 847 -820 70 200 997 -32 561 870 481 -417 279 439 965 83 579 983 687 162 880 699 -117 282 -818 230 -487 -173 128 -222 173 -120 463 -681 59 744 -985 795 -248 152 1 -329 925 672 -439 -164 -973 -677 166 -192 -672 -299 -762 -946 769 -820 -312 -403 414 -878 417 322 -313 -765 609 -383 281 
