196 439 93 892 -481 328 660 -885 -775 -580 -264 842 -897 860 297 672 -341 609 -213 -698 223 304 434 68 -111 -775 -581 -61 394 968 661 778 -837 293 942 357 -991 -786 -781 332 266 937 320 722 -966 -744 934 783 903 471 132 -234 913 -444 663 122 313 -972 231 983 300 -165 50 -774 676 -734 -425 650 396 -406 6 -597 754 650 691 620 -364 644 -887 341 -192 365 -785 -752 909 880 -994 -167 957 824 -916 -458 548 651 -55 611 -184 -964 -687 -597 
-991 -204 436 390 632 956 570 769 -413 48 -485 262 282 -996 683 29 4 977 -196 157 -98 -882 -419 77 -372 -336 637 471 974 971 876 686 325 -243 -608 -686 54 -5 181 69 -548 -757 941 387 -440 -841 -571 993 528 -521 956 -684 718 76 608 958 439 135 -617 304 511 847 -308 542 -683 500 38 -617 -964 -273 727 141 618 803 -690 147 752 -794 -44 -296 -364 604 -418 -445 769 197 606 155 719 783 -10 -798 994 -999 470 -374 758 -455 748 141 
-128 -920 -675 374 546 826 -585 -40 -239 706 958 -36 353 737 27 886 296 -420 380 -698 354 -255 -736 79 581 -658 591 -384 552 686 -439 -440 673 -223 -485 -446 -197 186 658 -59 279 -102 999 67 44 -841 -481 31 -189 -433 526 -417 55 -820 517 529 730 381 -883 -379 -149 385 923 -556 259 489 -606 653 -639 677 509 238 -610 -815 716 -586 -596 970 -468 504 -377 262 980 632 -580 673 -145 -526 705 -258 793 -798 -836 799 201 12 -877 -600 846 238 
399 -972 611 418 417 -703 -812 621 -172 -623 682 -581 846 -205 -697 106 -683 -339 -791 -698 810 986 236 -100 756 634 -355 169 -377 190 20 67 -459 -947 -583 330 963 -927 -104 720 -150 -903 -563 774 -399 -931 47 -550 918 -429 251 -912 -910 828 730 614 730 -60 268 -453 -693 879 924 719 205 489 -580 -629 221 -805 241 238 -728 -617 396 250 -940 995 -573 23 991 -608 -970 -310 165 -732 58 743 278 397 -962 -603 70 -375 -4 -815 835 -566 380 347 
-967 -606 824 477 -8 -908 -292 -27 186 733 -39 891 -547 -404 612 -273 747 390 57 84 -484 -592 -537 237 -810 657 -955 -784 675 813 -564 381 348 412 281 -858 366 -63 134 -321 163 -903 -561 774 824 -740 351 567 -680 -210 53 -503 372 652 895 562 47 -634 223 -592 389 175 369 -880 678 -684 837 354 350 913 -165 179 -686 -883 207 79 -295 -655 -899 -618 724 155 242 840 284 371 -203 -53 453 -606 -757 -595 -483 -257 432 -165 -823 -521 -369 409 
-497 -863 -132 -768 513 390 -333 623 55 185 895 12 373 -677 556 802 562 616 -834 153 302 -91 -832 576 -259 -279 -251 752 -843 177 -278 -138 -478 213 84 921 944 -524 -607 -429 176 -505 -301 879 271 571 414 767 551 -855 -635 69 -685 -219 653 -760 47 459 354 247 269 349 579 -836 506 -912 847 -484 136 440 -994 347 -875 268 -588 844 -14 -161 -102 -564 782 -224 -158 493 -196 595 -60 -175 804 -594 942 -96 16 -47 -594 -370 550 -142 254 -700 
193 25 955 -245 -74 211 -402 592 846 487 -457 301 696 745 -577 816 185 327 -32 130 803 247 -56 -109 -148 -559 -593 595 -471 -937 -305 393 663 644 -511 445 365 493 723 -195 -176 341 -385 700 -332 -749 -513 -373 -25 173 463 955 -380 -415 915 -860 230 -550 -484 -758 -406 909 579 278 450 -503 -873 -521 402 623 385 950 435 -629 136 -763 -927 -487 -747 519 917 -784 -280 -304 887 966 -565 758 447 44 589 -29 113 764 -367 -906 385 -35 -203 374 
983 -218 -971 713 -501 -375 -402 -172 553 -223 452 -168 -767 -712 -296 -614 -90 -972 -744 -902 350 -758 -95 -202 -363 12 -937 898 -401 15 522 281 -131 100 -107 281 -64 147 947 -790 965 825 -590 570 896 -590 -916 -791 -398 -598 501 -713 -415 -62 973 -699 -10 -106 -521 -168 420 554 898 167 -467 -932 831 -295 -793 971 123 -975 -274 -98 896 970 -876 -825 604 -288 -908 534 114 690 -417 835 503 -615 -127 23 415 319 -674 -236 558 -889 -695 -291 -597 747 
790 -662 -946 -952 -530 113 -192 976 -452 -367 -565 -363 -767 -742 -65 154 -605 -606 -331 -557 231 -168 739 -600 490 -806 629 -172 -59 448 -581 -581 -546 894 330 220 -168 -662 120 -79 411 678 270 565 736 200 438 73 -763 398 205 -831 635 -305 347 390 282 0 975 -541 -797 -302 -993 474 681 -713 -899 975 666 843 879 -156 -274 354 -793 -295 -289 919 536 891 -626 -803 -455 940 595 719 695 81 -117 -38 -423 -756 -997 -446 790 -281 762 845 850 811 
-333 859 397 -815 411 855 918 -339 -860 129 968 -560 245 -603 54 -313 -611 135 -296 29 653 -541 388 -599 -487 846 915 -766 610 875 -544 -271 -142 360 -576 -751 390 957 -385 880 -634 -800 491 98 -964 -452 871 262 -314 620 678 255 -757 -238 597 493 986 -823 -281 -626 779 932 -934 -127 -941 256 -110 -281 -723 671 175 0 790 810 -723 283 974 -441 -388 -531 -787 -583 -95 799 -775 333 -893 221 260 739 -398 197 772 -426 -203 -274 761 -118 850 621 
69 839 -606 794 -667 855 918 -379 -362 941 -876 41 747 -530 435 890 -770 740 -758 886 268 310 -149 -235 -74 335 -225 -361 -180 130 808 -269 -836 -911 -808 397 -776 463 993 785 -167 462 -47 496 504 -981 456 928 710 -601 8 643 421 -821 465 -729 559 -708 -892 969 -923 329 479 478 70 303 -463 498 -698 488 349 621 -256 -14 -698 396 -916 841 893 -849 205 -169 -26 800 -336 797 -906 -405 -683 -297 161 -545 -174 -556 -51 -97 156 971 239 -886 
-944 -226 -493 -615 549 801 147 -874 -669 490 -834 -961 279 -248 -213 0 -463 488 -814 -273 268 851 856 535 -948 131 476 36 210 -629 -295 38 494 604 -335 -744 462 439 -619 -299 253 -533 523 188 101 -209 -472 -617 349 -816 450 -326 -967 709 283 620 930 -293 498 -201 458 611 47 955 180 255 -725 -686 933 -961 909 -907 739 975 933 -465 -52 -10 510 289 -691 -773 -628 -647 -426 -844 264 589 338 197 -952 -327 -44 -587 -746 -723 -221 -123 939 50 
-989 -671 912 305 -610 -876 -352 84 -929 246 -447 -889 464 525 -196 -448 323 381 -385 802 223 -315 53 540 -352 -59 378 82 -385 -721 -793 700 -489 799 -466 -690 401 -739 -440 -141 677 844 -904 750 -705 101 715 -269 -896 -430 -415 993 965 -808 -554 921 995 853 -686 382 843 -295 748 -697 438 643 625 -372 -794 270 554 31 -378 374 641 -257 -452 -451 -974 961 186 640 969 -274 135 -19 -459 142 -309 223 224 100 810 -629 -984 -457 -416 -231 -606 -411 
-316 -804 69 814 -3 229 -360 -236 392 -873 231 -823 213 -997 -791 579 -919 -60 138 816 -98 -119 955 -556 397 167 764 -741 -982 -362 295 -871 -100 379 -533 237 278 -53 44 135 604 39 226 942 224 -59 -64 494 -843 -356 681 671 660 947 235 1000 -29 -921 -372 706 671 -637 -593 -209 595 -180 -97 -653 85 194 -302 392 -364 -892 315 25 -364 -949 672 983 85 537 -89 783 922 471 536 433 -972 253 -354 -126 -442 206 684 -103 634 -925 536 924 
805 131 622 -71 958 -732 -28 483 -215 -173 -712 -119 -137 588 -330 940 760 -60 370 -614 354 -785 269 83 -470 777 621 206 239 -622 132 -856 404 220 -768 531 -50 -65 -949 757 245 441 393 -706 224 -295 -273 970 -351 -544 70 -221 570 253 247 -842 -409 428 -49 -315 488 -815 397 338 556 -326 842 -488 -776 64 729 923 -122 488 94 -251 634 328 223 38 -895 -534 400 793 604 479 -754 802 659 402 -190 57 -435 -724 -56 995 904 -89 -297 646 
346 624 228 -72 -970 584 -216 439 -759 -794 -510 863 -345 -561 -538 745 -127 248 604 154 -484 358 990 123 66 -401 -330 -204 199 163 746 859 205 914 923 483 520 843 -399 -813 -442 -240 -822 -69 -169 971 145 773 -694 -594 673 -780 -812 -513 -529 781 -852 326 -725 109 160 -239 286 -743 206 993 55 -62 -724 -388 329 924 -725 -957 220 -308 361 654 -20 801 541 862 -665 -902 460 -891 -989 -237 879 -285 532 241 -198 -932 -527 143 -253 -440 466 -747 
509 -890 182 721 848 -71 -113 -883 -829 166 -335 803 -209 461 -395 245 -559 -735 -350 0 -521 -964 -406 783 -869 -319 -20 261 908 702 -489 100 -861 -166 -592 621 521 -839 -441 328 710 604 671 -227 452 -429 604 15 -191 658 435 -890 -201 545 -668 868 -274 281 -987 673 270 -522 958 659 -804 371 -910 -813 677 47 271 -948 844 234 -901 770 676 -112 220 674 959 -984 109 -756 -615 -281 -576 289 -801 235 17 -321 671 621 50 -124 -614 -655 -963 415 
683 820 -363 -534 401 -918 562 211 -189 -991 -920 151 -851 20 -296 28 5 -735 -350 940 -295 207 -273 525 -315 -354 -137 224 -539 -967 -213 -407 844 131 686 -477 -75 268 -578 181 -138 -182 -366 -603 -465 874 611 771 520 -763 108 -218 -402 -154 104 868 -572 10 600 -119 -952 -199 -88 493 -953 467 -910 897 -17 351 114 -613 -212 -725 677 -124 716 -803 821 -143 -218 -622 15 -429 12 -601 71 -216 -823 -991 -71 239 423 613 -548 -161 542 -599 -629 -892 
0 -728 -212 -996 401 -852 17 -249 -590 658 931 -793 72 988 134 -219 -233 342 941 245 975 -765 370 710 -239 -499 -977 -552 138 -989 556 201 -941 -409 612 17 -479 828 301 -519 630 -339 352 -661 956 -5 162 252 658 341 902 709 -46 222 294 913 -666 801 806 365 768 -199 -872 -608 664 -780 372 -342 916 414 234 -747 -475 -62 16 -29 -371 451 538 -177 586 104 -379 -443 -672 -216 -743 404 -643 76 -780 326 377 592 -640 -212 -529 754 965 -993 
106 165 389 644 -603 867 524 4 -69 -581 156 478 794 -757 -385 -842 -134 558 -350 28 374 350 -805 -147 836 508 -497 151 -889 801 683 302 547 547 -820 -999 -579 -865 896 -279 -556 616 717 6 781 -790 -223 -552 498 345 -953 -823 918 203 -426 -491 93 347 -757 6 -571 631 346 705 798 625 -685 581 -224 755 414 227 -230 600 -17 441 214 871 -531 574 208 775 284 -616 183 98 531 142 705 -256 -583 875 153 837 856 -931 125 -744 -20 -774 
-254 -594 402 -646 65 55 -174 359 88 -115 325 -195 -171 -707 -432 326 789 -925 953 -842 498 136 913 592 788 93 258 -764 -192 91 585 -672 408 740 935 507 823 -334 736 -797 -750 871 -784 -182 781 -14 -692 -892 835 -85 664 315 -360 476 945 259 762 409 -782 -690 721 -420 346 839 386 815 -380 286 -82 868 202 415 263 806 916 461 696 -741 109 -818 -824 777 -856 -653 960 -859 -476 -635 876 -192 693 41 -903 781 926 -662 444 929 237 -233 
-636 434 670 -507 -144 -393 -78 616 492 193 700 806 23 -903 320 722 -703 523 -965 326 488 136 -923 433 872 50 -172 360 618 -765 -691 383 475 313 -906 -970 -579 323 -250 384 -564 -31 -784 -1000 756 -14 -421 -746 -50 722 292 427 -615 -194 255 249 -758 -700 -610 716 -591 -852 683 -808 393 709 -415 507 -841 699 609 898 655 897 969 -981 -905 -774 -170 -747 26 278 -803 -705 182 922 -359 -977 527 -670 -892 208 209 -714 -155 -868 511 -29 -760 -96 
902 -791 703 984 946 160 -262 848 -115 721 249 829 -421 -505 941 349 482 -197 745 349 -686 896 458 860 119 674 -623 -689 711 -79 517 -344 -80 917 507 -896 -150 -255 24 531 505 740 -848 312 177 969 362 515 454 -476 386 -407 740 -275 752 -608 -903 -975 -781 774 351 839 752 124 -528 -962 -651 211 -740 592 -970 -892 -687 -757 -744 854 6 -568 311 -703 -359 949 -567 17 -48 37 675 -523 124 938 -646 -538 38 422 322 -416 527 172 188 748 
-780 -566 340 680 -231 658 327 -727 -367 89 -464 249 -641 936 -937 387 -646 -458 -610 387 -372 -793 843 -917 -766 558 -769 -230 370 138 -533 532 -943 515 419 -448 513 -994 101 -444 77 381 -268 -838 895 -399 -635 760 557 -483 -528 352 -113 648 280 450 -234 652 -253 -964 414 972 27 113 -528 315 -57 -104 -749 682 70 -999 799 -342 -82 -25 354 -265 547 440 -51 357 720 -277 -59 -595 280 934 -912 -755 -632 -233 -606 609 -340 -179 482 -989 -380 -872 
91 103 -80 217 -756 202 -734 684 -900 -246 -817 122 -474 341 -350 67 631 0 -385 67 -653 666 671 423 -171 401 654 -1000 83 -723 683 -285 -687 152 422 -388 -459 420 267 -674 -315 -628 -561 659 -331 -399 473 -281 116 -365 -998 692 524 -166 20 -105 -476 -657 211 221 -513 -335 -795 -912 924 -90 421 -620 -590 -585 -851 253 302 -610 -841 244 234 -20 179 84 -814 981 476 -693 -22 -849 168 126 716 -453 -925 347 16 -427 -216 91 -423 -837 797 397 
-113 527 219 785 -604 -779 -461 460 878 679 425 -65 204 -462 953 -225 325 -470 -768 -225 -987 -723 488 -870 -718 -503 258 -996 -125 -193 367 -366 411 -558 608 640 -94 181 -705 -885 -199 -60 -672 -55 769 785 -588 62 50 -319 183 -795 -174 618 -935 675 905 0 -104 -765 -916 -361 -697 -671 679 -407 -967 -6 -432 -472 631 -934 -936 -781 -931 -838 -222 665 -427 -612 962 8 815 -677 250 679 -358 52 86 -544 -564 706 837 -108 933 285 -772 -302 63 286 
-101 -385 -935 -957 197 -316 -243 -251 790 710 313 614 -278 555 -965 774 -166 -823 -590 774 -62 -698 -961 -378 -804 -409 -77 -730 567 -498 420 -552 563 584 99 -696 -692 866 184 278 761 -735 305 -864 -431 785 -524 -864 -980 -251 -961 452 -78 499 666 21 -281 645 -620 350 699 683 697 -246 552 352 965 -607 195 715 -124 479 702 181 -740 -637 -383 -688 49 -236 -809 439 885 703 871 636 -44 523 -838 -890 -42 -809 847 -494 -475 125 312 282 241 -88 
-910 -887 -185 2 -338 -869 546 664 861 77 128 614 456 -315 -610 879 -138 -708 -625 879 600 720 270 -754 -165 -914 -652 -399 -514 -350 -89 115 109 193 -151 440 239 -919 452 857 176 -634 305 938 949 -127 907 218 172 -696 727 -969 -262 419 -520 -30 157 -308 134 896 682 -321 78 -838 44 16 368 723 200 -64 -420 47 334 -591 571 -929 957 338 276 -942 189 -614 -353 375 -319 589 -871 742 429 951 826 29 -873 -917 -122 394 -764 353 -165 346 
-191 -721 272 612 950 100 546 959 429 -756 -644 68 743 -800 -385 516 -816 -293 586 516 806 641 194 -628 358 829 -917 -444 112 -699 -766 -8 -530 -539 -730 575 -314 830 -123 -277 -202 459 -795 489 949 -299 -498 -174 847 677 710 996 546 607 21 -30 -806 83 552 -793 424 859 -634 -267 727 452 368 947 24 -822 -852 -942 -556 -620 -590 140 405 -61 163 -939 713 -379 -148 -178 -86 -456 -902 575 -338 14 2 -44 8 206 36 -104 262 846 -994 752 
20 857 -251 -939 -327 -702 309 652 -369 -263 490 461 894 462 -768 700 -469 281 292 298 897 -776 934 637 -200 -39 -454 -687 -519 -666 -969 -949 441 584 595 -675 -176 -186 956 -438 -600 741 929 -946 109 -608 -116 -698 -674 84 -222 23 309 470 48 -452 714 924 650 -456 -64 -34 -287 825 710 452 -812 -642 -206 -767 839 -917 -954 -701 -432 556 -398 742 -498 -989 -555 -921 -66 -716 928 -794 873 -487 825 -181 132 -744 -873 -20 -988 -372 -36 49 385 -795 
-172 -878 23 -553 -862 44 -716 -667 -202 566 153 562 872 565 777 680 -934 853 523 -453 -757 220 64 487 64 843 19 142 672 219 -415 94 227 897 -585 499 373 893 781 -470 135 -925 487 -456 342 813 824 -319 -926 145 99 521 961 -815 -287 -221 -22 369 568 -698 -822 -205 -65 -178 637 -969 -292 477 -981 193 839 -593 281 -607 195 432 -404 -96 -884 675 338 -391 -173 503 -412 302 -686 56 -178 468 956 -275 831 -678 -169 88 842 -547 490 697 
-141 16 -78 -655 -126 -340 -125 777 380 -481 288 -285 -158 -880 270 298 988 914 -904 98 -782 824 -388 -265 974 533 -763 703 -862 -339 -470 -326 896 578 913 -777 150 661 177 -715 -235 -550 708 751 -571 -496 350 892 463 958 99 25 -242 -461 733 -97 448 -747 350 -794 -767 318 435 915 441 996 -333 806 423 -223 525 397 -682 908 24 -731 603 -508 721 611 499 -490 -124 -63 102 -189 -51 309 498 -319 -939 248 -899 -546 892 -401 891 307 -120 556 
129 -92 -70 -599 -10 -248 967 -406 -615 597 563 194 -385 39 586 570 650 -921 38 -719 286 -901 721 65 314 779 701 -624 849 200 -440 -629 -843 88 993 -891 71 -23 895 -955 540 -106 -503 979 -919 -138 -57 122 819 441 797 25 115 642 -875 579 975 630 -815 641 162 759 107 533 529 23 277 -385 -209 -692 683 286 28 947 -206 -122 -882 -221 -649 -528 -959 -914 365 91 -873 -299 -430 236 128 437 526 -734 776 460 175 -927 891 0 349 861 
236 383 -907 -17 -556 656 673 -62 817 262 -474 -699 -437 441 292 572 554 220 393 -719 -253 677 -591 -330 -346 -476 -194 913 340 175 681 436 -705 590 203 -634 -659 149 769 -195 -541 870 -401 -66 -919 757 -30 -871 -986 461 -369 350 -379 -807 -152 -426 -687 -889 -179 94 -183 914 380 667 358 521 198 -966 332 362 -321 838 710 477 423 410 -514 858 -940 238 267 -219 218 822 -110 79 -663 -334 122 -903 -17 -281 -725 -251 -490 -264 12 -490 909 -634 
274 334 701 -439 241 919 115 909 254 117 -956 119 474 -253 523 -453 607 1000 951 -9 658 -17 -447 -926 -595 632 -891 -544 740 905 925 700 505 -389 693 390 715 -732 543 -349 83 -470 -401 -499 -250 -259 574 433 -61 -585 358 183 -64 -570 199 32 748 -934 653 824 -421 -712 -791 122 821 -484 -109 -618 69 790 -996 -88 705 806 332 590 584 447 -645 -567 -304 -495 34 109 558 194 732 126 714 -52 463 -234 870 -883 358 -25 -208 245 -302 -287 
-609 -239 444 321 -164 -589 512 195 -467 795 912 -167 172 609 226 565 329 326 671 298 -591 -224 755 -213 -558 -999 465 -637 -223 -315 -929 361 -285 251 -24 -429 384 427 -901 -302 481 -483 -55 -538 417 328 -508 675 504 276 821 544 -270 -652 539 -874 408 -774 268 677 790 -853 -538 714 -925 198 -360 -125 -295 -588 -34 203 19 -385 -59 299 481 -296 393 -103 -578 -864 372 758 340 -734 783 -335 -885 22 501 489 -658 828 -286 340 997 245 729 495 
-284 -69 394 -683 239 548 -270 466 617 -127 242 877 -840 -182 393 98 118 648 -770 942 -620 -82 868 -286 479 989 -66 962 388 677 -477 -319 797 -705 282 -958 669 481 400 -676 -862 699 -345 313 863 -519 -33 -903 708 -897 286 -793 -134 676 941 -746 846 47 -98 -296 14 -13 -331 -161 -69 198 -615 -949 720 195 737 346 -684 -251 -295 711 841 -887 -754 291 -670 -422 427 786 -463 908 8 438 -281 91 259 -417 718 959 -159 -39 -735 747 363 435 
667 -558 468 865 -321 174 -22 916 238 -535 537 -729 -171 276 671 -719 915 -379 517 -477 -701 -841 699 452 -300 -389 122 -797 -231 -454 -786 -312 -706 -328 -184 -118 271 -27 -571 -125 831 853 219 391 -705 -369 -584 25 -229 979 -69 134 218 103 801 -97 380 -96 810 -17 -524 -603 -758 -92 266 350 -113 -399 -279 907 -205 297 130 322 720 -180 243 -762 -804 -830 946 -474 733 786 -914 829 -377 -105 490 967 205 516 718 589 376 968 41 747 271 107 
475 837 -143 205 326 994 -134 552 990 174 -779 921 -504 616 -366 496 -251 734 167 0 134 -931 592 959 727 424 -984 -651 -218 -305 244 832 -303 -854 -534 754 336 -986 -85 -935 320 -407 799 391 -77 -797 -548 -188 -330 -935 -559 797 20 -586 118 837 -369 -917 810 -224 837 -530 -758 103 -585 183 17 824 971 -498 688 683 -902 -440 -429 -958 -226 326 -77 264 418 886 -394 -758 -304 251 499 -377 103 -316 -316 -156 372 384 76 -14 -889 402 -370 380 
-227 -635 -611 205 -70 651 248 -821 32 -531 660 620 313 871 352 -9 -815 -379 773 -22 552 -740 682 999 -246 -553 -11 -521 -846 623 -961 874 119 -535 895 3 -677 273 -919 925 637 -921 -598 -848 -659 -797 279 695 218 140 -670 826 547 -94 834 488 -203 -549 -14 -82 -679 -577 138 -126 -775 -37 524 -578 874 -566 -767 752 710 44 -195 -803 611 -406 -89 70 366 -526 993 -737 -486 -603 -870 -524 -126 -2 -352 69 324 316 -879 -610 -475 941 114 57 
-172 258 -106 678 369 371 218 796 549 470 -368 921 313 -606 717 188 202 -281 218 -227 -607 571 -585 795 218 -591 -559 -434 -652 -164 -856 369 -318 -954 -784 -213 -174 23 498 301 849 428 967 -244 -256 775 372 -739 660 -247 -77 -703 -79 -74 929 -412 -597 -879 -295 -931 702 -248 370 -193 -670 544 -174 271 -195 824 759 796 672 -949 -5 707 710 886 -91 156 601 676 683 -816 -55 -609 -380 -803 -69 -325 506 -932 -415 494 783 -462 111 44 -637 -32 
683 72 914 -352 250 -491 -550 570 170 394 -649 -322 439 488 -784 -501 852 10 -561 -644 -427 -891 424 -732 615 -105 936 -348 760 735 873 -888 -328 682 920 -434 -256 -192 863 412 603 -979 626 133 -51 384 -768 602 -324 -437 498 -908 -881 718 266 -366 -932 838 975 -749 -985 290 320 -558 -77 -793 -78 -738 952 350 745 27 886 -441 -790 122 70 774 -881 399 -976 -949 84 944 -938 860 834 -898 493 -90 -415 -753 635 763 -507 -733 111 -137 -251 -744 
-363 989 896 506 -309 -353 889 -808 -907 401 704 -760 730 -628 773 298 -73 717 -251 6 -427 -458 -64 100 -978 -784 -351 19 -495 -820 -92 -633 87 87 -732 -269 -278 417 169 -250 762 734 626 133 -769 -294 163 934 907 152 -773 -340 752 -990 -659 -455 239 203 374 -590 -30 843 -350 644 681 -340 -734 -299 -275 473 -401 -795 802 824 -275 -836 -162 -60 -765 -502 -654 295 -198 -500 357 -623 390 -92 720 -620 -467 -713 -757 719 -870 942 -822 -345 218 861 
393 -766 -803 495 -951 -483 -697 -845 -652 -63 523 -760 355 248 218 750 70 801 -672 -1000 908 195 -273 -674 -65 524 953 606 -786 103 915 256 -308 584 574 -254 -295 382 169 237 542 -281 -602 -525 -769 531 454 -29 -550 410 -779 211 357 -106 -838 -566 -94 -817 488 -432 574 814 -601 720 -44 134 -243 -76 -79 -252 -712 -697 816 -578 -79 749 -622 -342 885 -205 -537 -46 266 -146 -71 -215 622 -511 136 676 681 256 977 -753 874 -447 884 -870 852 -758 
-331 379 -316 -467 175 113 679 -659 438 863 -1000 781 47 -735 -672 942 -851 238 -720 -862 -642 -817 588 -59 -281 -577 -116 -245 254 973 -649 309 134 156 -942 -724 886 543 -77 434 -628 281 -959 450 -903 687 653 -271 473 -451 660 -888 -270 193 -585 -600 -606 752 -686 865 -508 388 999 258 -607 818 546 -964 -399 -508 -13 697 -614 271 969 306 -376 708 900 119 581 861 -878 -3 989 -987 -199 954 88 -409 -941 303 -967 570 798 -529 450 -851 -73 -814 
-493 438 -809 681 706 -698 785 101 899 -146 -317 781 230 342 -866 -477 -851 179 -866 312 120 622 -822 57 478 442 922 -812 -728 249 -943 503 -114 -360 -302 250 957 48 -51 -455 637 -133 618 4 -705 -444 965 812 -108 458 -119 -375 799 205 -268 -566 -297 -423 -49 200 -33 988 -561 573 -779 328 546 24 785 -33 -976 556 890 -332 82 371 -530 -148 29 711 -137 -219 -367 312 51 -748 620 591 -827 144 70 383 965 -971 465 414 -793 794 -851 138 
-97 449 -657 70 52 -698 970 -513 834 -822 -532 -521 -10 459 929 -706 -548 -634 -905 -40 806 -270 -767 328 180 -881 261 -165 104 -410 -550 30 685 -59 -261 -119 452 -679 -575 -376 487 717 523 -683 983 -674 411 -895 -946 506 139 801 799 86 -161 787 740 697 -653 -452 101 937 745 -129 636 956 309 101 -299 101 -976 -296 579 736 785 457 -721 -554 861 -469 29 -266 -881 -155 -426 -681 -870 -759 989 278 673 -180 660 255 -554 -510 478 -171 -124 370 
903 -36 338 40 856 -997 357 168 -781 266 -549 913 -12 741 708 411 -124 -538 -74 659 -385 69 193 864 -798 476 -786 -87 -452 -579 620 648 -322 -789 -850 -784 -896 -612 -705 236 65 238 -610 562 -361 -255 -153 343 -41 -346 414 229 662 219 849 -142 385 78 -987 -981 -584 -102 -610 -421 -119 -703 961 267 -608 -584 -489 606 245 -250 -127 -246 -581 924 4 -223 978 -408 852 449 480 -609 319 413 -351 -116 904 -326 522 -279 269 991 806 -788 -852 941 
908 -523 676 438 758 772 746 -676 -807 778 217 950 986 523 -120 0 -420 409 708 -55 -762 -59 -161 565 701 541 -849 830 -235 -360 -775 543 -285 -897 -470 -32 -712 -782 -412 -537 727 347 -728 -90 85 -255 625 755 -212 597 -412 -732 -279 -899 27 845 -354 3 -813 -270 -186 362 -785 -563 139 616 -242 -705 813 -186 -997 495 28 504 -299 251 603 -686 -792 -509 -288 -986 -474 258 464 397 724 -333 -733 882 595 993 -812 168 -375 -383 -932 23 839 999 
283 -9 -409 595 -44 78 894 325 -833 470 269 259 452 -197 -55 -69 -852 -700 -872 126 -619 -295 -183 148 234 -90 -819 41 -76 -89 -658 340 -696 295 -982 -914 -614 -557 -361 -832 63 409 -686 -770 304 278 -167 -885 942 953 -309 -71 -298 -655 -20 -118 629 -287 897 332 6 -903 -590 414 136 -908 115 224 -138 266 588 435 -842 101 -608 937 -953 900 -857 -973 -191 -804 184 -727 -18 79 -555 94 484 -919 556 882 -201 -141 247 917 480 978 525 -47 
-61 653 -376 556 -744 453 -424 -409 976 394 973 436 -369 -458 -345 -22 -233 950 -872 734 322 -429 -692 928 110 -88 -282 -754 290 107 -318 889 -936 517 591 -874 -73 350 -255 -95 241 -538 -875 -919 -255 227 -217 1000 -691 155 926 -827 -563 922 -733 971 -811 958 -782 -59 -578 936 -656 -120 -412 -340 945 -169 757 -578 -561 -213 326 -955 -496 -432 771 -766 453 333 -171 922 -400 -422 524 755 860 -656 622 -62 377 467 -333 -868 539 -482 73 -495 -384 -561 
148 -246 278 637 -591 -44 904 -140 680 -63 338 734 254 0 -600 -227 839 -693 -120 -20 -440 -5 362 -617 411 -153 -300 -266 602 418 847 822 418 -188 -623 -977 -340 -815 -379 739 -98 -755 435 -559 -453 -1 -567 943 -475 -255 -445 -500 -253 -314 923 916 -840 -213 -610 720 372 -462 814 981 476 211 -64 452 61 279 -615 -196 387 224 -138 524 791 -392 837 -373 -113 -74 601 584 803 3 -777 -636 981 834 664 -780 277 -154 -686 325 122 204 -321 -301 
552 180 -116 206 654 810 -880 67 217 -146 -391 450 -203 -470 -225 -603 525 -975 -55 489 -125 952 790 405 -705 232 981 62 709 -985 708 35 287 292 366 227 -39 -179 -592 -738 385 -975 790 -233 -453 766 92 -288 -205 -45 61 -268 721 710 597 -231 271 380 507 -279 -150 -315 -109 989 -842 520 -270 -123 -813 -150 388 380 67 -169 -4 -396 314 -813 664 499 -624 548 -112 878 -576 -495 -518 -426 -304 -113 386 -890 198 597 -17 700 529 430 859 -610 
-347 82 -393 -804 -734 -592 -557 84 -227 -822 -724 898 -932 -823 -287 528 -335 374 -743 -958 -104 -275 -505 668 344 967 -914 -903 -882 818 -266 -253 -783 696 -677 814 -605 653 -93 856 490 374 617 -703 -592 255 645 557 846 250 184 658 -271 -257 -724 -925 118 -834 211 -429 861 -800 -426 -993 -445 -888 -22 956 -246 -910 -757 -330 -225 452 -259 -351 578 -948 450 750 -814 831 169 802 385 936 815 -316 -993 288 393 -890 76 -37 -814 557 614 -337 -34 -590 
-862 -369 758 -953 672 -811 239 40 284 778 -88 675 239 -708 967 -644 -384 652 -743 733 -441 969 14 414 506 -611 844 520 -526 915 684 953 915 574 294 -433 226 -629 -758 53 -120 811 790 -646 -93 -438 343 -123 -380 941 329 246 -271 -714 736 805 -295 -744 -104 874 653 462 -46 316 61 113 -134 781 181 454 988 -331 774 -465 554 -496 447 -328 -52 310 -917 -379 995 331 718 -525 632 -46 500 149 -528 709 491 374 -426 -272 68 568 318 -625 
-875 577 22 386 672 -435 -600 708 578 -85 -198 21 939 699 403 -661 683 -657 551 751 824 880 195 -572 -969 176 -389 703 227 865 424 -645 -185 -585 509 -459 -230 -98 -717 389 175 621 -256 631 -91 -470 -431 329 673 -199 417 -779 -501 -259 -476 -89 915 -331 -701 -195 965 -533 -481 -142 -481 855 218 756 481 -176 937 861 879 -123 -626 796 -612 -545 160 -348 215 74 227 782 -101 569 -519 -541 -246 461 924 -962 -615 -789 822 542 360 872 688 -463 
388 27 987 393 500 -803 -983 714 -373 -980 209 -30 -8 -384 187 6 -321 0 -225 411 -578 880 211 708 335 -182 -456 -297 -897 335 635 -285 -389 666 -583 -139 426 810 -541 269 629 -907 392 325 -330 -715 710 -372 -589 371 513 -135 -176 291 -126 -622 234 -758 552 -790 965 -880 -278 -883 329 -876 20 947 57 -619 -757 -758 700 734 481 -888 -705 -374 459 -968 -274 -1 195 -972 -323 779 -792 -578 180 451 -998 -823 -113 -981 752 932 562 -675 759 -47 
509 569 266 905 489 727 343 476 979 -523 410 679 -606 -407 -959 -182 859 621 799 411 301 82 809 672 -742 -992 -213 -700 -436 -583 486 -136 -576 -398 973 967 700 -14 310 -406 -811 -886 -378 -166 -717 615 -138 868 -320 -646 -74 -498 404 107 -531 584 414 134 -427 -14 -634 39 -578 529 417 -732 889 -331 -79 -634 362 134 680 692 57 614 -917 -105 -82 -94 -65 199 -525 343 -275 -656 938 234 -953 897 -998 315 17 -168 641 -512 -367 137 914 -904 
735 -300 861 905 -417 671 662 374 811 -613 -860 581 -297 -473 233 -1000 -996 -907 -287 -62 271 785 837 95 582 -146 641 -989 -968 -276 979 266 -737 -124 8 -669 -478 -295 851 -273 554 645 779 -816 -168 296 630 -530 -906 892 -147 -158 143 -14 -55 -168 202 38 908 969 625 -587 820 -597 907 -71 -697 769 -294 179 341 -385 572 756 -79 915 6 -623 -688 -543 152 191 93 563 232 -77 552 -69 440 -312 -961 354 -174 499 464 -710 -900 -437 -712 38 
505 817 -423 924 -167 423 323 -194 -386 -462 93 -221 466 301 523 -862 -34 -886 -598 -66 -332 -127 -566 -29 196 125 603 -905 -208 527 -622 13 140 -888 -640 -181 -501 -281 382 420 932 -308 465 988 -541 -195 -8 -933 -81 660 -530 -702 715 186 -415 929 -239 138 -642 82 -167 604 -404 838 513 -827 785 543 531 883 825 370 98 177 -79 258 626 -754 114 -866 924 735 -170 -651 967 -75 758 236 -597 -334 -264 -407 -174 199 216 -684 -860 -11 -742 -717 
-119 779 122 -998 -912 -421 436 47 -112 444 178 598 -87 1000 -728 312 -466 645 452 323 -738 -299 -679 196 -544 790 302 71 -442 170 265 -513 309 389 317 -914 617 488 521 370 329 83 465 650 197 -349 -556 625 -641 267 -66 -340 -314 676 -527 525 -73 604 953 -127 677 977 -69 -300 -74 -918 970 -901 805 64 -354 604 -719 947 384 808 -273 -450 534 -890 6 985 -230 946 624 721 -425 274 838 -430 703 394 327 607 640 361 -351 474 -976 -576 
-959 764 550 679 -503 153 131 648 35 234 -926 579 965 -979 -875 -40 318 88 626 -499 -299 -608 824 818 786 873 -625 594 753 -722 170 723 604 -159 -143 350 -994 -957 109 913 363 924 -725 568 969 -302 -750 588 -753 -50 671 -340 -401 -452 -211 -989 -199 -350 -385 -299 -297 276 257 -829 -147 55 357 109 -674 -217 678 -350 -9 -331 -294 423 -92 634 75 -855 -221 -72 391 -846 -182 837 914 707 180 -104 -222 642 -262 -278 -814 526 969 977 -489 517 
-612 910 908 552 69 -903 222 425 -269 611 -602 -426 -20 734 435 -164 737 -184 187 901 -76 -608 -985 104 -85 377 565 339 -793 30 -739 -204 15 968 863 128 -49 234 109 440 611 924 -725 803 -201 -676 -564 334 823 -448 -610 -555 -401 -860 -184 -837 -548 -601 -619 813 604 390 397 779 -530 160 136 342 -885 92 265 -601 -501 769 531 -191 552 -684 857 789 621 527 -626 -141 -977 528 210 662 -250 -25 203 16 -243 250 -598 -277 -729 -782 953 -268 
-630 420 513 466 -713 -310 -253 -942 467 -990 765 32 237 -281 -274 -838 688 923 233 -892 24 -141 473 515 40 340 771 -839 238 448 -623 -573 799 565 -991 896 253 -653 -119 623 124 369 844 427 382 -935 505 850 70 -731 -610 656 75 -398 -167 -302 -420 870 -440 -496 343 616 988 382 411 658 894 142 278 604 -800 -937 942 -431 687 -333 459 812 -267 -257 417 101 279 -138 277 -753 -919 475 -939 -836 99 -795 546 -833 -554 -938 -28 -263 -997 -251 
-155 -986 911 -264 806 -926 993 -409 469 -1 636 52 -760 -133 -25 659 -404 924 618 391 855 135 -252 203 -853 -323 339 -443 -153 -826 -350 60 685 -460 45 325 -939 -488 365 971 234 579 -212 -179 706 925 -576 -743 46 741 -551 -713 -391 -929 550 -897 -233 -563 -125 817 -181 871 662 -850 671 202 -146 -919 -1 -431 462 -47 411 543 805 -773 -853 -733 182 108 64 -884 170 -880 799 48 -982 752 -628 -738 99 996 309 642 840 -680 921 -171 588 -720 
751 -632 -778 703 256 209 -271 419 517 752 194 875 -356 10 -256 -55 -149 646 -97 262 101 817 -978 253 960 750 817 168 929 -372 -21 812 -994 584 -44 486 594 -62 -538 -52 218 898 -475 -883 843 -256 485 -487 74 519 -722 458 23 -232 -695 353 972 -965 -104 -259 710 -606 -431 -185 549 63 -84 990 264 833 -533 -965 -227 93 -674 170 110 501 701 -343 501 191 87 593 -268 856 840 172 910 -963 -776 23 -125 -40 304 660 -894 660 -615 -905 
884 328 -546 710 303 -425 -501 607 -343 449 965 -536 426 717 392 126 -214 -994 -610 -751 626 61 -508 492 -761 -738 717 -957 -75 -997 -548 63 -317 -499 209 421 -736 -813 691 488 202 -993 -230 268 109 301 -315 -625 -913 -314 -722 548 651 353 47 846 -942 -301 -441 -813 389 488 -260 -334 -610 100 -843 274 766 389 844 -610 528 -571 -885 442 -127 221 839 226 -778 -307 -716 -550 377 90 958 809 383 221 358 521 967 -570 940 -683 1000 683 -757 -74 
880 534 1 637 383 22 746 -65 -308 -370 -110 -746 604 179 -378 -864 914 -747 -728 -244 224 -813 -398 423 -413 118 540 576 -237 -694 -843 -237 44 -656 739 379 44 897 601 -961 -239 -934 426 223 109 -595 -199 407 -443 429 -458 -243 -426 -829 -221 49 683 -785 824 -626 -8 -160 -90 -828 958 44 -973 -207 255 -362 39 -385 6 -85 278 686 -107 -588 95 442 -623 -746 -447 -123 -911 169 -951 -472 -334 -303 -525 198 673 649 -875 -996 -842 683 937 -872 
600 473 460 441 383 -429 170 448 229 -906 -55 236 639 -634 -364 734 -401 579 -491 -658 -169 -246 101 -885 -407 -329 784 152 -567 342 -739 -66 -397 708 648 -280 -631 -342 716 -952 -73 -934 772 -98 -646 -250 761 -285 781 643 -798 552 799 867 -416 -547 317 777 301 -519 -556 -628 -472 183 848 -508 239 -556 -438 775 -587 -768 -182 -250 857 -328 114 913 -742 -592 -272 400 236 -235 -510 -849 999 393 30 -576 286 -842 -379 676 -799 -671 -521 355 -845 -401 
-521 -198 941 529 -180 -606 404 -815 -506 -889 -415 837 676 -538 465 -30 -853 415 -686 -658 452 181 -303 -838 -762 -3 -385 172 265 -417 946 472 2 494 437 119 718 -782 358 768 70 -233 772 354 -119 792 176 -470 -644 -103 -603 -836 910 201 573 0 -466 -463 -332 -519 -218 290 -110 104 -580 -555 -600 -705 723 -556 -253 777 312 417 -277 -788 19 590 -354 -874 -7 -447 39 376 199 -682 -889 593 742 970 266 -721 -270 -484 950 7 -521 355 362 -743 
709 -271 789 529 -980 -580 -693 15 983 -767 -527 488 -98 -755 -725 -20 -13 630 180 -525 336 -279 -985 785 221 -779 678 -113 778 -44 -444 -367 383 -32 -836 -460 541 581 198 64 -199 47 218 -14 365 237 -34 789 649 337 65 371 776 88 -427 -448 688 -831 896 -279 -564 -634 -403 -961 401 656 -983 415 -715 -564 977 -831 -40 498 -438 -164 -647 -907 362 388 18 -537 -622 -116 -52 -490 114 34 -198 -149 -775 -37 -134 273 653 867 833 47 -505 219 
-131 -985 277 -776 -838 16 143 -871 887 452 -654 583 847 -693 -212 938 -603 898 790 450 734 57 -186 447 454 -53 -740 218 388 403 -718 -414 -968 -518 768 -708 266 286 -964 -481 631 748 -687 -295 -538 434 725 -211 -645 -845 -941 -483 482 -594 -44 -490 -149 -47 -299 775 68 204 -973 -279 -595 -713 343 -77 615 505 -182 523 659 -556 -470 20 -646 -736 -709 -845 655 471 675 875 -420 989 469 518 -368 -940 -670 -852 218 317 362 -842 -211 230 -193 799 
-515 -279 -140 358 467 837 -819 39 -664 311 -592 269 123 -156 -475 489 -530 -889 790 -341 692 384 266 739 -613 452 -980 -716 542 -137 564 867 -16 -781 -10 -196 -928 507 221 47 631 -593 799 -281 691 -132 135 293 -452 644 946 -21 -47 -367 -253 -767 -214 38 736 531 79 558 518 -327 65 -589 662 -988 296 -576 -339 -904 -55 641 -715 -106 965 -602 -147 930 -736 -248 -386 -321 441 -698 530 -853 -961 811 325 -793 -550 -94 118 -670 -211 -35 825 -598 
979 -201 -765 -525 625 -975 -861 418 -531 -505 -184 -412 490 652 -230 -958 953 253 -274 747 756 -294 6 892 -140 -679 733 531 397 324 683 -162 -556 -841 257 -162 155 181 -618 -591 -420 -549 -63 -281 -690 412 188 553 612 -698 -756 -674 764 -900 889 245 -401 951 -964 687 -100 -925 -194 -755 -29 548 436 -575 93 485 390 393 -864 -77 -955 -880 -847 975 -582 595 -597 566 -612 179 -19 -361 836 -61 -327 421 498 818 -697 -436 -374 2 259 986 555 626 
989 275 136 821 815 -240 715 -863 -692 771 -167 -989 879 -657 426 -946 -997 -934 -25 185 177 531 -578 -715 50 36 -1000 -334 837 8 -761 42 -896 -536 -385 597 555 658 -588 -447 972 -879 418 -892 601 206 745 872 369 753 772 -428 -306 418 -529 747 -210 -770 855 -836 237 -550 -853 -17 946 476 -742 583 567 -315 616 671 -30 -659 296 247 138 673 817 -352 143 411 -527 -631 -53 -57 -511 148 -772 -521 104 956 -881 -941 266 -525 843 559 265 -602 
789 -475 869 -123 709 -240 844 737 169 -819 758 449 175 0 772 831 -561 -60 -256 -605 947 -603 372 -995 592 233 663 -697 126 -481 642 -856 -792 75 -368 459 933 -591 983 -513 972 838 334 488 578 584 -915 776 403 -185 -338 772 -225 -815 125 -191 -742 -576 101 -674 761 -641 -357 -968 -756 994 652 438 600 -199 327 -717 489 -256 -195 26 -784 807 -836 245 -186 33 991 105 -537 895 -926 -391 -755 -646 -607 -333 752 -407 -579 -328 -135 -58 -809 -959 
802 -366 -849 -69 -962 -806 290 701 -554 697 -943 937 349 -907 655 733 814 47 -812 -605 -331 687 -150 -206 -980 -7 256 653 831 -166 138 -16 398 496 952 -226 400 -701 402 699 -384 958 -215 -957 774 -56 -541 -932 98 961 -327 -174 -446 -604 511 -191 -577 -848 -705 227 -109 0 -365 819 -847 259 -253 103 -962 761 -972 -770 -958 -575 567 452 509 720 411 442 -827 -585 -245 -366 -122 360 567 -2 -685 636 -972 -908 970 193 -585 42 -37 -29 645 618 
-348 -453 157 -69 -823 831 -401 103 -930 -349 550 -600 909 31 260 -456 461 -254 -378 323 769 -836 -910 -745 172 659 544 -995 -879 -261 -444 -255 -132 265 -48 268 -737 -6 -793 871 683 -872 -954 -49 198 739 -668 -974 -702 557 -862 -44 -425 -746 -423 453 -248 -561 -169 857 -202 -483 -766 -413 772 -575 108 85 -676 176 740 -576 831 -903 -984 -813 439 167 -853 -151 374 912 918 -316 -372 119 -440 -510 -446 682 636 390 746 528 881 972 -156 282 39 -491 
798 819 -820 -564 315 -899 -13 21 235 -344 385 -23 554 392 302 751 388 -917 -364 760 -431 -674 861 155 -357 124 405 279 -354 -561 -274 302 -260 -664 889 369 -560 -607 666 -585 -321 203 -427 -488 207 67 481 707 425 -323 -10 810 -830 -615 -772 -137 525 305 -465 -277 135 281 -203 -422 -338 371 993 -882 -125 -34 488 517 751 -903 626 -293 404 -348 167 -206 -688 395 -999 -685 126 -52 -251 951 -464 -908 -952 211 894 279 -431 -437 724 922 -587 -875 
56 224 966 -775 555 -110 -13 -518 -130 -637 -695 -142 932 88 -936 411 388 -593 -122 5 543 -885 176 -596 842 -721 420 -264 -575 310 -940 -526 -633 -384 -403 -532 927 302 -723 424 860 346 281 -62 441 856 450 244 -930 686 -556 -442 26 817 685 -345 290 -795 -123 -438 -235 853 226 -844 950 -491 -271 -379 -935 725 381 167 -62 438 925 36 -820 -708 -204 -646 975 -950 524 82 -616 688 -290 838 -413 439 -952 520 799 219 -632 -1 675 -409 -253 790 
-326 669 -434 -670 938 776 -391 -527 706 -605 47 922 607 -184 48 979 -757 -872 -725 -134 -901 278 -176 688 -464 312 -302 -897 396 -149 461 -979 -667 248 465 249 358 803 -698 -64 -996 346 28 -813 -618 856 -862 131 515 -102 -164 -108 -629 449 -581 -870 843 929 734 723 535 -473 951 446 -327 -483 -176 -453 925 135 -160 -848 323 -361 -256 990 -537 726 292 -366 -854 242 933 -544 659 -552 274 -523 -422 -971 136 -375 662 -899 27 553 21 -968 609 617 
-742 -29 345 -77 352 -725 -51 -311 -96 -793 -414 506 329 923 418 -62 988 -879 844 482 93 227 -619 104 -659 -422 -589 15 395 464 -285 221 -732 153 -459 631 644 427 720 145 -34 752 710 897 -588 -693 416 945 603 266 239 -435 206 50 12 -851 814 487 692 -715 -541 301 -523 -173 757 -21 404 -93 301 188 -60 218 807 85 301 -390 14 460 219 329 67 -371 833 149 190 160 295 -830 -539 803 -412 -876 436 -389 130 -24 679 447 -420 790 
216 -539 803 681 642 625 651 -643 612 -863 -221 594 -737 -948 334 -66 937 286 -212 631 -266 264 -634 977 572 364 -303 -836 442 278 -664 -843 -872 413 856 -89 -135 231 641 604 737 -795 705 -342 136 53 831 103 -973 -607 466 727 815 397 12 72 388 -872 177 -955 -668 428 505 934 -126 -674 143 247 -595 -915 290 -561 -892 304 412 -162 -662 -5 40 325 645 768 -709 -764 -56 -130 -687 314 118 803 -309 229 -279 -732 923 -956 -922 -721 390 739 
-776 216 605 -773 16 851 -426 -990 -422 -650 573 139 611 -613 -556 323 -102 838 -230 631 -571 -277 179 605 -860 918 315 -94 -661 -410 -330 -565 623 -911 965 558 53 -617 315 611 -466 -697 19 581 983 389 320 932 299 357 875 671 769 990 -940 794 -757 -743 -331 296 481 648 314 140 -556 -674 -819 -330 -320 -541 204 -251 391 -255 -320 706 -177 -909 -220 194 294 686 890 -909 312 -331 -915 529 934 -269 -770 -400 -563 -368 412 209 -221 -666 327 -812 
-739 858 981 -746 -795 842 910 112 -923 -174 -32 971 -370 -994 858 -499 -845 -88 -230 -138 142 -438 883 -305 -648 298 -169 547 -88 -381 -275 629 -432 -111 335 456 -301 -883 220 -161 -677 -233 705 507 402 955 637 169 -74 931 875 423 -115 32 885 23 -102 551 -431 -195 783 -379 121 145 241 -428 715 -717 515 -668 558 -672 -751 986 792 597 932 -462 341 -713 -747 627 250 -151 364 533 -454 575 151 -487 522 -827 -45 786 515 655 389 -639 -31 779 
-368 -533 449 -44 452 55 -375 516 -224 859 -427 289 124 579 281 -538 362 -88 -703 -934 -85 723 64 415 -926 -871 -67 882 424 820 -114 44 -62 -387 -63 -618 -235 -629 824 -692 759 78 19 211 402 990 966 -545 255 -253 208 153 -461 926 -685 978 -707 -375 543 567 -862 -281 -630 618 -164 772 -382 -626 237 481 -925 -720 -244 -592 434 -865 461 557 -225 -618 -365 702 100 -693 918 -996 696 -316 145 -721 -972 -736 -253 -742 933 -715 195 -929 740 -122 
-324 140 528 660 -969 -658 722 898 623 444 -44 805 234 415 -682 807 697 203 263 650 -250 -422 253 -250 -744 442 -301 849 441 656 226 227 897 -942 790 -15 -661 354 16 790 745 -296 710 -104 666 -406 849 -985 427 694 369 153 976 -303 -735 508 697 799 93 600 831 -133 -259 -447 -321 78 290 969 -419 450 -550 -74 -525 -91 -455 846 -424 -581 974 930 976 -675 -622 530 422 -941 -664 -25 264 969 61 -268 993 333 939 -768 579 -833 -160 844 
83 -640 -302 636 996 55 482 86 853 879 -253 741 -815 898 710 901 79 346 655 302 990 -955 677 -192 462 -600 904 227 -681 793 -233 -764 -410 -533 445 -29 -766 810 -17 -505 -712 606 130 -620 -456 -273 603 977 -718 374 -538 978 337 -652 41 -495 79 452 -266 -962 637 141 -904 -356 326 825 75 851 -132 -862 -106 708 -226 -717 -376 832 839 -120 -418 -12 344 -76 -275 -961 121 935 548 -148 -473 516 719 658 -271 529 -476 29 32 -58 290 -475 
-880 -908 827 -119 23 718 -22 482 874 166 -45 969 609 -889 157 313 -193 -817 260 568 274 296 -297 218 -182 657 -525 792 524 -550 -578 -975 -153 436 852 -965 470 -14 969 14 -853 958 -902 -701 -723 677 762 -558 236 541 250 38 -872 172 -27 204 -354 403 142 -676 966 238 -533 -903 73 -44 -391 -385 -736 525 870 -872 -341 -168 -245 -236 334 524 -801 -426 -924 -582 -90 -945 -600 612 -622 -346 -356 428 329 202 -501 -413 -531 794 354 375 204 -703 
-370 -473 -874 81 521 718 764 500 108 -24 125 969 -970 253 705 -892 -462 683 302 803 -207 567 604 391 498 343 -645 -108 803 965 -825 473 814 163 -260 954 121 975 -744 -524 -742 411 886 134 -698 -797 -504 389 -633 912 347 -606 -684 762 -889 -278 678 754 -919 -984 849 179 670 -493 369 -282 23 309 236 -147 -470 -120 296 -626 -832 911 -887 569 468 -559 -269 163 270 435 657 -308 -652 943 214 676 513 -779 287 -239 401 -602 -832 -824 -925 263 
453 -356 676 81 -484 -910 -306 291 -354 -108 125 717 785 -60 -698 391 555 752 302 350 169 600 245 -895 -306 -826 -254 724 -803 709 334 585 706 231 -637 651 -744 -892 -82 809 -13 107 106 -6 933 779 542 -508 -672 752 706 837 243 -448 -119 851 495 618 417 -935 762 409 -119 939 -538 810 651 521 584 592 -483 -55 562 851 -56 -232 -506 -659 196 -625 -197 -215 -181 126 -72 -123 -2 476 -903 -132 -74 854 -833 334 863 765 -746 -244 -641 218 
453 -560 94 139 25 372 -446 -655 -187 30 859 85 -522 479 19 262 265 796 -936 427 415 -962 -442 -689 484 -841 854 897 -898 446 -10 914 -733 -580 990 -104 458 -686 571 -116 -603 380 802 -607 -794 440 223 -300 81 215 52 -975 613 707 -217 872 -533 -610 498 -256 -378 -634 -251 691 -233 -55 -426 -315 -56 637 281 -55 -90 -385 300 699 -375 -974 989 -194 695 -965 645 -248 -913 -538 -786 -511 -493 -932 -702 -498 404 -621 266 -543 -97 157 870 -687 
-765 -903 -892 414 -879 324 99 -595 280 127 444 770 -199 -233 84 -848 -800 27 48 -815 -77 -125 -181 132 66 -265 -615 -116 465 139 -875 -884 565 -601 50 -228 18 234 -891 824 -530 -791 -614 723 85 623 -26 -877 -660 -129 29 8 -236 -122 -368 -632 844 -491 -556 -308 -754 -538 -511 861 347 -682 799 -807 300 -917 853 -743 -611 309 739 -148 73 134 -926 -258 -788 478 976 698 928 -883 271 789 939 898 -66 -158 143 906 -557 -440 236 -135 -470 799 
779 554 665 -412 183 -380 208 694 464 482 511 -807 631 -96 -684 -751 495 -795 334 231 -988 626 833 185 -932 928 -519 524 214 312 966 -846 117 204 209 421 873 -653 -590 702 -489 -834 -614 723 94 971 487 218 -797 -981 474 8 784 671 450 137 -289 180 169 244 -628 -693 930 138 175 -435 -375 -119 67 423 914 -600 -463 521 -149 -730 -267 87 800 265 -793 -444 -242 774 -287 326 -435 730 -510 -822 411 44 -314 -610 -980 965 488 -944 -483 -63 
-751 752 422 -309 -37 -415 410 75 20 898 564 929 -124 -254 710 -244 462 612 -556 -179 -575 -256 389 332 231 83 -421 442 591 -822 568 -316 -548 -448 -272 -29 574 -987 195 -985 525 -395 -313 908 -724 843 6 23 6 -455 -44 -806 -883 230 -793 -437 -587 790 415 515 637 -975 697 925 52 -198 910 613 -738 -870 -921 -375 -127 -315 856 213 125 988 -187 -444 -812 -491 299 838 203 341 -991 798 479 -146 671 -340 -314 -951 -523 -54 -667 -593 699 702 
478 -142 -916 476 544 -822 461 792 950 103 -423 661 -852 -917 153 133 645 861 858 -617 -769 -256 -362 -417 92 826 352 -827 -798 -292 284 -929 -439 -598 552 -534 -924 600 865 -30 588 861 -448 15 -901 -52 727 360 148 881 -591 -899 211 -169 478 517 604 650 -659 434 487 747 730 564 29 727 -257 6 388 542 428 799 789 -807 53 -195 -262 -582 434 44 -141 617 831 -750 -606 491 -452 28 -447 -191 549 544 -401 814 -819 816 -31 714 281 -215 
955 734 -421 -770 -852 -651 962 -257 640 -967 959 -506 839 -549 130 -658 844 3 281 653 -903 -308 775 -288 -865 334 -408 186 -262 -954 -640 -89 -35 643 931 -721 -308 -813 -817 -978 814 -296 745 953 16 488 509 -896 -761 -96 -275 -472 206 37 -195 474 977 302 -988 -376 6 0 -425 -541 758 423 110 691 -693 223 326 999 -646 -807 867 168 321 -921 382 -697 13 529 -715 -738 354 494 417 -127 925 -332 -610 -243 -401 -931 943 -415 729 -428 914 -954 
-954 861 103 991 -793 -757 -655 -354 -861 209 -772 863 525 -879 -902 -525 -289 -296 -682 -883 -412 244 -614 688 -609 -55 -207 220 413 95 -921 607 398 819 -606 904 -160 -757 622 -398 -615 38 245 -385 -296 -961 -820 687 115 615 248 -463 359 979 806 977 -420 568 -51 -245 727 -907 136 824 -744 -617 -22 601 867 -26 648 -287 631 673 955 734 -603 236 423 -306 995 16 -154 -719 154 -791 738 216 852 -107 441 -713 75 393 -462 -415 -412 486 -921 -427 
-896 832 -962 -972 134 191 207 -116 -520 848 312 -523 -335 958 710 -226 -587 54 710 268 103 515 -218 -123 -915 -9 -38 135 -333 306 67 32 670 283 -286 -998 -360 -342 423 101 388 -432 -219 -762 916 -952 -484 -383 -952 649 -281 -725 616 650 708 -171 -339 803 -903 206 509 -886 28 783 -744 153 -306 716 955 637 -379 452 325 -119 990 -764 145 -984 -238 -446 117 -597 930 -994 422 -86 770 -774 931 329 958 919 165 -19 -470 -527 -989 -344 326 -682 
731 -567 -654 61 -328 965 -193 122 -436 -927 685 -837 -361 -872 -557 450 -253 411 157 -629 85 792 750 933 468 -893 -296 -483 494 318 310 956 -340 923 930 701 -720 -610 -209 -584 -757 604 326 993 631 768 985 382 418 -113 500 870 -430 -490 73 660 327 427 -705 -56 241 -886 -722 -258 654 -926 -225 578 269 487 281 403 -469 6 -406 -190 782 339 827 492 -591 934 -546 389 52 958 678 -739 611 772 848 458 23 820 234 797 -651 -18 -379 28 
