-452 -549 695 -372 699 369 394 -544 -413 -849 -866 -650 -316 610 91 104 -680 221 -810 180 710 812 897 -587 -169 344 -681 813 802 891 163 -574 416 395 -323 -758 -3 432 527 776 -185 445 -392 -135 720 976 -455 -672 845 -641 -595 571 -219 -45 -587 -603 446 622 -53 -510 -528 -596 -256 16 373 -661 510 -401 -223 917 -969 -766 -73 210 853 -484 769 427 873 60 -617 875 -864 981 443 -541 -215 -715 847 -43 910 598 -4 -713 932 -859 -233 -414 -995 -746 
-148 592 947 -526 394 -152 494 -3 -737 348 -535 345 -850 719 -804 -250 -467 -319 584 -433 371 870 189 737 -868 -255 402 -62 -442 241 -701 659 -404 -313 267 479 -858 -350 60 0 370 -958 -278 -162 893 -347 668 -345 633 440 -402 348 -189 937 604 413 -75 -873 528 -134 117 312 82 509 -319 458 -31 -925 911 443 530 -396 -76 -729 -562 -550 -301 788 -723 310 434 769 -85 299 334 947 -961 565 -318 346 929 -381 -382 -415 -916 73 -400 790 67 -911 
-772 291 387 -255 486 44 -183 349 -339 -669 226 -382 614 476 517 -642 -548 -252 -297 -352 -573 -115 526 369 -337 -354 573 -400 22 -895 -332 639 -711 34 892 663 529 -839 -31 751 -393 303 -603 -771 870 -753 793 -136 409 972 69 771 -10 475 -670 780 778 759 525 7 467 793 223 188 -635 326 937 945 214 -600 837 214 95 280 -178 427 182 726 -257 147 160 -572 -226 -968 -562 305 173 -687 490 744 -73 -145 64 763 -74 137 731 355 891 451 
678 940 17 -913 -632 -257 190 457 -344 -432 130 -657 -232 -436 517 819 -55 -146 158 -12 87 895 455 -736 -538 -685 889 765 311 79 -184 -773 652 -366 -761 538 -539 -377 99 466 329 -946 -163 176 -940 -158 -696 -445 379 312 -220 -86 -264 -37 -682 -734 425 -646 -289 -725 -16 -962 -216 568 946 559 437 851 -118 -761 552 514 -246 -12 998 169 -104 -962 -776 -935 -51 490 914 183 191 272 377 -708 -479 782 -883 -525 508 997 652 -917 -312 -918 333 894 
340 -83 -982 471 53 -833 -361 -332 -93 -453 -515 690 884 744 -697 999 335 -990 179 432 751 -128 1 -983 -587 607 -757 348 598 -48 -258 710 843 232 -761 228 959 -990 147 -559 861 -586 867 113 -585 455 -754 -644 -338 -14 542 -667 525 -880 -805 -623 749 713 19 191 -96 434 817 -408 643 683 -472 391 -504 837 -676 897 696 -657 357 -3 303 -421 139 -167 -591 -886 252 612 -695 359 -366 165 550 279 -412 -603 -141 924 372 -364 -635 119 -221 4 
-226 494 -267 514 -940 253 -338 587 -453 -255 564 351 -128 951 900 -146 -958 824 -455 -202 277 106 117 72 471 -63 -172 659 -382 -326 -68 916 554 -68 30 237 -162 389 605 -972 -929 -727 -565 131 576 12 354 783 882 685 -862 -486 723 18 -424 -592 140 797 -744 -297 44 339 -931 76 909 868 -385 1 -18 99 727 78 240 150 735 165 25 804 768 -900 -812 -909 60 -48 -765 -303 -652 -464 -801 -570 630 715 40 -958 162 933 386 55 -985 -2 
-606 763 -23 -896 -576 -353 367 665 420 -980 -307 863 711 -496 931 -442 942 -246 169 -556 526 -673 -468 399 755 -599 750 742 836 420 -151 -806 195 861 120 522 947 -157 121 900 -897 -409 967 -148 348 691 -696 51 628 -658 948 492 -34 795 -788 980 600 -215 699 110 -650 -425 10 -62 802 -912 282 536 -512 -173 -768 241 -770 -910 -981 -847 -587 -381 766 58 195 200 729 291 -393 -817 -70 -600 -770 610 -18 -952 -2 308 -354 -952 306 125 -885 -649 
706 610 -79 194 -581 845 -69 -993 743 -108 312 -394 -934 811 -946 668 -283 -975 -114 981 -815 -147 864 615 -607 547 738 605 -419 -419 -940 510 87 425 -232 -82 508 576 306 -869 628 181 -21 -569 811 6 -255 158 -129 -152 -929 -434 -204 370 -310 475 -112 -884 296 -499 564 -236 241 172 -9 -902 -968 -621 327 -970 529 -89 383 497 26 925 -907 960 809 -564 442 870 915 -277 -510 -978 278 -463 -985 936 -557 -112 661 -580 -723 -841 354 58 -562 -27 
647 -939 254 -126 605 -376 -683 632 9 394 371 94 -238 727 -688 -448 773 344 -843 -942 402 -715 139 -345 -913 -338 607 -114 -197 -766 575 334 21 445 -543 984 -187 383 431 -582 645 478 -125 -332 -401 -643 -123 879 916 -188 -282 104 -524 387 -547 838 246 -586 -394 726 927 718 -735 -233 -976 -761 884 845 150 779 -568 -340 993 198 -321 -186 197 -199 862 -868 -712 569 -539 -997 94 -558 40 -487 -864 556 -551 989 -24 -559 -372 53 286 -29 169 -639 
612 -49 -148 180 -250 545 -508 590 154 -455 -224 -807 -835 827 95 834 -982 -37 790 -320 341 602 -676 243 856 718 724 -505 730 -913 888 -803 53 -988 -43 334 240 692 1000 -574 -99 315 748 -288 769 237 172 294 74 -130 -904 -600 -132 26 -718 664 616 -255 588 453 130 711 167 -561 -736 47 -682 -486 -940 50 143 -438 982 896 722 -527 554 773 -766 -620 984 518 -399 895 -547 -123 468 -254 36 941 818 -371 -514 474 649 101 -180 478 660 -297 
-795 -439 -434 -24 245 518 -484 -570 350 -816 444 361 873 297 -129 -199 -598 653 -351 404 873 -84 635 409 -273 204 718 -193 -16 397 -366 -624 462 -861 -356 491 682 -636 -119 -914 -574 -394 -484 584 697 631 -705 193 -937 -43 -77 83 -551 439 277 -895 -496 -605 296 -199 -326 -356 -552 -448 317 462 403 512 981 427 -558 837 -329 48 466 780 -314 -914 948 237 -654 -522 -400 570 -537 -237 -263 476 174 -874 697 -155 820 689 789 327 526 694 250 -310 
360 258 707 -483 -354 172 883 770 -587 -298 571 228 -169 798 -220 -453 232 -882 -293 856 648 843 617 121 -425 404 -562 -384 -152 -537 -842 -978 160 -407 306 798 -620 -328 -325 926 856 45 -145 297 -166 598 -810 -570 -679 -398 223 498 271 -416 -623 -989 813 604 -905 -456 -100 -165 524 71 -911 325 -341 -449 -205 -165 -205 400 -387 -314 45 -360 -209 -288 398 -105 915 -130 674 -645 -145 70 107 -218 -667 219 1 -200 507 -241 321 -499 520 -741 435 534 
-227 -323 -662 -335 -662 -551 423 -95 179 -516 -739 742 -861 -213 999 277 236 762 -270 -895 -229 274 -843 -965 345 150 375 440 -606 -743 -932 -375 -116 -544 -790 -590 -339 -455 -352 -146 896 -227 483 -108 -413 398 -81 -534 359 -747 53 585 494 259 -474 -750 944 -3 -836 810 -627 523 169 824 -425 -740 -150 -775 220 -888 87 -454 -240 -590 -694 855 -783 -114 462 -609 -781 -416 -47 -758 621 507 -945 386 -409 -568 -62 -577 72 111 643 268 -189 48 805 198 
-741 -251 -245 -687 -704 99 156 218 -767 -508 -772 726 302 -775 -587 438 550 604 28 806 816 -709 288 -169 -872 239 -834 61 -455 -826 542 943 722 74 569 85 -786 444 315 -240 -158 -50 -864 -970 -970 665 -918 -55 -272 -315 982 -621 243 -860 907 -13 201 -303 267 118 -964 -535 699 695 317 494 453 812 -545 610 -198 -652 587 396 -849 254 633 -613 401 895 -754 -568 -242 -723 -847 561 718 413 663 -448 -92 -90 295 228 -8 -612 -22 879 -435 -796 
-626 -487 658 -220 -707 861 580 -376 950 -616 236 -17 6 -919 905 -236 -965 -653 475 543 452 985 228 657 -235 -835 -917 -352 -422 776 -489 -983 -379 310 -398 429 -564 -888 -252 -966 554 -463 -722 688 -752 -572 -919 -168 96 525 174 297 807 -228 -286 -272 428 680 297 702 32 -995 -396 708 641 -909 -273 517 676 -635 -305 281 -921 -111 -519 -501 -170 860 -281 -170 752 832 -787 -520 -717 -548 952 -513 -649 -342 -456 656 -197 -135 -878 326 735 881 -921 559 
246 -272 -25 492 766 -715 -680 -70 61 344 -336 596 -707 842 685 315 433 564 -255 70 -237 -597 -35 -70 -826 179 -81 -871 139 -240 -592 576 -139 -497 768 -112 -627 117 -424 -669 308 77 318 -429 -970 -964 431 947 903 -754 555 -229 -472 650 770 751 512 706 509 110 363 -818 -193 377 -809 -556 988 -103 -102 859 430 -437 386 -663 -345 -166 -184 564 820 882 734 837 343 791 808 -117 -88 834 923 -395 -368 -407 113 82 966 -926 311 527 411 -973 
-697 -407 387 -312 -747 -462 290 -10 985 -173 -904 181 370 -273 953 -668 -311 -757 129 61 -870 -642 -596 78 355 402 123 54 -571 -188 229 172 291 749 815 267 -450 520 -715 -416 -783 576 -460 496 14 -225 762 -630 -615 40 62 825 37 -984 -647 458 -360 50 -272 961 43 144 536 -454 276 -288 209 917 -471 -143 -571 -700 915 126 -709 51 979 228 72 -32 495 -246 28 335 273 -378 471 383 745 -495 -604 549 645 -740 -380 376 670 -376 -25 856 
-58 -550 -139 -611 161 -838 279 -37 121 534 503 607 499 493 893 -74 -803 -507 -977 -172 -746 -301 -412 -769 -38 273 -50 889 634 375 -370 -914 735 535 -384 -121 -697 -22 -119 119 -743 561 -526 -606 390 16 -855 -642 610 463 -253 288 -950 -15 196 298 -21 -937 71 458 -667 -588 -948 48 703 -532 748 -20 -629 280 116 414 -149 -318 262 -406 -870 -576 470 62 121 -931 590 -423 -729 -380 155 193 507 -36 271 272 -460 209 323 908 -102 -283 -417 -535 
-328 39 -642 495 -441 -877 551 739 -848 -7 -775 150 704 736 -693 449 -755 946 -390 -349 -43 690 -977 -827 653 678 -746 -421 -520 900 -874 -349 -178 770 -199 606 1000 -837 563 953 363 -967 -821 -586 993 -784 403 567 456 947 -21 -174 -180 176 674 209 -108 -444 -400 223 -837 371 -614 825 -643 -470 222 -297 -58 909 -300 490 200 -558 720 -843 -39 534 366 -428 862 885 10 -513 -124 387 375 -261 -637 -877 842 -711 -313 236 683 449 10 240 -472 896 
-918 779 -756 -520 285 -741 -295 351 543 690 304 -737 -624 -208 122 -761 521 810 -33 802 313 37 824 -62 865 -998 219 332 54 872 495 407 -646 -162 802 -998 623 415 966 -112 -214 -144 -999 599 342 -882 -846 679 -363 -911 916 -81 259 -656 742 751 992 732 -259 724 -703 -504 -113 963 106 -273 632 145 191 -631 -202 -333 -753 -349 -629 329 -797 -403 143 -52 -700 665 -346 -475 475 106 -877 -909 -5 1000 482 -377 343 456 -943 -540 -767 282 795 876 
918 -949 797 243 23 -217 -394 292 -893 -793 -129 -618 -663 -966 457 -387 -487 612 -680 242 972 -983 -808 -674 774 -675 -151 758 -938 -409 72 -544 634 669 -903 -755 532 -163 275 -521 -787 987 -472 -887 -183 472 411 523 200 -253 -668 -96 -1 280 -587 146 -883 844 341 713 649 522 271 -905 874 814 338 -138 725 -101 -730 28 -860 446 429 -51 -971 -395 -144 -791 380 189 -232 -718 416 119 766 980 -327 413 369 -157 -970 463 875 -891 384 -796 765 -948 
-385 168 -770 543 -25 862 919 43 606 -745 213 702 597 607 390 -417 -141 8 932 -821 -198 -83 509 -198 653 192 -651 926 331 -977 -55 -83 682 -501 -63 651 -936 -891 -632 165 -255 -343 936 -32 -271 433 -121 -864 741 -259 -163 -697 -303 316 673 -872 529 -258 148 233 -567 627 -173 -483 753 -77 300 -639 -385 1 -241 -369 -662 890 69 -816 -912 532 690 -861 467 -101 362 677 -308 384 43 -525 274 809 -101 502 -208 -744 -737 -45 -553 -233 999 628 
279 305 -589 749 -111 19 -64 431 67 205 174 74 417 953 -101 -721 -208 -4 714 -922 911 500 -69 261 -957 -67 147 -772 119 558 -501 929 -618 556 -840 -139 -58 -772 -481 14 -612 -844 -221 -731 -990 -712 826 116 210 292 -581 -8 408 472 77 -52 -131 184 880 81 67 -142 78 335 324 405 -585 163 376 233 -681 169 557 14 -822 396 429 932 465 -113 -555 -133 -434 995 -898 -858 -343 -48 -357 -895 870 -259 -604 682 -568 -447 502 -456 107 -890 
243 -887 -293 -669 -965 -717 -373 -807 -186 437 -726 449 454 935 146 -998 360 614 138 -670 112 500 -585 -105 -686 686 49 299 602 835 -145 -380 -6 -652 -483 796 335 469 2 -705 356 -630 -887 446 -823 237 -817 804 -36 -252 -488 -264 -162 -857 403 894 575 448 854 -750 731 881 193 630 928 -927 -336 -206 -383 263 421 510 510 -527 -607 -844 -384 70 -698 -557 -826 890 754 -245 227 766 -884 6 -131 -669 107 975 784 -880 207 202 587 -345 750 -811 
550 516 565 105 -14 761 177 293 751 557 208 -988 -142 -191 457 182 -157 -834 -940 958 822 -889 -787 -392 -73 -448 744 -178 -80 284 753 -147 -468 -170 109 -695 47 88 -422 -447 -668 772 -410 376 -526 98 268 992 640 -38 163 -509 612 -773 238 -103 -735 438 -671 -583 -215 -796 -166 920 -307 -507 418 346 77 -889 637 313 641 65 -138 598 50 476 -236 -829 887 379 -841 -259 814 -843 685 -155 5 172 211 446 -117 -660 -512 -249 -329 650 -808 144 
278 -340 931 350 -360 126 -742 -415 -601 -852 134 864 75 -249 487 -593 2 457 194 -316 -338 115 453 163 -640 -199 7 88 -728 324 -75 -647 -93 870 219 712 -150 -912 457 466 349 196 -537 -348 295 -673 870 608 344 -693 427 -208 938 -987 -658 -337 819 -172 -469 -350 131 335 304 -786 747 38 -236 -163 -143 -316 543 861 981 174 391 658 67 -859 596 731 136 -658 -164 -924 -516 -77 386 -635 -116 447 683 677 392 28 947 215 250 747 -350 -258 
672 -187 -629 185 -776 -491 -154 349 123 362 100 -738 141 -855 -664 654 -208 611 548 766 -295 136 -637 881 -248 -747 -561 546 148 -207 -81 -536 162 -459 -420 -909 -364 -85 -764 159 713 411 903 46 -492 877 160 -729 -703 -149 -43 162 -288 138 921 710 -6 -414 -258 -907 -267 -270 -78 876 -475 687 -608 646 642 -452 499 479 974 -779 -976 -126 54 -240 912 883 545 393 819 -760 -7 -280 -274 -711 -785 735 180 -648 -488 58 -161 -364 -185 181 398 -226 
-147 -227 614 290 389 -475 -365 996 696 796 -706 166 147 -164 -400 -356 -367 -284 -1000 -797 -781 513 -58 612 -174 -353 -382 612 -364 232 -978 -186 -353 -664 -22 -31 681 -943 -78 -376 -85 840 -175 -961 353 566 692 -97 -850 -246 -525 -213 418 862 684 -46 -797 -470 627 263 401 340 -859 832 929 -451 998 -875 743 225 431 77 -713 846 69 -928 484 -690 -552 -576 504 511 -316 673 450 -20 -859 -349 76 -402 692 -615 -167 -585 -285 -711 -949 -287 -251 -226 
269 683 989 185 943 -715 -727 534 456 627 270 800 -891 983 -737 616 168 -859 770 -384 -312 -695 -208 -81 910 -614 -736 222 -410 -510 556 385 657 -841 346 -230 -291 -391 981 92 565 201 -975 -759 -564 851 -224 -835 975 -490 -896 999 88 -542 264 -924 -832 104 14 390 -215 -464 493 298 809 218 686 -893 -382 -955 -361 826 -846 -399 90 227 -805 -347 -146 -785 -467 -396 -137 808 -806 -275 -991 119 -106 -162 355 -571 83 820 -291 -863 354 20 948 180 
-375 -362 408 -265 -270 221 -893 34 693 -405 -569 -590 -660 522 -688 -420 782 -926 -668 -884 -486 110 -889 -34 -303 -300 -479 945 619 -235 -498 626 -984 753 254 -815 -245 -210 177 -209 12 281 418 -228 -566 -541 -182 -131 965 -45 -605 439 -407 140 -417 21 73 -797 -934 636 -740 377 -75 850 138 481 779 431 -893 462 265 461 -412 -607 639 434 492 842 877 933 479 708 -642 -916 501 -858 767 9 -594 795 632 470 -641 -733 711 -658 820 81 -500 627 
809 -675 596 642 -3 -245 460 418 779 784 569 -957 -939 -518 -242 -355 463 89 -991 442 -634 -12 -881 -258 600 892 -947 -559 792 475 -27 -756 -9 383 -681 -553 773 -445 -113 -955 859 116 486 168 -666 308 -744 -442 493 -649 -605 463 903 -501 74 -935 33 -215 -773 -848 728 -125 222 204 466 212 603 -665 -356 961 -528 -362 394 526 741 585 -694 235 -378 -614 403 310 -100 -717 430 720 224 409 -887 790 -933 -425 -561 -573 -436 142 109 174 -58 -457 
-618 -307 -556 864 -219 554 -931 448 -476 672 -539 -809 -745 178 907 832 755 -310 -644 -912 627 778 302 415 -322 907 -891 -442 296 146 -772 -623 620 622 944 502 472 -3 111 -266 663 -588 29 -611 -606 820 258 142 -775 -716 -970 -576 466 701 354 677 869 682 599 57 -27 -334 449 -653 -943 -794 372 -835 -991 -581 987 -333 -210 -495 105 690 512 -638 83 628 772 -84 -75 -979 -652 -594 -721 -265 -760 -662 -734 -295 -43 195 712 -967 205 825 230 244 
319 444 760 187 -250 925 -293 -420 -89 580 -596 -30 61 651 290 -213 280 -473 -461 119 -742 254 -86 211 217 -519 406 506 -621 -452 -543 -172 400 -415 -372 -505 -116 931 67 -256 -97 652 -436 968 644 -214 -769 108 -203 411 -758 101 899 322 -656 -258 181 229 582 599 938 -131 471 -290 139 272 -709 -189 -296 -408 -115 974 -538 186 110 -840 -821 -862 786 -119 505 -522 488 270 870 118 -401 195 -530 -825 303 466 -718 -358 -943 -466 75 -487 569 -774 
25 163 767 -92 -934 -488 770 489 1 966 837 -736 506 389 559 -55 195 -292 216 -344 -677 99 -495 -261 909 200 -678 367 215 652 536 -277 -621 -902 420 -213 49 442 206 -459 -163 140 288 -326 -996 -926 704 951 -747 355 -693 275 -688 -924 -899 -235 -171 -897 514 693 476 934 149 694 -649 -576 -560 651 -909 -140 -635 -1 283 -749 -91 101 346 -597 -772 -548 -631 830 415 -705 458 -783 208 86 -490 -798 203 -551 447 -478 -747 -169 -716 -748 879 -63 
-456 895 -642 311 954 -912 -665 -368 414 -118 -97 409 -947 601 -675 766 319 -164 -477 958 609 530 429 -775 318 -384 -81 -255 -63 841 -34 -136 485 530 476 -44 168 -178 -703 51 650 -983 -577 740 -709 -320 515 -217 -240 -671 549 185 -253 807 -708 -724 -42 575 561 686 29 -282 -711 498 402 592 -31 444 -34 -119 -466 -326 -748 666 894 738 -934 144 385 -395 -922 -902 553 496 268 -288 -974 -616 -568 621 -76 -227 -52 406 362 -511 528 -203 -629 -221 
-113 795 609 -490 1000 -880 181 -36 164 982 -202 382 -492 413 609 654 879 369 590 -810 -912 862 759 -599 -554 546 261 -396 685 -23 503 716 565 207 -208 898 603 -915 -969 -98 -505 623 -493 729 -531 -367 843 271 -155 598 391 519 -292 -495 604 208 -655 -821 950 -568 -822 911 -77 -569 -205 352 -145 -918 -528 -11 -718 80 -288 206 -636 -143 934 654 -10 -483 518 739 -538 -420 800 127 605 -236 425 860 575 422 623 -137 -11 -858 728 -15 -425 264 
-825 -269 -929 827 -396 -278 -97 88 -397 27 -996 589 655 -591 -714 -713 66 177 439 537 712 -243 224 -379 521 386 -745 348 -358 -644 -231 -133 -492 340 -835 -415 -287 -315 401 -534 968 -394 -135 -83 549 -649 381 156 -273 -857 524 801 276 -100 -510 39 -279 414 139 467 804 745 399 -468 -583 -189 692 -299 51 -178 -202 -188 815 635 -475 -26 875 -270 927 -757 7 526 299 -719 -906 453 -817 -405 761 -524 -555 351 -938 -803 679 370 468 -642 314 -155 
42 188 -783 804 -970 890 655 -953 516 581 476 -41 158 757 -974 -976 843 52 804 -347 805 -473 851 539 -473 -373 -228 801 -310 698 -701 -730 -414 78 469 268 -496 844 10 953 -574 287 787 -75 925 -597 696 -995 -694 -150 -856 -921 -614 -493 270 -96 420 122 694 -935 -914 -829 -932 -321 -517 -71 258 -775 959 -756 -263 987 8 164 -181 882 278 -773 -897 718 -518 35 -364 506 -73 -847 -918 -398 -360 866 -434 925 -883 -844 -293 453 115 -460 -897 527 
-202 80 92 -526 864 -852 -652 96 666 -929 211 630 88 740 4 916 598 -959 731 569 -630 701 286 -608 -231 -507 674 -665 32 708 -324 -373 160 -229 -700 -359 -691 -558 839 372 88 -759 803 138 67 397 848 -449 -773 231 -462 -934 -519 -49 418 288 -139 -422 -41 -911 56 -164 282 965 50 365 502 124 620 -234 -947 -650 253 193 -709 -683 -650 784 92 915 -688 -102 570 373 343 23 582 862 -92 -418 -847 -323 334 -884 306 885 812 805 672 -895 
722 122 -40 -777 241 -830 -601 190 818 564 341 298 -525 794 -954 -124 362 -789 683 -156 669 -314 847 -34 -680 -686 487 766 723 821 463 -194 -224 -580 619 -81 -229 940 289 -279 715 394 -897 -684 909 953 -644 611 -303 751 -862 593 -542 238 -790 -970 -639 943 667 -654 545 319 8 662 752 -447 742 -390 -401 -461 -227 -942 87 -205 -793 -606 722 245 851 826 -586 -969 -87 -419 497 -618 298 -733 150 -312 -134 671 268 -487 817 -636 -741 47 594 151 
395 -940 86 295 3 -469 150 -881 649 -140 41 -650 432 -370 583 315 937 -652 973 354 -712 -841 -362 -321 496 627 185 -588 441 38 -838 -543 -55 -167 535 49 634 -107 -529 -710 563 -497 -412 845 -498 280 452 47 -480 -625 466 -921 -429 -840 425 370 851 -63 920 217 802 -136 -102 882 317 282 609 758 -553 15 -418 658 -167 575 -614 -730 -856 737 -701 83 700 438 -774 136 -666 456 -647 -48 158 -519 -650 -522 -755 -185 593 -903 -171 302 -286 960 
-320 -839 -182 620 -321 -707 -753 -450 -64 -202 -843 558 966 -89 -254 27 506 999 557 -739 -775 -14 -492 666 -105 75 326 162 -524 926 487 -897 897 -752 22 224 -236 266 315 -925 -398 -742 -707 -820 516 -752 742 809 565 -843 -754 -871 -610 374 -593 -798 -91 -4 195 -994 -198 574 396 544 -924 -264 198 -443 -882 552 292 423 -35 -51 -271 619 -708 91 -613 -366 139 210 -680 594 973 -840 158 -253 659 -845 -694 583 -260 734 285 -887 366 -500 -88 -601 
-647 -290 -573 -282 200 -935 -57 237 424 509 -753 -357 -72 11 -140 -685 -378 50 -105 -346 427 -803 779 -59 662 561 586 -888 -438 -23 845 398 962 32 654 -108 169 -898 137 -967 115 945 -573 -513 -37 -4 -101 897 -108 31 -624 -278 341 983 -167 564 -925 807 -402 -244 328 -109 368 -388 972 761 327 277 299 287 931 -782 -458 551 -37 328 -900 -140 477 -268 -943 -494 856 939 33 905 -304 325 642 -185 142 57 587 -173 708 302 -403 236 -231 -539 
-249 503 -149 -87 -38 -256 -250 804 802 247 -70 733 718 135 -415 -510 237 305 888 398 -911 -231 -695 -181 -726 600 -333 -869 -729 369 244 16 -739 8 660 662 439 -456 667 823 -26 -739 -908 669 811 610 622 -84 85 -997 -83 -514 811 635 691 -815 173 -41 -367 -410 -464 90 -812 41 404 873 -845 -820 807 319 887 -494 678 523 -575 25 -265 -416 -350 -556 -662 965 -860 688 436 -195 -300 51 105 -607 -705 -150 813 -269 487 -438 720 316 843 665 
197 397 612 218 -682 -823 -956 -707 197 -8 102 747 642 -65 554 -62 -703 666 214 -113 -326 376 -418 80 693 -501 848 645 79 510 -23 643 901 -424 890 -531 -607 -314 -136 -18 -924 -126 -638 -620 70 -300 -134 784 431 -82 410 -266 -860 837 575 -967 -842 36 562 -676 343 -178 -28 132 201 -492 -202 -715 830 -358 765 116 -508 -695 357 -96 517 106 -32 957 322 -150 445 -397 777 -586 -807 112 905 -450 -485 -523 -465 -13 -369 982 -297 71 37 946 
-1000 -272 -419 298 -896 105 732 -501 860 420 149 -231 951 -421 -498 366 -684 -468 -317 -914 -538 955 510 506 -612 687 729 142 283 -431 874 -814 459 82 392 508 -368 259 345 -742 886 546 606 948 -866 -411 621 -877 653 608 474 -477 306 484 679 -336 -670 132 -231 120 -399 -928 372 389 -653 425 -643 79 -414 -960 -525 -421 -657 -315 369 -265 -979 848 -242 374 -525 -21 418 -336 382 341 841 819 566 238 495 783 874 -305 304 327 476 -156 92 432 
-838 -466 -519 -849 472 -804 -74 22 99 -133 851 904 -868 707 -163 -648 -508 993 -489 433 -558 -937 991 -321 25 982 -725 -408 513 -26 326 -759 -918 904 588 -905 -481 -368 343 -171 337 -275 -658 -772 899 641 -75 -164 516 -166 89 -454 -241 576 -896 699 -415 934 322 -447 320 -381 206 661 -317 659 -524 563 443 99 -189 -468 885 -817 80 -555 101 844 -748 -609 595 224 240 -714 188 465 -148 798 -697 -507 -806 460 -466 -354 838 -880 307 -73 845 -673 
686 -462 -444 373 14 -387 559 -525 755 -468 487 799 -799 -145 216 -839 396 -631 48 888 278 -406 -151 499 709 52 -825 649 806 -629 -503 -352 -841 956 -675 644 -99 -457 363 353 782 -911 291 286 875 299 -153 -128 70 -991 -853 -766 978 788 -500 460 -832 -324 -23 -972 551 823 694 -470 -408 -690 -402 -901 -154 442 -418 490 -771 -201 746 86 -394 16 -505 635 46 342 162 170 -907 728 -487 356 420 -461 -569 355 311 932 265 567 -335 -605 85 -21 
934 273 732 297 364 -657 -252 182 -741 -896 495 -421 193 238 942 83 269 647 922 85 -445 -388 216 517 -735 249 727 -332 292 -229 -555 -652 803 -973 -203 -702 28 -103 291 -78 488 -425 -587 975 -216 -313 501 204 -577 -581 448 786 -148 882 426 566 -963 733 636 171 986 222 -729 -980 -106 114 -693 53 823 315 618 -150 910 -347 931 631 326 612 -996 849 -723 544 176 311 548 764 385 676 -266 949 948 89 59 -469 -776 659 -541 937 377 -519 
126 336 -823 -95 -555 459 -503 690 101 -394 -352 721 -809 882 -712 -82 -352 -638 -276 739 596 162 105 -615 -561 -446 -784 448 -783 -489 451 427 -487 -84 -329 344 118 321 -701 973 748 544 140 -244 47 -76 51 -978 -600 575 -468 -896 938 280 180 354 -672 660 90 -337 -983 -314 -387 988 -320 -590 231 864 552 784 -377 -702 466 -85 42 716 -45 -10 709 -107 816 -618 -382 211 -964 257 -563 -668 -760 352 -719 -778 -194 -48 -143 -974 909 198 -367 632 
294 -776 604 -402 343 819 -26 973 -827 674 852 186 -517 -107 -311 443 389 722 -574 -466 -818 500 367 -450 296 356 -651 113 -432 862 -764 720 912 950 -103 -33 831 782 -984 -32 -924 -244 393 378 -740 -175 682 -61 620 -66 233 -941 505 -951 -172 -174 121 904 960 -128 -145 -997 -117 -890 32 -633 -197 -102 499 52 281 -478 772 -760 -911 -353 -224 -135 358 482 820 -742 239 -698 -965 874 441 628 875 -87 -680 -285 570 988 530 771 189 337 -46 56 
772 928 -871 711 775 -524 -338 589 -701 -997 62 -64 -930 -876 161 954 570 565 232 205 -567 -517 -359 801 465 -85 -78 -310 -602 369 -371 428 -77 -503 -432 413 -43 833 -521 -41 -873 834 812 975 808 -483 947 -443 903 894 -496 180 -60 -110 -562 528 -580 -391 527 664 -983 -149 152 970 970 -566 -112 233 -714 340 227 -91 -630 -751 137 -992 -695 727 312 60 40 542 -734 702 78 177 -587 -701 -969 -457 772 575 -192 44 989 -310 -743 361 -577 -437 
319 896 -924 752 -354 443 68 -729 -393 659 252 156 -156 -33 -863 -874 829 -811 229 308 2 -407 434 -232 -484 792 457 233 502 334 -577 -204 38 -742 796 450 2 14 921 581 208 820 -475 244 -495 -939 699 168 642 611 403 -266 -375 264 774 -291 41 967 -558 -43 -552 -120 721 370 -616 -705 -192 919 985 825 -669 487 -414 -275 -326 266 990 266 -536 386 224 -979 663 -93 632 -99 -420 690 504 -297 -14 -815 -573 266 594 -919 57 -280 -587 -99 
449 -388 115 401 544 -874 -589 -883 -93 -809 -393 104 536 117 -570 827 -179 -916 -930 938 949 -981 813 -851 -466 -532 321 -99 -548 -347 -273 -80 -560 -86 -85 -634 -170 -701 -71 309 258 889 681 -296 186 -914 -785 579 -453 -669 -73 302 831 -428 -84 266 -869 -586 487 -868 -596 -566 623 912 266 -9 764 -880 -396 -168 -709 708 3 -13 -716 55 -305 -701 408 -780 976 52 115 709 -820 847 -91 -197 -445 -562 475 878 463 168 -66 -594 57 213 904 -326 
789 -55 -288 272 -415 -266 454 740 -849 -890 -167 590 198 -840 -581 -279 356 580 526 600 61 925 -946 314 -661 561 -992 885 147 107 -693 -951 195 -622 -843 -799 685 125 319 -655 -942 314 464 793 259 506 563 707 428 146 104 -176 -603 -491 945 509 657 637 848 468 85 -981 -482 -17 -460 -860 311 -239 841 -601 876 9 820 -614 -764 -118 -417 -344 391 597 72 -406 -367 -382 -324 401 760 -790 -549 -887 -609 229 -977 -555 -483 -501 89 74 -244 -997 
-905 219 868 -754 482 -671 340 -136 875 914 -886 40 314 330 -67 -16 -1 -501 216 990 -58 838 -420 -842 750 -270 969 -257 669 576 717 887 908 84 -828 188 -667 -253 -329 -219 -388 -480 798 224 269 860 -652 732 -874 -678 -812 -681 -796 241 -547 885 -182 349 -905 674 -800 -435 -690 -863 -411 -660 -995 -909 -874 -619 748 -287 -13 15 675 67 192 -824 903 -501 209 -385 -913 845 978 306 -673 -22 -971 371 990 -583 497 -550 -69 -248 20 -120 -904 -777 
-882 -428 -561 -491 -944 -409 695 -260 669 186 -394 468 -701 -205 -496 -633 249 71 847 -676 -115 -65 714 -642 -910 281 -515 671 -570 -144 -943 -778 -587 -182 -339 -632 406 402 816 -87 -956 -80 -422 -383 -795 808 -907 -270 962 -305 -818 123 -119 -698 -281 -805 -589 360 -272 129 286 736 280 914 590 -868 180 836 802 918 332 270 326 942 -225 -683 221 36 523 733 -312 818 -838 689 -738 -378 -755 -938 -923 514 138 548 -995 588 745 888 -93 -358 388 -249 
849 -662 -981 -289 -911 406 645 -124 540 407 218 749 938 184 -813 -674 458 -165 865 -696 581 177 -898 -276 780 -706 -927 838 317 634 136 -448 595 -635 350 -501 147 188 -168 602 435 -577 -829 -466 -146 -597 513 968 715 519 -195 -281 -581 -139 -857 849 -678 -22 20 440 -984 -691 393 -336 730 41 -139 -738 -749 -872 487 -279 598 -571 -876 479 -670 170 -306 -91 -922 -731 -250 264 471 -713 768 695 -549 -97 -646 -873 -569 -368 -559 228 387 -238 -753 -147 
858 328 326 -332 -719 952 907 -457 -688 -118 -613 211 652 528 -999 -592 750 -763 -583 944 -468 -417 384 -252 -541 -904 -652 -519 875 785 354 883 -929 -744 868 904 -497 864 184 206 805 27 580 -453 -863 -862 166 102 -62 -498 853 885 -44 -398 -560 -12 129 865 -854 -483 -983 275 350 688 191 -476 -634 804 -149 701 311 -912 492 -860 502 57 -895 486 -218 -28 860 -39 -126 146 735 -440 730 97 -842 396 475 845 307 768 807 812 -905 618 -479 -254 
208 221 -322 995 -994 -734 -557 -885 -867 -489 416 182 995 616 -765 -724 430 563 686 830 551 -627 -4 151 83 989 656 0 22 -918 646 -827 662 -435 -279 -570 -294 -168 583 -811 -992 -85 437 -387 722 274 -195 453 -421 562 -6 559 738 133 741 -297 140 213 -110 524 879 66 3 -80 -712 174 704 145 -194 799 633 545 -550 -923 852 545 -372 -843 386 -383 -825 -809 452 3 -490 -196 -79 -215 194 109 202 -322 -749 431 633 -675 78 -513 -344 146 
-627 -17 752 -120 672 648 728 764 -197 -987 452 -108 363 -112 -441 473 -247 32 -46 -516 746 445 -820 -530 -474 985 -623 43 100 -702 364 -298 916 -320 345 832 159 933 -591 -159 -223 224 240 383 605 948 81 -39 -915 710 -725 657 974 309 917 421 460 -226 505 917 -199 343 68 365 514 725 -612 814 415 -440 338 -775 -325 256 544 -797 20 -912 -674 375 -698 -869 -934 -124 490 403 371 -493 767 450 -196 657 -430 31 489 923 -415 -68 315 -77 
-91 -380 160 234 -822 449 97 -882 857 -933 182 -518 -450 -313 196 183 403 -359 -241 228 -744 -746 253 -470 45 -665 -767 -504 -630 -112 402 -369 387 -281 972 794 -149 269 -187 -75 -693 912 305 -98 819 729 -323 635 822 -628 -584 931 -803 -78 -575 -431 -728 -438 600 739 417 900 379 -284 825 324 -822 -93 -940 767 933 -152 129 668 84 -796 -587 -192 -23 -857 -662 -642 936 207 486 854 601 441 -408 821 815 319 735 241 -209 73 -564 -287 -323 460 
991 215 -64 964 121 -289 341 286 -851 -644 232 -628 682 735 -301 -379 196 714 -352 811 -869 -149 219 -170 -98 718 170 603 921 -227 455 -450 -127 -467 -653 -714 733 -583 623 900 804 -738 -895 549 853 -500 263 768 -1000 -83 597 324 -442 -137 876 -163 3 -237 -799 -529 664 829 -707 517 999 -932 416 -800 938 882 -896 960 -434 196 -718 663 -332 -684 813 -575 -759 9 -997 -902 -142 -874 756 -879 344 479 -773 221 -718 -305 -161 976 1 795 -639 -111 
761 -398 -264 933 -583 201 114 302 856 -314 83 -638 736 709 -581 -143 -22 -907 249 775 -788 868 718 200 793 -593 585 367 -974 426 -284 612 -16 -343 601 -173 427 -691 -673 -586 -8 546 -344 733 -404 677 -929 -15 135 -658 -57 -427 567 -129 -304 -179 -210 -909 677 -262 -559 33 -413 -931 650 834 373 -377 254 726 578 -357 988 -682 -120 -544 30 -449 -102 164 -677 690 -69 774 652 -161 -642 -268 508 695 -515 -92 0 262 -659 -653 409 697 735 -923 
164 -377 390 886 -592 -384 -126 -337 -54 473 992 94 185 576 -62 279 -596 181 838 -407 -695 -644 799 540 -190 -527 -756 -152 767 468 56 371 -542 590 -298 -856 -475 326 -217 397 483 683 258 930 -832 -245 459 834 391 -969 -999 643 917 -779 814 -562 1000 721 984 745 -867 -505 986 -649 -81 -348 787 -841 574 -143 436 24 567 553 148 137 576 -364 349 890 656 -847 880 -791 130 -898 790 261 -927 -231 -863 -661 534 -950 -240 -204 -640 176 347 -339 
-773 -973 524 -652 -637 812 598 179 -414 863 -91 -861 -382 -638 517 -12 -491 -892 -457 930 -94 79 196 861 -362 -281 -505 872 106 -790 -337 -644 698 909 -340 782 -402 -989 108 -358 -764 -753 -510 -117 -165 660 125 -310 361 852 -440 954 848 -707 437 -999 813 675 881 -125 497 568 815 754 -409 -145 57 -906 399 223 -822 -299 487 737 -332 708 193 -894 -874 546 814 -977 -294 -485 -165 -55 -599 -48 665 476 -560 -964 -279 -497 683 403 -545 -490 268 -49 
222 3 -398 -516 147 263 292 -612 678 -824 559 -793 -229 -734 753 726 -37 -45 -947 653 -455 -617 653 922 92 80 617 583 922 -355 -567 -577 315 605 855 934 145 -905 -216 -161 -103 122 -740 -483 351 -528 798 -242 -39 -46 992 860 257 388 -537 -817 2 -58 628 353 -374 -9 443 947 -73 -381 -507 -82 -400 984 403 384 28 281 182 -674 912 -815 -378 -629 -41 -985 -931 787 809 383 468 -354 -194 -974 280 15 -260 -489 -755 972 -354 565 -793 -850 
-415 -725 330 -811 -120 -199 -751 292 721 16 41 533 -494 247 838 907 253 -924 515 54 -718 -91 756 -903 830 -783 893 -699 -231 618 885 26 -462 -8 90 -779 925 180 276 -374 -261 210 -389 864 -120 -322 -756 873 -941 -621 -468 989 777 66 -173 -66 -202 -937 199 -138 457 221 -501 250 -631 -740 -771 16 604 -511 -289 -142 -178 804 -998 -742 -698 17 469 -205 -336 205 -732 -423 -534 76 531 -622 -251 583 -304 -736 -928 -550 -172 61 468 54 -305 -881 
-170 -478 -853 138 -502 455 872 1000 856 -944 -886 724 -632 328 -406 723 -739 328 -229 -427 -11 861 761 -627 -933 -225 593 -45 -833 -33 -972 -260 219 723 936 -52 81 -406 867 93 -725 957 -791 -665 800 -933 -954 -966 -205 606 752 586 174 497 923 -398 869 524 -407 585 327 214 -441 -533 884 899 -386 891 -821 -616 -235 880 -941 351 -27 -953 255 -815 -828 -671 -312 -960 840 -881 127 -383 -327 -655 826 -43 -406 61 645 866 280 -560 676 -381 -392 420 
-457 -169 -840 939 511 599 237 -955 -813 668 -720 141 -81 -405 177 -556 -35 603 -654 256 -542 -752 -467 169 -260 -79 -145 -128 -373 938 353 161 -278 -780 -908 -546 -804 -729 595 -998 834 637 -120 185 -219 436 -275 985 -128 -546 -717 957 852 -889 728 309 990 -433 -496 -866 309 724 -82 -720 -20 402 -85 -163 553 931 -431 -845 29 349 -544 -809 205 -899 -161 -276 -565 287 791 771 145 300 -772 603 416 57 -176 -440 -137 721 -275 194 -641 -843 884 -303 
-724 -573 -316 -620 340 -173 -880 190 45 784 706 -639 560 -876 414 688 889 -532 -817 -538 -506 -134 453 591 -453 -525 461 541 -831 189 657 -86 -510 44 -768 -443 -554 -556 -476 284 678 52 -585 680 375 -283 555 -310 -372 658 255 863 10 -817 232 -171 607 162 332 -461 -71 446 -756 113 -705 361 211 -376 797 29 313 518 -134 504 190 -718 705 -222 926 892 647 -794 47 -728 -550 778 382 811 492 -393 -698 744 -140 -858 803 -746 -958 -874 60 -967 
949 -817 -536 -893 325 -389 -929 750 94 -319 -785 330 -1 -567 -945 298 -216 185 318 -252 556 453 599 764 -36 -163 -490 -966 962 -99 51 33 -804 -738 -759 -81 -121 850 516 988 695 723 735 785 -25 -527 -434 -85 526 615 553 -394 -978 -588 557 663 -11 -720 366 -402 -794 526 -762 -939 -519 -389 -451 -847 -728 555 447 824 -426 -77 -766 941 327 -293 -45 105 -888 176 458 -603 727 -398 853 -609 -62 -678 674 -350 614 -656 699 -773 -464 -206 915 756 
796 -185 -253 -837 110 -448 -99 -445 -586 723 -101 780 -931 -942 -97 -655 877 744 -275 -432 -208 -66 602 -117 611 959 -887 186 393 399 -873 -547 76 126 -240 58 -515 -5 822 -712 535 -999 476 -660 321 112 -689 -676 306 197 -233 -247 -923 -462 -131 223 272 -83 -689 67 -231 407 379 386 -71 315 -802 191 -554 -700 991 645 249 891 -91 744 142 -47 -772 -133 417 -195 201 107 627 -259 514 190 853 459 877 -249 -9 -90 991 267 -961 -286 920 -263 
-324 -481 -900 86 824 -944 764 527 -233 208 -567 339 904 -830 -602 -691 179 326 740 -476 -378 -467 989 -242 258 225 -917 337 -2 350 449 -643 333 758 653 815 780 -69 301 -432 -191 198 965 663 761 245 753 880 54 -657 513 790 568 -502 -389 472 628 757 -871 -415 -839 575 -800 948 -56 736 -730 -773 -16 551 954 -567 -412 89 856 446 236 151 -894 384 296 -687 465 95 -619 -191 -893 840 745 -245 935 -116 266 435 733 -557 -124 -122 908 753 
578 -337 8 -453 -497 -905 -41 -365 -241 -574 242 502 -622 970 532 521 -916 -697 -555 -621 -402 -188 -65 -815 691 974 127 746 207 480 8 628 -708 427 -951 -282 -361 145 -251 950 -522 427 923 37 45 361 -274 -957 1000 442 -19 100 -799 -347 -252 -170 653 609 539 -170 614 -13 -726 558 800 -544 -853 -839 0 -433 -151 14 716 -727 54 172 771 267 -902 -624 220 934 -720 -141 70 222 863 539 640 -906 -263 765 -625 450 -47 -379 967 591 771 -208 
-347 976 693 -78 -835 332 839 15 378 -722 -96 -344 -460 -337 -779 604 -359 -236 -284 420 634 -432 293 561 219 -883 972 852 739 668 749 494 -184 559 499 726 665 689 -179 -24 -597 -923 -781 527 221 9 -906 664 51 -347 827 209 -572 -996 577 -673 180 845 987 -598 -158 -627 795 922 -280 -532 -727 -472 900 582 798 985 -935 -500 43 132 836 381 -604 -178 -677 28 963 99 310 -674 99 36 190 -619 342 919 307 196 -871 952 -305 240 684 -708 
-167 452 -283 463 -579 434 -498 24 305 -813 690 175 246 -750 -900 -625 849 -55 344 355 -155 -982 194 -248 382 -350 -384 -179 -808 -159 430 842 792 916 -296 574 620 540 -484 630 422 299 -44 221 -591 802 344 -136 -518 -44 -700 -299 93 -727 -218 -780 -366 -514 120 554 69 -724 -4 -577 279 730 107 -630 652 564 -107 280 -423 -167 -712 -999 -504 782 171 388 311 -265 -610 196 569 -742 583 650 -493 42 -307 1000 -199 753 -796 673 -629 210 -689 609 
624 -22 -345 -493 -439 -64 -558 892 -24 151 929 962 566 193 615 -844 -288 -585 26 -122 238 319 323 978 -156 289 -264 -795 -872 -289 227 214 574 -113 -959 591 -165 117 -115 787 624 -874 -777 318 -176 253 -850 969 -977 -777 -256 710 494 -2 492 -227 -508 259 671 -690 -992 -794 -737 373 -725 -426 -588 814 953 -361 -237 -206 492 627 -652 -279 -966 558 74 264 239 802 -11 -355 458 186 988 954 -961 -994 -998 -136 -531 -828 36 815 -522 303 809 -67 
-936 963 -862 665 -764 143 91 -982 26 -95 -786 -446 506 -257 924 716 -240 177 994 -542 607 -465 616 936 776 -37 -595 336 -894 667 527 -566 -971 348 -77 542 305 -4 -576 -369 51 -838 764 178 -733 -337 -909 -379 341 -833 131 397 705 -489 989 -530 293 157 939 782 -62 839 -383 95 -275 -406 -529 -66 588 218 904 178 -325 -841 851 946 497 -175 -52 920 -306 975 -564 222 -434 -713 -242 877 -708 -719 638 789 723 -863 -312 765 610 341 257 688 
-827 814 -282 -633 666 -220 409 957 -767 -147 -600 -364 -496 -92 515 -609 121 961 458 61 -894 259 -904 217 420 -457 936 -817 66 -542 425 -758 445 605 -659 699 913 -372 -297 -571 -132 993 544 -861 528 -821 -412 627 -111 -229 995 876 523 -506 -107 99 -84 -511 444 -226 -23 -58 -628 -628 970 -414 892 997 -341 790 427 422 690 649 716 465 -673 38 532 279 -736 865 504 89 888 -213 -369 -452 -731 -825 725 100 804 460 274 279 -827 966 639 -650 
-504 125 429 599 -119 505 -463 315 709 -849 494 60 -118 830 -43 -922 -198 47 652 620 -66 93 -562 651 633 485 244 -645 -907 967 510 822 637 -466 704 204 489 473 -807 581 -911 556 -602 950 -318 949 160 -539 552 -724 211 -517 -716 -342 632 650 662 876 -722 562 281 780 856 352 194 642 -498 864 -507 -186 306 986 -785 842 -376 -747 861 265 50 131 89 -147 513 138 933 189 -812 617 -663 -171 908 279 -143 168 87 -575 -590 296 -225 294 
183 -418 898 -680 -89 -997 -499 459 68 -782 -946 949 702 -376 -138 -214 -114 -632 790 -271 415 791 603 -484 -586 -201 109 847 712 -763 -723 -10 167 25 712 76 -132 -864 420 887 -33 182 208 475 -13 951 117 -543 -341 385 -768 -474 -792 332 -328 18 51 311 -859 435 677 -870 723 -932 -883 208 -809 536 -441 -639 19 -717 24 645 -315 -428 -829 -88 -851 342 686 -116 -333 -306 -545 -407 -843 -906 719 52 8 -488 915 952 693 986 -299 -512 841 841 
-45 -333 -217 19 -228 220 -826 779 -709 664 -89 -691 -635 -508 -829 558 -846 137 -301 -703 -424 265 -736 -228 202 105 739 -939 185 204 219 830 -480 -341 -491 -911 -28 691 -451 362 655 -40 -34 -797 -187 574 -248 950 -18 -248 867 859 576 856 508 37 -23 989 -614 72 989 -268 -272 534 -78 -249 711 -23 -331 557 61 -337 -851 -72 -738 262 996 -94 -513 -467 181 -520 -800 471 57 667 -648 848 -567 519 860 92 837 429 2 -56 530 311 -677 437 
-745 356 -570 337 -209 -45 -952 608 -84 11 -961 349 -201 -84 -231 -854 -377 -919 412 73 -724 383 201 -302 911 -452 55 12 -693 -857 -969 -520 -536 664 466 987 78 191 -790 -568 451 -554 -648 200 595 -769 437 -927 112 751 -10 -717 862 -509 984 398 666 -350 251 926 496 875 666 -827 -333 240 -591 811 -309 271 -374 162 588 262 80 511 -906 26 305 158 -488 541 -59 -145 36 -866 108 -938 -900 -654 -313 50 20 632 371 310 730 -143 483 -695 
-559 -382 23 -38 -628 -674 -163 856 -211 651 -282 -390 -257 898 -893 751 -213 629 -910 21 -707 355 273 -120 -327 -387 -474 -261 -61 -691 810 876 -381 -187 -900 582 -950 -863 -245 -588 -823 -378 -954 699 332 -490 -422 -64 322 -704 -491 516 107 892 766 295 941 -914 -726 331 70 944 -697 -685 -616 799 -496 673 -215 830 146 146 885 -229 142 278 908 -36 -983 -889 283 940 -782 -164 -739 -588 953 -500 -738 -134 -62 -51 268 651 962 726 114 -125 651 -729 
950 -765 -729 -667 670 -484 -181 -207 -85 -257 -957 -428 -422 -55 235 201 246 -143 686 -897 853 7 889 -11 71 -651 -662 919 290 -209 -519 -840 -783 -432 926 -527 850 149 924 556 969 614 546 -753 -461 -746 91 -971 -807 520 377 -517 -828 505 -764 -916 -928 681 -34 -938 -773 614 748 687 -937 -785 524 -130 -966 435 536 258 -735 -884 -935 -732 364 -430 -117 -38 522 836 414 -710 485 766 175 -38 -329 -189 -374 479 45 -725 650 877 949 -535 -693 -854 
13 608 -791 515 -172 -87 601 986 183 411 -689 131 -538 -814 740 320 527 -592 624 -957 -901 371 781 249 4 330 960 106 754 -121 -37 934 -57 -522 727 -599 -143 -505 430 223 389 757 583 -976 -280 41 -649 -167 928 -980 548 -524 509 960 -696 460 -709 957 613 832 -656 524 -183 -541 -532 -286 301 586 177 989 632 763 442 323 954 -757 -194 -842 751 -50 -889 278 126 -461 425 -817 -673 -174 -403 635 394 -195 579 -482 -67 -908 691 -264 855 -903 
-484 73 498 -965 -410 959 439 -151 672 825 44 648 -46 334 260 -398 -564 -808 670 792 -37 812 43 -694 279 -711 815 -558 598 672 839 460 9 428 -338 839 814 21 -935 -501 291 368 -790 -478 38 688 984 -872 314 -167 -753 -206 578 509 -331 -708 430 -381 -324 -529 -377 -749 -961 -939 -550 913 170 440 -488 -527 -79 -935 -12 750 975 -583 -548 -878 616 913 342 -662 -679 -282 -317 -655 -916 -131 -496 977 -812 -113 539 -294 -496 -962 -634 -443 165 751 
946 -578 -627 -136 -238 632 231 150 639 -395 819 20 -790 195 -981 50 173 -515 854 -100 -835 -283 468 -961 110 355 85 632 137 945 -841 -179 67 -68 685 740 424 558 -825 562 562 375 300 -524 -395 -415 770 332 652 -561 -219 312 959 567 -737 305 -684 139 422 -372 -554 -681 -153 684 -360 -634 -50 304 -535 701 389 -653 -791 -635 -429 647 -650 -850 -511 -900 724 458 576 417 -664 789 -772 900 843 -193 185 -828 692 -755 -828 766 -171 615 -366 953 
-172 -573 -929 -17 531 371 102 174 -71 -350 -718 -277 307 -407 806 -106 577 242 -1 -935 620 -839 254 482 -653 -723 944 -983 433 634 -638 -618 -986 -705 -54 -712 -812 -170 -821 -368 -762 -61 240 693 -967 657 571 775 377 -627 909 -861 350 686 463 -16 -593 -576 737 -911 725 690 683 -782 501 -452 -446 -199 177 78 -464 100 -849 -382 -569 -358 -680 -205 -352 -527 -863 667 997 899 -469 126 -242 -874 638 -881 530 37 -745 -771 -604 245 -645 599 -263 298 
-536 -161 -555 732 60 -647 -421 -641 769 -340 443 59 626 840 -179 837 95 898 725 -406 -353 491 118 -204 -155 -944 -278 -563 -966 -433 -857 668 353 -191 252 -389 346 -621 -379 -702 -644 -108 -640 380 24 -857 -374 192 -842 -473 524 89 -266 826 857 -600 22 811 -440 627 975 -943 365 158 -912 647 313 9 -365 -511 555 -149 866 745 78 -780 255 -371 76 -803 550 -52 660 832 473 867 304 332 -373 -254 -98 544 -533 353 398 514 -467 2 -56 120 
140 -407 140 -448 328 353 -540 269 -138 -610 -905 140 -786 -157 -554 787 -412 539 446 840 -320 486 694 -196 -737 383 664 -162 -17 -632 297 -782 277 408 281 870 658 509 297 -635 493 569 -870 394 -836 -123 35 -106 -738 54 275 919 994 807 -974 163 -504 251 -190 -890 819 686 572 17 189 -136 637 -242 -731 -23 155 632 -40 -643 -879 -826 -688 -295 -355 789 -347 -967 251 784 -392 730 -303 -487 654 997 -72 458 107 -829 -518 -485 0 -550 -824 166 
-341 -492 932 -578 -864 -900 -181 -959 -730 714 730 803 390 49 -890 116 900 -814 955 538 -955 742 563 -899 662 808 -202 761 674 -948 181 734 713 285 -111 906 436 345 -702 463 90 439 -9 -62 221 65 517 370 -238 802 957 -206 167 -971 -17 922 220 819 -261 -371 -111 -41 -101 560 -730 484 -282 788 569 760 -694 -921 464 642 -951 -211 1 -352 -278 255 654 -208 -61 -940 161 -673 651 273 -786 765 83 -173 -250 -112 -167 456 996 956 193 -53 
209 717 -878 670 946 -792 -913 466 -793 896 -506 -64 -668 -342 237 -573 -290 -952 -859 -696 137 808 -498 605 -395 51 718 517 -730 -588 921 424 589 -777 143 830 -742 -848 -573 -206 -625 -847 -518 867 -299 555 112 -337 317 418 -801 209 -971 -633 -796 75 -415 548 -706 622 225 3 -509 -506 -919 -126 684 625 -174 -955 -370 -737 654 -167 -266 -681 426 -971 -294 -971 -813 334 787 379 581 586 -625 720 914 171 664 -673 273 738 517 -207 744 -506 536 -10 
-633 650 -264 641 567 154 -589 154 193 -42 -110 -451 -792 -420 788 -721 522 -873 -523 320 -787 180 -98 799 139 -280 138 239 -578 -697 271 -647 -424 161 -447 900 528 -973 34 260 644 -788 98 220 604 -848 773 -530 878 -243 169 -506 651 39 -598 330 235 -643 342 -600 -644 -75 358 -881 -919 -927 201 -44 141 222 -399 890 153 980 389 -373 898 578 381 -131 354 982 460 -841 -691 558 967 -767 -929 464 -413 -163 -848 -74 490 -693 70 246 470 428 
-588 -534 748 390 36 587 897 571 -961 785 270 911 477 -427 -939 -662 -195 -748 -660 800 -343 650 49 563 -475 -452 -700 -215 718 -320 -495 28 241 648 -852 584 -745 -876 301 -817 373 -269 -455 114 -481 497 -76 764 -205 886 -148 325 537 624 -381 233 -826 164 367 -768 590 563 621 -330 -591 30 -677 -686 -661 -864 958 677 993 -848 381 435 159 247 885 -211 554 -418 -160 489 -279 521 218 -479 757 845 396 80 -833 868 604 261 512 -883 -19 280 
432 -361 -240 -775 884 -481 72 -550 713 -969 302 256 17 229 -965 -24 -16 808 264 413 694 -288 -199 533 -656 -504 -47 -894 259 -385 -407 712 552 16 972 -826 -686 991 -544 172 -685 -711 24 320 41 -816 14 -809 -99 644 29 973 517 760 -72 923 -51 -900 -100 -915 235 -163 177 848 -799 -924 -944 -299 -329 -575 -642 186 -184 -192 914 -728 493 172 -747 932 -813 -323 -719 -869 -555 -294 -312 -93 616 -679 -444 -580 -58 -19 -263 393 -312 -390 -420 463 
-940 737 -651 989 36 -46 224 -407 -59 38 377 -524 854 -132 -977 619 -536 367 411 732 680 241 -782 733 437 -353 837 -379 600 438 537 -129 -65 615 -866 149 734 727 -993 -885 -370 -925 90 803 -654 -78 -255 -89 637 804 -59 -853 893 -51 716 688 -837 -717 459 386 -459 632 533 326 143 728 -803 -572 393 868 -32 -599 972 -787 -164 -987 -608 -388 -966 417 642 756 628 930 -755 282 -613 -743 677 871 85 705 758 -650 979 839 -26 569 164 -767 
-883 138 -3 587 632 -925 812 -315 -241 861 -560 739 -102 575 290 218 -393 664 204 -261 -577 444 -437 370 -721 671 843 132 -551 877 -895 -224 243 -416 68 -914 -986 202 735 -445 575 -294 772 848 603 -27 -635 -45 -679 -795 -301 -103 808 844 210 -213 73 681 714 -846 601 -430 -806 797 -347 209 -985 -982 -978 213 -176 313 111 -50 -937 390 29 -441 -493 -130 979 -523 -883 182 54 939 414 483 -415 642 -415 921 102 998 -426 -588 -737 -308 -767 81 
-254 717 326 617 -331 223 -715 -364 -103 -793 93 -814 739 -316 975 -868 756 435 -624 882 512 -32 363 -401 -573 398 -243 831 352 844 -121 -384 534 906 -171 765 -569 128 -838 -394 957 -692 -118 -843 -121 220 -773 -466 -933 874 -396 -389 -577 -435 652 246 -626 -835 -79 -672 179 -707 210 27 -723 414 81 -5 698 -785 658 -981 772 830 991 -88 -315 -931 109 269 390 -920 -855 -442 -739 71 -27 -185 332 -375 -435 -752 395 345 -63 929 212 -27 -226 293 
