-110 -525 -703 -388 16 -16 -77 -353 -75 866 -304 811 -786 -827 -866 300 363 -300 124 136 -344 803 -234 -839 901 -652 282 590 721 450 -454 231 -515 221 183 1000 -868 -586 239 -585 -407 -463 -216 696 518 202 -465 370 -3 519 -475 326 -301 131 930 -461 100 175 830 305 -192 846 -640 602 -220 329 475 7 801 -660 746 -995 129 208 703 -470 -517 873 401 855 -912 796 -98 -948 -437 -344 -831 412 -395 -330 -447 262 -847 -956 -913 829 -410 -307 -25 6 
373 327 -623 -615 183 -187 -520 -620 -755 -882 356 80 363 -701 17 -293 -916 432 -397 881 -163 -104 952 -181 694 483 -571 201 -631 478 275 81 119 -44 843 593 -733 938 235 -117 -927 185 670 471 237 891 784 -307 -111 -821 -519 818 725 64 222 -356 -313 -171 -775 -92 743 632 385 714 -685 -399 943 315 663 57 17 305 -475 180 -629 -26 -50 -970 897 934 -644 424 -752 120 561 -758 -819 -243 653 -361 103 -30 626 547 -382 832 202 -636 398 -388 
-247 290 246 -23 -138 728 937 -240 -522 492 80 -19 -904 -395 275 358 -828 -832 671 854 -82 -829 175 -11 -267 -868 745 529 307 -910 223 -34 628 -813 -733 108 854 962 -267 -134 386 -379 191 839 501 -417 778 -380 -523 323 81 -39 -400 -907 -192 107 401 -95 320 -703 747 -366 -542 552 -800 471 976 -625 -936 806 867 773 -999 -964 98 -791 -576 -206 -870 539 -364 306 -708 367 -79 -630 624 -672 -776 926 -657 -301 563 -565 -147 -498 309 -142 781 544 
859 -689 38 884 557 -28 858 -883 -832 -62 -329 -963 -689 -862 -630 -651 -976 -516 111 250 305 885 -584 -257 522 -456 -1 -807 -365 52 -217 -158 -524 -44 902 945 392 -334 662 478 418 129 33 204 624 -105 -426 -975 329 476 394 -92 -69 488 -19 65 -976 -692 197 121 199 -486 112 380 131 467 -929 -477 718 -202 756 839 319 -319 4 339 -727 546 -261 -403 603 -53 -963 693 -644 482 -799 317 -227 42 353 781 -909 609 558 -644 -831 52 -501 880 
294 332 -673 37 293 -222 -167 486 -638 -252 -395 -907 -197 321 378 656 -428 -977 -666 -793 834 692 -435 367 -385 -86 544 647 -562 967 -710 -196 224 142 111 695 256 816 497 -372 -156 911 -483 773 -483 539 -497 997 625 -820 370 -719 -40 267 -921 826 790 184 940 -389 -780 -839 240 947 574 845 -911 -406 249 823 -779 64 268 832 -768 -109 683 -285 -299 -755 253 400 447 567 -393 909 918 -282 -56 334 348 -95 279 -57 537 571 900 89 529 185 
-928 -522 -838 -262 540 -246 -323 940 -323 -453 121 6 -863 535 -738 147 155 -760 -428 -686 -66 -220 -919 -71 878 400 296 -521 -903 275 -343 -260 366 -702 -78 -86 -788 -966 -4 -409 -436 269 -999 327 -105 -459 359 558 430 584 -128 -218 783 942 320 -966 -166 -496 855 -878 -653 -693 280 295 -990 714 878 -191 789 633 506 -63 -17 -785 83 736 558 142 261 -279 685 -364 -317 924 25 487 134 484 -703 544 -172 -235 -428 683 -514 -858 -2 736 -126 -312 
-78 886 -240 -219 873 895 -66 -405 -146 -390 -449 -780 -765 -959 -802 15 461 939 -908 -398 138 886 870 -70 -35 642 594 -237 351 185 876 -410 981 565 -680 -367 -50 -441 -447 603 676 365 26 -345 196 -564 298 -836 307 -339 975 -366 -633 -689 476 111 151 -148 236 449 -454 -61 -262 -469 -454 -330 892 -218 896 63 650 701 -60 822 -233 -478 634 -961 -703 -801 -833 -348 111 463 -97 249 138 976 844 -823 -973 -173 -470 683 156 -989 197 -956 61 115 
860 -549 717 -815 363 99 677 -7 -570 620 -241 -7 -570 47 -294 49 950 -460 443 627 83 -732 -830 -416 -715 -966 -206 346 -802 799 988 862 551 596 641 -272 -131 300 193 524 724 854 -741 -897 -59 -503 719 -331 57 -297 525 438 -942 -109 -453 -688 -366 -113 -351 48 -646 680 -432 -357 -508 666 669 969 998 -369 183 441 -102 -168 17 -702 156 -266 -909 -572 841 -192 -177 860 922 772 788 -308 306 528 -592 -65 -780 834 -657 612 -823 -178 218 261 
-203 -362 171 -800 61 -858 570 435 -369 705 -409 -618 310 -171 268 525 -802 -25 -824 -656 -978 484 751 514 -682 -164 485 -67 -405 -304 -45 -741 631 -611 339 787 276 -762 -493 963 869 -392 -154 -153 290 -691 -662 32 -62 -972 864 -693 -518 -617 74 460 -606 231 39 39 -980 760 -915 -595 -591 -148 -185 -961 950 878 746 -424 272 -512 -623 -7 -108 -356 -819 -540 308 275 232 -118 406 812 718 934 -85 -756 -682 872 90 -738 170 947 -224 -848 -636 348 
999 49 664 -278 -254 694 -342 825 625 861 -648 -974 -272 -785 -474 -133 -275 283 -294 458 -504 710 -357 953 -239 506 362 979 460 225 749 -275 -900 222 630 -718 438 40 -549 -91 345 25 -103 -476 451 -620 340 -135 -825 213 -539 185 -441 -383 -735 -846 590 -405 130 -899 478 727 -288 -840 804 384 415 206 -620 678 822 678 598 -218 438 245 -948 392 120 502 -307 -673 -843 -461 292 -453 648 -123 -389 -866 -630 669 634 643 69 278 -168 188 956 893 
-408 514 297 825 -333 235 -234 75 833 57 555 -386 -844 -538 -345 -318 -8 898 25 -566 173 -103 -277 556 -426 -320 -740 231 94 -473 -144 146 749 -866 274 -185 -965 628 858 803 661 -112 411 449 497 479 139 -702 -462 342 400 -604 -916 324 -151 -641 -43 -813 -95 550 -45 619 242 -582 715 904 -602 -556 183 -474 756 -109 632 -79 412 139 -960 -238 907 -374 -105 232 -41 -19 -873 -87 735 -940 -420 807 903 -532 -704 -614 898 712 -955 541 723 549 
-85 993 251 863 93 867 468 -633 -542 -47 -110 551 60 -522 690 -974 460 738 362 -115 -732 52 181 -267 -43 -447 11 383 -456 -712 542 238 -424 -472 366 -481 69 -25 38 20 306 -781 276 -189 -367 577 -97 -84 -261 23 -210 755 97 -270 677 -830 529 706 100 -767 -394 -608 542 548 838 -454 -650 -825 619 -56 928 319 -427 -890 275 114 485 -766 -700 -787 -736 -421 21 -531 -427 -2 -321 -934 173 -773 -330 -765 -807 -998 -648 -386 863 625 -146 282 
158 -796 842 -851 379 779 440 -399 137 -948 27 -544 -550 -665 -537 -904 -752 935 547 -130 -370 131 144 -372 129 850 815 31 832 756 954 -710 -5 -227 417 735 -405 760 142 -223 953 -862 976 263 -239 -853 408 -197 171 -447 -109 -387 539 -781 -700 238 -175 293 47 937 932 -785 -319 -717 514 -755 -976 -402 971 -723 427 772 565 -857 521 -235 76 -761 -819 -18 -148 745 830 111 -832 876 -186 -843 131 -826 -513 -105 -112 158 -162 -649 591 -534 -984 895 
-765 477 833 -585 549 -472 -758 -740 63 -399 -873 -530 -318 -548 499 448 -280 -787 854 -738 -534 552 892 -25 -888 475 -977 469 506 -298 194 -896 -300 -843 -188 841 -329 902 -584 42 -242 985 -779 607 534 894 -284 -380 985 444 -69 -455 50 -465 -523 354 -275 232 -26 167 366 -419 -390 184 -50 -494 -97 159 130 42 647 334 466 -296 -420 -832 775 -23 -233 -60 -416 -113 -267 22 228 990 -211 850 504 -571 26 283 968 -31 632 -120 -826 410 -507 -939 
407 64 -184 147 -521 454 -40 728 -967 -482 -311 -918 576 200 -401 585 -282 106 -229 495 187 -466 -112 -948 -444 883 945 268 136 199 -118 221 885 -243 -453 558 493 -574 -449 -421 366 965 -228 375 987 597 -990 -317 479 -8 -89 939 -492 628 -79 -574 -278 43 163 -989 -613 654 463 916 302 -521 83 -158 207 274 842 833 769 -405 980 -589 930 745 -553 -819 718 -652 -25 571 -896 942 22 -153 979 571 -433 -163 674 -14 -114 -962 147 -719 864 292 
-511 963 713 610 735 -134 -845 144 -834 927 834 679 253 -446 -875 -611 528 -128 981 -989 772 827 22 -692 447 -39 -49 -72 -514 564 -425 -159 -777 310 -287 246 470 -287 427 661 59 753 361 -287 -561 483 180 555 -981 354 738 -322 239 903 -727 522 -454 -900 -552 35 -521 747 -694 -302 -347 970 814 -362 980 743 900 27 -387 62 774 289 -298 76 261 441 686 -77 -664 640 -948 -459 979 426 -155 -105 182 -735 159 679 568 912 857 -559 -859 -784 
30 293 -1000 -522 -387 200 -239 -678 62 704 135 534 -267 -210 -60 195 -636 -811 -636 -479 -145 67 355 369 -500 847 -25 407 -598 894 123 3 954 -407 178 472 426 -668 718 835 -204 237 -965 -62 225 962 78 -548 549 499 -515 -718 -62 -848 100 -662 942 -62 -203 -983 -553 771 -207 584 632 704 489 -630 -289 966 -124 -591 904 830 -918 287 -25 -596 585 -627 -537 -585 -302 32 -916 -31 -67 -154 -474 -299 352 -428 246 -548 -175 -47 375 283 -737 -273 
-913 557 -707 407 980 -368 -528 834 74 -788 561 -269 -127 513 -701 -615 -823 829 -294 -737 -74 42 -504 214 965 995 -134 -502 -748 119 429 -600 505 -734 361 -228 -676 960 -225 273 -181 -724 -241 262 353 -853 628 -91 -877 789 -557 -542 -114 153 -348 658 242 -500 284 -150 -884 250 471 -433 -573 141 -518 -51 -553 -221 -331 -168 -516 841 132 -585 -743 493 212 -695 404 881 607 65 606 639 85 -293 524 -889 827 8 126 514 -220 -257 616 -656 97 -620 
-23 -710 192 -184 -900 585 86 -471 877 36 -712 -14 371 333 85 -67 657 888 311 67 183 -822 -97 -143 -626 188 -952 -106 -726 539 -861 641 648 -622 709 663 -415 167 -434 357 -550 326 -19 519 -967 -87 -730 385 243 -145 435 901 -880 460 -753 -619 235 -177 653 -968 -772 -718 737 -566 439 -69 543 -752 -21 -655 999 -934 735 -414 -757 -767 -196 134 -124 -856 311 259 -836 -168 -197 138 163 -841 682 -117 -702 -769 -227 476 -198 987 -416 71 226 -174 
16 -585 551 -952 558 679 -302 -108 196 362 94 319 -609 354 -264 -25 842 227 181 -616 -993 -743 469 68 -831 351 512 200 401 891 -77 -904 761 138 -635 946 473 988 699 -962 460 712 703 -249 -726 487 -672 -576 -585 945 693 40 -219 -236 399 -18 -594 -897 -693 981 818 -684 -970 694 862 62 -270 -53 -913 453 571 239 -548 993 -534 193 371 838 -931 -531 -949 656 -854 123 -542 125 -982 845 445 347 -465 866 -445 455 848 -257 846 361 -782 259 
-387 929 542 93 319 234 240 -488 615 92 -46 73 357 -445 536 687 -296 687 -961 -864 857 -329 -865 472 226 947 -601 -835 403 849 540 279 -106 592 805 812 480 490 -418 643 780 713 -232 -5 252 -924 -774 -500 -195 -42 -877 640 -206 741 991 -846 -392 562 -134 -969 -261 -595 208 -491 268 -871 248 -960 364 -720 -946 495 -876 -137 -768 -37 567 -583 717 787 -204 -461 188 739 672 -714 -709 263 529 10 484 591 221 -401 -460 746 108 -662 -329 -97 
893 -820 610 19 214 256 228 -859 5 -964 -844 -990 646 158 -55 369 -192 972 -12 447 -817 923 982 -445 -889 -813 595 338 338 -603 213 840 767 482 540 -715 302 49 307 10 -304 42 -269 129 -189 169 -456 34 -314 -268 -568 821 -560 687 416 475 334 537 -931 -798 777 -231 -441 153 518 389 671 407 238 243 835 -110 613 395 -34 -129 649 -964 978 -232 647 479 422 448 144 -607 -188 -809 367 312 -291 -22 274 -416 836 -376 567 -431 264 451 
157 -458 788 -248 9 -314 -638 -268 597 936 -408 462 979 120 -995 764 749 336 348 -305 313 300 -626 -644 -56 -426 676 934 581 -351 454 -97 457 -965 -213 903 211 121 701 -219 260 -941 984 -494 979 369 -452 261 85 -638 356 612 -558 -789 940 -316 260 919 731 -408 481 70 -233 279 981 -508 -946 745 -618 -205 -949 -50 -63 -52 -759 321 -775 -671 -70 -191 -64 99 -188 762 -192 -846 412 -210 -925 -319 -596 -272 941 -77 -236 -43 -918 701 748 -622 
973 -92 739 441 -34 749 -299 -979 -62 905 578 126 22 373 379 -567 205 -582 427 -304 -41 545 600 546 681 879 326 -916 845 -374 916 -806 446 -618 493 -932 -291 -831 234 -58 826 423 -406 -610 -434 702 -727 -396 -150 -929 -877 983 -882 -253 894 -968 279 993 209 -441 -93 116 -763 -757 -340 -981 -972 961 -64 -336 -141 759 419 -203 -95 -532 832 -592 651 -829 -222 -153 107 -975 427 -152 923 251 -145 254 -766 421 370 -944 496 -66 -645 -584 -924 -259 
108 608 420 -636 -313 78 -923 399 -214 780 -141 -323 627 -490 -3 -397 -964 -794 356 -821 -585 -792 -472 330 502 -486 608 931 915 -608 370 -505 -816 -136 -914 -754 126 -999 581 922 439 -38 -142 79 -345 -133 191 -895 -248 -25 -330 -956 -923 763 -752 152 -769 -848 -79 136 169 -127 -143 -146 -862 747 377 -517 -205 -77 602 -123 247 -514 -254 411 -646 451 552 276 45 929 -868 355 -739 -247 -830 667 419 982 -278 996 -378 651 24 -305 -83 -601 -762 -589 
738 293 549 -371 -591 -123 869 -736 -543 -400 -765 524 924 382 477 -715 421 -742 552 -494 -574 -242 -62 292 -773 846 -83 644 -123 716 926 -546 -801 490 -112 -99 -830 -559 371 661 -74 -938 -908 -601 -522 230 -917 -24 209 934 -567 658 884 -414 26 -108 233 19 405 123 -581 -510 197 132 -768 966 -350 -521 -948 748 688 596 513 94 375 -482 -431 -770 -368 -64 -833 -104 -168 -322 -842 625 -165 -262 8 707 -589 710 -392 960 -489 307 -774 -389 118 -130 
595 -820 -264 96 316 -358 -167 464 -21 647 773 -471 -872 -557 -881 -996 416 -337 -600 855 665 -171 561 -412 -95 -924 956 892 761 723 839 -783 542 -889 -166 -633 715 697 -708 -451 413 -352 -905 -968 -223 290 -717 992 -97 -84 -791 -810 290 -751 -883 586 616 590 -686 -93 -420 -102 686 -714 -58 -342 -927 -324 885 -351 651 -325 -955 -840 -982 831 689 779 -569 980 -702 -945 -396 -681 69 473 -676 818 -493 -838 760 64 -366 -182 -415 -802 -734 -611 765 90 
-909 906 -590 889 873 -156 879 208 -428 -837 -815 222 -757 -722 -605 485 33 -518 994 -483 -974 -187 34 -407 -852 441 115 546 -601 -172 -592 702 -860 -295 -362 543 -318 -102 -430 89 963 -581 767 123 159 -369 -167 668 803 -48 534 316 -211 -622 -427 665 -686 -895 87 726 714 668 -185 609 7 355 -754 722 346 579 466 522 675 466 -206 947 651 665 -127 284 -744 -32 376 -779 670 79 -367 -669 707 213 744 -154 57 445 -389 -904 -726 336 465 255 
776 -74 -418 -837 40 724 -780 -635 -243 -742 251 -492 -230 900 733 -989 655 -816 903 -430 435 225 151 734 -686 -24 486 -639 -216 -1000 -721 822 -377 275 703 -887 219 573 716 25 -950 876 802 356 476 629 138 -618 -824 596 628 -564 -513 117 -800 629 347 -486 942 343 -783 253 -818 336 621 56 -904 395 65 -72 -862 -425 644 834 578 485 -231 -842 410 -877 -143 571 -493 380 939 978 519 -732 -385 921 928 674 31 -792 -551 -324 -814 -916 109 989 
790 -132 -421 -497 -458 819 520 154 -488 825 -901 -175 30 -920 -857 -161 -147 -614 -427 310 261 39 302 -123 -687 -949 977 70 70 -98 -879 -647 -684 116 184 537 184 -337 -389 543 -914 892 436 891 -535 583 -222 105 422 -488 -673 -442 -297 306 864 -273 125 -528 991 -144 742 -654 -140 -430 964 665 -743 -215 556 -151 -811 424 -724 -218 159 -572 -791 545 52 966 -363 -253 -289 492 -111 -116 887 164 850 -347 451 -82 -374 -755 -870 432 -480 -281 30 895 
-842 147 -17 242 -85 198 218 495 -389 799 -774 38 -428 563 -819 -21 790 -928 1000 -564 -652 -67 813 408 427 885 273 509 -940 185 -517 90 -193 507 807 628 539 803 793 166 -528 -935 750 -961 -975 627 -597 652 -370 -896 825 861 -234 -974 -74 526 -467 107 206 -117 -312 156 244 -501 -70 640 -375 -303 -311 22 -96 -211 -60 -684 647 -77 -983 178 -638 -474 -514 149 220 393 409 970 558 -299 -498 266 507 529 -939 -346 -97 528 785 -354 -139 -600 
-877 134 527 -627 -900 253 -786 -917 157 -478 -255 -143 -260 -8 927 916 -56 459 -797 118 -669 958 -264 -708 818 251 69 773 -762 964 562 147 946 -239 -417 162 -544 -465 228 110 352 -283 144 409 -391 930 363 -291 -732 -66 173 418 27 843 800 -383 546 221 -937 -412 477 458 137 -927 -430 919 103 541 -828 978 -210 616 -719 -893 176 -699 -875 817 -762 -664 347 468 -872 14 460 815 -251 -727 -203 55 23 800 -223 21 375 703 -136 655 -745 285 
68 983 376 70 -462 198 -889 -919 -821 -193 -411 -406 239 974 -734 436 429 -573 754 53 682 -531 163 -894 957 -632 -158 -944 -430 592 -239 -598 978 453 482 -591 172 -642 793 -646 831 358 609 -98 911 165 -363 891 -280 -411 -365 292 -939 -743 -795 -54 988 -837 -144 554 100 316 -447 479 -76 280 -29 749 468 -841 475 791 -355 150 -647 -447 -449 206 -662 380 58 -573 288 -198 755 146 958 420 -667 455 -772 -926 213 -818 -263 -837 -798 -891 -956 -723 
-146 -163 -176 690 342 -536 -280 -523 979 422 -727 -462 49 481 -922 691 302 392 -512 -966 -33 -941 -138 607 100 749 71 -328 164 -945 -280 416 743 693 -117 -752 760 -462 -420 -633 340 135 317 -95 -849 -895 -980 505 312 -832 -410 -499 185 -718 -864 414 719 -53 626 841 555 152 650 -524 317 650 581 -561 527 -271 -279 68 -671 722 -836 433 -315 -708 -783 -964 663 -498 -98 688 -172 511 -397 -728 223 -30 837 622 -3 -307 -469 578 -634 -674 -732 910 
894 -443 256 967 -289 -411 225 177 -890 568 -287 -227 584 308 36 -689 -91 -498 139 -720 954 662 820 742 18 813 -321 -739 360 311 939 -142 -662 -898 826 -627 -265 -560 26 101 605 114 69 -136 520 497 12 -830 209 49 -455 -197 -74 405 481 -445 -49 590 795 -853 299 -10 -652 -783 -93 -555 982 718 450 310 111 -736 758 -991 988 -713 -108 527 -862 -261 32 975 -75 82 -497 -837 644 -810 247 251 402 560 -9 -854 -791 726 -888 -76 -665 115 
-619 -416 -420 404 -186 504 968 891 -611 -556 32 197 602 -437 -376 246 -461 -913 -967 390 -23 -917 611 696 938 971 -383 -980 -276 383 -440 118 -747 -630 235 28 473 -728 -250 337 786 958 -970 -244 14 -352 -853 519 -3 444 -114 270 372 910 -52 660 -946 -932 -941 -182 -413 877 -24 -121 -360 -208 636 -551 -25 790 -80 338 -843 -146 -35 785 -456 761 55 -557 614 -706 -406 27 -115 25 -584 257 347 -223 -368 -997 -16 347 990 246 -444 -695 204 -231 
-901 -145 574 850 -853 780 -299 408 833 808 383 -699 889 -745 -785 329 -378 223 -800 624 -600 570 -663 -576 -342 -48 404 325 -878 -542 848 -129 -234 897 351 601 27 659 389 348 910 471 -351 -149 109 159 -612 -565 -467 -816 336 -481 -188 326 108 -342 597 -709 -278 -259 755 -739 -320 25 -409 875 -286 483 -281 -54 336 812 130 717 299 -559 -666 39 -192 -144 895 57 -489 306 0 -336 -890 -488 -716 -699 504 350 334 -895 878 -599 462 897 -801 -366 
120 774 -589 777 -680 317 410 327 -812 -504 288 14 -411 -603 -217 270 -185 -301 436 -812 -264 865 -113 642 887 958 -981 117 -738 735 -21 -911 637 240 688 -525 498 229 783 601 -778 -37 723 819 -631 935 -472 662 380 633 -590 193 872 48 -409 -92 -72 448 275 -13 -152 -728 -785 -754 -35 -935 -799 333 -641 -499 555 -621 -399 183 106 932 204 189 266 -363 -848 -200 789 865 -142 -748 -583 445 -896 76 -975 678 -48 -549 -33 100 1000 812 -693 396 
-770 332 837 -338 -385 556 725 -320 880 972 -502 304 -701 303 -484 -901 -941 226 841 904 -781 -219 -800 586 -986 707 -53 296 -343 -63 -146 -784 489 -821 382 405 862 531 -111 413 769 383 -232 664 -68 -593 428 736 665 394 906 498 -621 157 -148 -744 -65 -595 -573 370 365 175 755 994 -265 -833 -942 -227 -84 -439 9 84 393 187 -29 -792 10 145 -195 85 -776 -282 799 -5 30 890 220 622 -647 732 -581 1 -705 213 -785 475 -898 787 -356 282 
-948 753 -757 -311 -611 -265 945 737 174 46 614 817 138 -941 -744 248 130 -950 -43 939 -123 303 201 -844 -28 528 70 -917 -50 782 -672 735 136 80 140 -113 630 -675 556 80 940 -629 535 543 -932 201 -37 -163 504 483 168 -322 709 598 109 202 893 821 -42 -894 -553 -558 -892 -160 992 -204 442 121 680 498 -60 -794 152 -905 -883 -838 924 123 645 799 -459 112 -413 306 -270 103 329 378 -745 375 -54 393 -161 -941 -73 59 -762 700 -785 -391 
-360 -72 -510 322 54 106 -981 947 691 -562 5 192 706 131 514 426 -109 791 292 6 715 -148 -840 591 492 29 944 -973 569 -562 864 -186 -635 119 609 409 235 93 153 224 20 488 -917 398 -712 671 393 77 689 -549 651 -135 775 954 272 -762 -265 -757 596 772 -296 -142 -344 853 27 734 -164 -714 477 -769 -12 365 498 323 -993 -790 -151 -701 173 -610 -932 27 -560 936 683 -91 -838 906 705 144 -6 353 -123 881 599 -945 -644 295 163 -432 
-445 -767 605 -265 -895 -147 897 -709 -118 -679 -666 -285 450 455 333 425 915 -451 580 395 59 970 718 839 183 -1 -832 -755 711 949 464 304 -178 920 287 -592 98 853 151 886 669 -472 270 415 -622 -736 438 146 904 301 695 840 701 -305 186 107 -32 329 -187 -804 925 218 469 911 294 985 -603 830 345 -756 -886 833 817 912 -290 16 628 459 698 338 -510 446 100 -253 -561 580 363 459 448 968 -241 -326 501 116 402 640 -400 -683 -677 -310 
988 57 634 -273 -164 -303 -771 -153 -149 -157 -317 -372 -82 -381 848 -952 742 -188 576 -441 577 -788 654 6 -304 860 -701 89 182 -804 249 769 -104 -31 392 528 858 780 -34 -958 -676 796 -554 343 -893 761 368 479 432 212 -382 402 -25 906 -914 -18 466 396 -830 419 646 -563 264 748 835 840 223 316 -252 -841 -28 -712 -205 -811 304 -274 -122 42 984 709 275 874 -129 -455 -496 740 901 -786 -630 36 847 -690 -118 -194 -436 118 -295 -962 -74 951 
-562 -770 164 -170 -186 -204 -913 511 -12 476 -591 -867 430 9 96 -749 -917 -344 -719 -430 -82 321 843 -409 319 -958 -308 385 -625 891 -762 -891 -78 907 -371 -10 -315 -844 442 617 699 -387 218 25 245 989 110 -772 -116 623 -414 -119 -958 458 -215 -349 -912 -847 756 -217 752 -24 -544 289 -333 -211 -773 -541 -888 -231 -921 -689 182 -592 974 756 584 -296 -521 58 842 -172 84 -142 43 -178 649 -390 324 -690 -279 873 -493 112 465 -452 554 -426 212 565 
-833 -983 -190 450 579 112 904 556 -842 -151 -74 935 -161 -186 -724 -465 124 -69 -816 -287 -247 -23 -957 -817 18 358 542 718 70 558 105 -993 115 -939 187 -247 363 -92 -431 700 279 269 212 -80 285 981 206 172 -55 -688 525 115 692 102 314 -419 -890 -644 257 -243 -603 -174 273 -718 -114 479 140 -912 -300 459 -435 152 -609 412 -143 129 -555 906 1 707 -902 476 -908 943 323 -813 15 -530 987 115 324 -54 16 263 -990 -661 -639 28 -351 485 
959 288 847 577 595 654 868 810 -172 -908 -879 -418 -950 -735 -66 -812 -375 275 -443 -608 222 -977 380 -520 596 -294 -234 775 806 714 -753 -88 -538 322 927 679 -346 201 -690 -597 -839 -102 753 829 -430 -343 -956 126 -557 -734 103 766 -390 413 -17 205 539 880 140 -349 621 838 -297 -879 -529 358 -943 -99 113 237 -848 561 551 464 -498 -902 -675 -403 562 503 255 124 335 142 416 705 721 732 455 -551 46 895 -260 -66 738 751 -544 92 26 -527 
-789 -379 -729 505 -357 727 485 432 152 -564 821 -994 -327 173 -751 97 -531 416 533 675 38 324 24 -119 -920 -583 863 -893 -899 -914 -24 -267 -602 -570 -300 -581 879 -553 818 -996 384 400 -305 -918 617 -301 -17 -421 -762 725 341 -755 518 -865 -153 830 714 989 641 328 -92 -678 -356 577 -120 -83 -652 -495 -226 689 943 45 -792 32 -613 68 918 -561 166 -747 238 268 -107 384 172 504 626 -316 -106 819 404 -630 624 452 -816 -475 -689 187 -918 -650 
453 733 -633 470 -408 370 -691 -874 367 -482 777 -716 -596 -481 168 758 922 -505 -109 -255 647 -173 789 -827 -680 715 -377 -982 -166 794 36 606 396 224 328 263 657 947 -804 -41 793 607 221 295 -876 -785 -748 926 857 858 548 -242 -492 77 890 -159 600 -317 -160 -701 -728 802 -747 678 -623 -108 766 -392 -946 -358 -468 -121 154 -699 -620 690 -498 146 -399 -637 -694 -630 855 118 121 536 -306 926 -286 683 -693 206 347 589 -301 244 418 -622 278 -577 
813 656 536 -43 232 198 526 -124 921 683 -702 305 168 728 -627 -842 -742 -612 616 310 -496 -473 -394 -372 -894 -565 -473 -40 602 -441 -530 -983 -302 -661 96 512 936 620 721 522 839 -5 -871 -541 -735 820 928 -695 -247 -670 -83 -529 886 448 -91 891 -948 285 219 627 167 620 359 915 228 -605 -591 115 -223 -523 988 -949 823 -307 858 516 -462 -591 955 -615 -156 480 -831 -210 19 -162 -242 343 635 -141 932 385 18 -914 734 8 -543 797 -414 -513 
-636 -174 -989 37 -959 -707 265 -687 -523 442 143 908 380 656 -887 723 886 374 -220 7 86 -782 -842 -295 -276 -828 -521 -900 110 855 540 152 597 943 242 732 404 780 403 981 273 242 -635 843 304 845 483 548 469 991 -836 -413 -423 -355 546 -941 627 -44 703 716 891 -93 571 614 -951 752 -693 250 -889 592 245 116 972 -145 863 139 568 -945 -325 -618 -120 -894 511 329 -511 -779 -398 -652 -521 936 285 648 -660 -607 414 -632 848 48 -464 223 
59 -93 -104 379 -244 -449 507 -38 533 -853 39 -505 389 -696 -302 806 671 557 632 135 335 -507 -420 867 272 964 -591 568 -697 -917 300 211 -206 -198 731 -760 475 -957 -96 767 142 604 -584 -3 328 564 665 -587 -257 -315 -721 787 -727 983 91 -899 474 -302 440 -561 563 995 -392 696 394 401 -227 179 -522 493 924 -961 -995 501 -1 735 -942 -467 18 690 608 -579 817 94 -822 -344 -550 717 -851 472 746 -999 443 -28 253 522 784 305 257 165 
49 -511 -502 519 472 -900 228 721 -290 -609 283 -614 588 -27 -827 460 -197 811 66 -872 515 65 -880 197 9 791 -545 -6 944 792 -506 -993 -907 -485 -509 868 859 -144 -581 -338 770 -14 59 297 -140 -588 -646 582 -636 -528 856 528 16 173 -684 624 -342 -980 -771 -608 -250 -605 982 402 561 405 -613 -893 -644 -417 -360 -115 -427 615 -858 894 -732 296 -844 -675 627 -303 233 -1 831 -572 -646 -341 -44 155 -855 941 -686 -541 -284 439 -974 -784 -552 247 
-394 303 -107 -261 -790 -855 203 -330 -784 -569 85 900 -487 251 -784 317 124 785 -64 204 -92 245 -867 -738 6 547 -83 959 -522 -710 181 80 566 406 -59 500 216 -960 588 656 155 632 18 332 879 -442 -634 -16 802 -906 -288 -266 134 254 406 488 -10 -359 959 -708 -262 -225 350 -303 909 891 -622 -441 380 -632 359 -572 -946 325 365 245 812 -895 -495 -732 846 -155 590 -115 760 -933 609 355 -954 -438 941 -777 -936 279 -492 947 160 -877 767 841 
-719 -523 103 781 -323 -121 304 -253 425 -920 483 189 -446 -742 646 -888 227 424 -726 -988 504 -699 -606 639 -823 -534 732 -904 22 -394 -929 -965 -963 -156 -827 385 8 -388 -640 748 -229 -229 384 819 495 -270 196 780 83 -638 -493 90 724 616 997 -927 240 487 -847 -829 285 -537 -234 184 867 971 190 928 520 464 -615 -647 -345 -233 830 866 138 -984 -730 -839 -516 -925 -35 295 265 711 -319 -962 750 -464 823 178 669 143 -509 60 -42 767 -294 -386 
-884 635 299 612 -767 -50 -949 -332 417 258 599 163 -683 -106 -462 -570 -564 780 257 448 -514 574 -805 -742 -456 943 -562 -439 473 -666 347 -222 -780 -931 -639 -131 -722 674 -23 -123 107 103 628 194 242 -754 276 549 -668 -74 -574 -589 -301 859 14 -833 -769 -627 348 -915 -154 723 57 52 -367 513 360 -850 -992 886 31 -944 -252 306 171 -114 270 240 519 300 939 499 711 831 270 777 -555 -865 688 -278 0 361 -914 84 -571 -987 -522 478 -843 987 
932 809 -862 -353 -185 210 908 689 263 -525 228 -349 372 797 -180 776 673 -210 789 -450 603 -156 -934 502 -683 101 -510 -758 -398 802 359 -618 434 -244 756 -704 21 144 -734 -525 -561 242 976 -697 256 946 766 881 353 794 521 -275 -781 0 938 902 606 915 -305 654 13 378 827 -563 -697 436 -282 340 -998 -925 -770 -395 806 438 237 389 -591 374 16 116 -171 152 530 112 -118 102 -671 412 864 177 -378 -972 262 -56 223 -898 195 566 -579 955 
783 -967 258 596 -814 -573 -68 458 64 -781 730 43 760 421 -814 262 -629 162 -887 -5 -413 -990 377 -74 952 675 -271 556 171 11 -33 854 -68 495 406 96 -688 -750 -820 -877 -118 544 -233 808 -537 -478 -832 175 542 -350 -523 667 110 419 39 -318 475 919 459 -233 -221 294 -850 163 432 -290 -410 -572 -781 886 478 -286 680 -573 948 800 -868 -267 263 69 518 -790 -313 89 100 -696 -108 -473 169 257 725 -490 305 852 -468 947 397 -219 476 -114 
-326 820 168 -671 -328 -252 549 376 -270 -734 62 -126 -273 -366 318 -80 -917 -251 231 -906 -903 580 766 554 190 -323 195 -618 353 -100 596 408 -810 -445 -459 397 9 -634 -426 -188 -551 -181 371 -782 537 891 696 697 -974 -709 -985 266 -275 418 809 642 5 114 497 313 -586 -648 -454 987 -345 -470 29 -15 -713 -373 -824 -960 687 534 408 -281 -192 322 253 534 985 -189 -879 514 207 -255 -797 -284 724 841 -969 -595 -574 -715 104 939 -451 -576 -478 -647 
-13 313 662 732 590 -150 -969 -213 -826 -465 358 54 644 90 15 -932 405 -917 42 -459 -832 -531 -330 323 -642 -585 -327 472 446 -656 24 463 802 -518 -99 -597 348 -38 -58 618 749 -595 483 533 -725 437 192 367 -354 -866 -247 -772 229 673 -872 -555 62 -22 -207 -947 7 388 977 946 -198 -769 447 -122 892 571 265 -310 127 765 347 962 -386 -872 991 804 65 434 707 -765 408 299 244 796 929 -644 -826 961 129 -715 479 393 -806 57 154 -42 
-992 696 -689 877 47 -92 -529 301 -617 558 773 318 -586 94 344 381 -5 979 319 460 291 -960 -96 443 902 597 -691 -29 -738 -975 897 -498 762 -750 988 -935 -915 -173 -445 219 -159 -752 129 -78 -47 -414 826 100 771 -512 -897 472 -863 865 -209 893 -283 -265 539 -650 772 306 -752 -234 177 -692 14 -973 814 -548 -123 828 504 518 -957 -886 -694 913 -332 -45 787 -998 67 -746 799 -631 -548 -237 -829 265 -985 654 768 938 -2 500 813 520 -759 597 
391 968 512 286 93 716 -265 231 -323 -382 -346 211 853 -875 -366 -646 231 -618 776 13 -488 -464 129 592 209 611 875 -701 -813 384 -626 -705 -543 595 852 456 989 -388 -77 -872 671 -524 -134 -286 872 -811 547 913 843 40 -540 -523 -190 -855 776 -229 83 209 301 -330 -927 -566 18 789 -642 -265 -704 -312 -624 412 839 -307 673 5 901 -776 774 88 491 676 234 -218 259 -413 -577 755 -588 -140 -226 937 22 -838 235 -743 -547 -628 773 -459 840 -351 
204 888 904 -120 -91 -91 -764 326 209 472 -156 913 -74 804 -887 86 -511 105 372 -462 903 389 -738 578 933 -872 -723 721 323 537 -963 -79 270 826 668 -737 -593 312 -973 -381 -395 -475 -985 671 -216 974 962 955 -275 475 -991 83 155 -538 -29 490 211 952 -546 -950 -252 -685 -436 75 -847 568 -307 111 620 -404 479 69 -347 -824 -399 -311 576 714 -709 252 362 534 -539 923 -275 928 651 -121 327 -935 48 -831 270 -955 -492 -187 781 -510 -364 61 
-965 234 258 -893 884 -151 108 -853 454 -360 475 731 -971 -249 730 749 -212 841 -844 -712 -372 -990 494 -604 -165 544 10 -897 -785 -679 46 476 -917 220 127 262 -975 216 671 996 766 297 -257 992 -466 968 -469 -659 447 165 -738 392 259 20 -774 -857 279 617 -8 188 589 470 641 26 725 -80 -357 656 -964 -493 -687 -69 390 229 -194 -958 -183 120 -469 -667 -339 483 -56 219 250 681 -15 -821 944 -776 401 626 -624 -774 381 329 -859 -261 -798 138 
-294 982 791 7 409 172 660 338 661 671 763 415 17 356 603 263 -739 -751 808 -677 -612 -89 -319 -259 125 -561 -137 273 953 -61 434 758 597 894 947 764 -443 6 -410 84 -693 -730 -7 386 -297 -489 -958 -233 -798 -383 186 418 -160 214 263 545 214 228 290 52 683 -966 397 -356 -445 -798 -714 559 -910 -717 867 186 -503 -788 767 171 -543 -634 534 911 -353 983 380 -250 626 513 492 -591 313 125 33 216 142 236 121 -141 329 750 283 476 
-688 153 -833 -159 580 -210 889 -406 264 945 -318 -630 614 523 865 -974 103 -948 575 44 -743 781 167 563 -398 -567 750 807 -575 -419 -853 -260 -189 -542 485 434 -235 -563 -44 253 116 -187 -336 686 -318 299 -304 -956 787 691 -772 -329 108 -302 -697 -308 970 793 437 691 358 -835 283 -426 278 -172 541 344 883 302 76 -825 314 371 -973 -867 -632 600 379 -293 -852 112 578 -331 477 852 556 -943 -901 -16 -82 519 -975 764 -519 -587 969 755 315 405 
-786 -904 -323 -292 -915 -948 709 -840 -792 -661 65 -565 -535 -349 2 376 472 218 -746 558 371 -513 -744 -761 -192 -865 120 -238 278 -758 -193 -65 981 927 -629 589 880 -794 401 642 -479 462 402 99 -43 261 -852 422 -30 411 77 973 788 689 528 -722 691 177 -102 -118 792 -50 90 123 -168 -628 -387 -851 -353 -1 -667 -509 914 40 -539 -98 194 -796 634 325 -698 -134 588 -788 -739 -355 -492 995 -466 -420 488 -924 -977 552 638 -392 151 836 -318 706 
288 112 -561 -429 -301 613 -176 -965 -656 100 -623 -443 576 487 929 545 -665 670 -597 163 -583 -65 951 181 -209 600 297 835 332 907 264 222 -812 -137 -182 -186 -143 895 -803 -44 512 56 926 -175 620 -491 -240 305 -714 -471 -305 -275 -460 -770 834 94 -146 147 734 -304 815 -311 -735 501 -871 -697 671 596 -156 -61 -725 588 822 -305 -191 986 76 53 -793 826 -948 -952 -859 -94 378 -21 137 216 707 -899 -162 199 -261 633 -979 88 -623 781 -73 766 
856 -446 -573 808 645 310 -372 -627 614 -824 848 419 859 -35 240 -418 239 554 930 -804 -21 -52 -284 401 -398 340 -775 668 -60 490 -372 557 -238 -469 932 -829 -273 -180 946 331 940 -667 -46 -840 203 -611 -739 -115 620 -671 -97 -638 -206 -241 240 399 -131 415 -512 -796 -672 -412 -451 418 -864 -722 -894 525 -628 -105 -127 -812 763 -960 -646 623 623 -485 -418 726 -556 804 -615 -407 447 -754 -818 -602 -889 559 116 -47 -605 946 -625 -105 437 -564 -931 -7 
-703 -307 -7 -552 -221 581 -181 60 162 560 -542 703 437 -809 -632 979 -143 493 258 -129 660 -779 427 -74 -201 -576 507 364 875 575 -486 -971 -971 -877 416 105 860 -490 -24 -576 69 164 208 438 106 -264 -848 -234 13 63 573 -595 34 709 254 -97 -565 -149 450 615 991 -743 -695 659 556 418 664 541 -62 -293 -237 752 266 33 -195 -748 -459 -236 166 37 -791 557 -985 72 431 -491 408 547 63 824 -593 -340 -771 -801 807 -544 972 445 737 -387 
604 947 -98 590 550 -81 597 -738 -941 -527 -993 -972 402 998 -176 738 432 817 -793 -329 -409 11 -580 354 -351 745 234 866 -57 -22 -885 -741 373 -147 -157 -572 215 231 231 -223 -397 -339 218 456 -254 -190 -487 -795 -541 -177 -620 422 -792 401 982 -165 976 -883 -269 -299 -786 -931 -392 -923 -501 114 133 57 -914 647 168 40 975 -773 -421 -38 -453 -938 -464 -164 876 -401 -368 953 -771 514 98 97 49 979 -423 -527 -408 755 273 -145 999 325 893 -508 
-108 608 194 -228 -995 -135 751 -500 -596 -440 -309 788 -217 645 262 175 -65 384 -793 80 301 -234 530 837 -742 699 584 -332 590 910 439 940 -989 811 368 562 -343 -958 -704 -262 602 -10 -664 -831 881 738 -912 -300 419 -828 145 955 687 -19 68 -248 743 -110 767 -252 -669 -868 -487 203 975 256 -197 -775 486 408 -175 -882 216 -101 183 259 350 550 490 864 -628 -404 -33 817 171 725 -777 -619 -257 -130 -845 -393 -276 -126 -485 -492 -485 -115 -771 -763 
-318 28 169 -169 -950 405 519 195 730 935 34 895 274 829 -639 488 523 342 855 -80 283 787 -365 -15 907 -723 304 -802 860 -964 218 -64 28 -145 -198 926 -488 143 242 530 -43 981 362 883 -778 242 -576 414 -651 427 -788 626 7 -113 577 -656 -451 -375 184 819 -740 595 -67 226 -723 526 -791 511 -863 -616 288 324 785 -371 576 -270 -556 -557 -617 -989 -349 153 603 -698 -299 -755 731 811 604 -928 -541 471 884 486 -382 260 -432 -917 840 665 
-325 168 -677 366 71 659 264 -624 23 589 -972 135 -735 957 -404 -445 631 -25 -805 483 765 -191 -670 -88 275 -436 -116 -500 774 -334 396 -396 -770 -676 256 919 -282 -816 655 654 -897 -231 -908 -88 -983 396 -831 470 961 987 67 60 358 992 814 -427 539 404 673 836 -796 786 -965 855 -861 36 -175 547 653 -109 43 -30 -527 -904 360 -362 -563 552 -978 -524 -664 836 429 -294 742 223 262 -697 821 -93 -209 542 -617 -643 -370 431 590 -389 -795 725 
-691 295 -651 -866 -283 818 580 -223 -662 733 516 36 -68 710 208 -665 -262 -159 -467 469 -688 -567 941 -520 -959 -528 38 -186 -116 32 -909 -505 -899 -983 -386 -112 271 -702 -730 -302 -741 -622 -179 -632 -296 739 -951 652 -783 393 284 471 -385 -715 -838 909 -41 -899 -849 -942 -203 -648 173 308 -17 30 -463 629 -523 455 -915 202 -917 -179 -453 965 772 -658 705 805 84 -752 982 698 915 -18 -4 915 -664 -606 25 397 61 932 945 -263 669 -322 931 -445 
-463 -865 -238 76 -616 -616 -807 336 -414 567 127 395 430 213 67 155 -722 222 463 635 819 -219 -47 520 -146 -415 -598 584 618 124 -481 -859 204 -60 357 -728 615 269 -32 -336 -538 672 32 247 -842 802 -323 -753 274 699 -513 -451 447 748 633 359 125 128 495 -877 -160 -996 100 -315 717 -30 -34 625 371 775 481 1 -134 -578 553 710 677 -587 165 -708 -800 -980 127 906 -991 -43 371 -207 744 242 -475 725 11 -707 506 486 -925 -742 -530 -607 
-874 -996 38 -853 -90 -292 768 745 348 933 -895 892 -246 442 -871 393 659 -701 -754 -542 444 234 -40 -66 329 -12 504 -822 140 459 560 540 -432 -810 -150 418 -255 464 534 -868 -476 879 -331 -865 960 -710 329 -863 362 799 -534 5 530 -435 468 882 -694 -759 919 215 -186 154 444 -637 553 848 -725 122 -751 184 323 -200 -698 -756 608 108 -791 311 -146 -568 -184 15 -616 -469 147 -215 161 713 493 553 -656 -433 -360 176 294 286 -534 517 -9 494 
-670 -326 -672 981 -700 139 973 -431 -492 -959 730 657 -167 -460 -109 -239 -979 -481 189 -846 194 -111 614 522 309 -144 261 470 -212 -842 -999 232 971 724 766 137 537 643 -215 649 140 -474 -589 679 938 -700 230 976 752 307 444 -870 944 196 -323 593 580 -908 -178 931 412 -623 -529 629 800 -373 451 -807 -852 -819 931 352 -360 -48 346 88 -414 -254 -755 65 -985 -241 896 -729 -721 -457 127 374 -931 -723 -935 101 -519 -811 -835 -427 205 778 -758 25 
896 -395 -639 -931 -902 648 -600 -692 -469 -823 -148 -750 665 -516 -301 125 902 598 -114 -971 -601 24 -496 -553 -737 7 906 -9 952 -626 -39 -61 -211 -710 504 -318 -732 -434 625 746 -791 956 -636 -925 893 631 89 -331 941 563 -600 -741 728 519 678 -649 136 912 -444 -403 782 9 -483 -3 -541 -704 -886 -998 567 -797 -336 -593 743 -822 -152 21 495 -876 370 40 -209 527 677 -384 495 -211 -741 860 994 812 286 537 -273 202 -77 -650 187 997 -486 -896 
-643 818 -999 -799 836 -170 681 213 -979 -671 -110 59 287 -57 -509 -48 -848 -489 -96 -684 -53 -283 -247 -350 845 604 11 -160 699 316 581 445 -786 -591 470 165 -409 -811 -508 -464 -200 -66 797 -60 976 428 -350 748 -358 211 -100 590 455 820 269 -613 -739 842 278 -559 949 -427 -519 -551 406 -937 -565 -858 863 -497 -911 673 508 -990 660 -720 -305 502 944 -115 84 272 -477 -472 -253 197 799 -265 -609 -426 -417 -604 402 -898 58 -352 557 -373 -508 -816 
367 -716 263 979 -928 -329 -641 875 844 -948 339 233 -592 774 814 514 -776 -966 705 849 -810 -603 -897 -362 -120 825 -212 -63 -452 -74 716 814 88 -969 372 951 -201 -686 -729 -141 429 -33 644 698 -925 308 979 991 827 -922 -238 806 -120 -842 727 -177 947 609 116 220 -168 340 774 183 797 -831 630 885 65 913 920 339 -981 277 54 -227 867 -128 -756 -472 -542 277 -859 725 -629 327 -962 602 782 138 130 25 63 245 470 -517 -134 -195 -638 -774 
812 -447 926 -416 -357 -214 -477 -134 -723 -65 -678 555 617 491 -169 436 835 -148 -146 608 400 -783 637 -46 487 931 -680 475 733 -76 543 960 217 -200 -924 538 649 117 5 968 487 -311 777 -846 815 -905 -463 -133 -379 -403 -233 479 226 810 403 -690 -108 224 -863 -738 -227 -13 -953 144 192 739 800 -164 261 -575 -278 597 197 -446 525 -385 -551 620 894 496 -844 467 -339 773 -554 -570 454 -552 -618 -534 591 664 401 -232 258 -640 30 951 -502 -42 
882 172 -423 -528 -979 336 32 -357 817 966 -113 327 284 347 -466 -102 434 -758 293 576 891 835 21 627 672 626 720 258 -319 -843 855 498 386 218 218 550 108 -968 -447 -136 -563 720 -898 -965 171 -807 -543 -164 -447 -564 -623 -66 -386 398 369 -993 -326 766 -265 -212 -85 -479 714 307 -515 233 -983 245 81 453 -290 -282 215 -837 895 -702 563 586 -976 -792 -584 -934 -6 311 -836 -838 24 333 -275 -861 269 -93 -349 342 -972 304 -959 -570 442 -38 
-284 52 -92 640 -616 -603 967 -547 -115 -217 -731 254 399 -246 -521 177 -422 464 668 -653 246 -941 -72 798 -487 77 -529 340 -611 482 348 733 -367 274 -572 -531 645 349 327 -9 38 -691 -747 -199 702 -103 -182 -679 58 -415 -756 -668 -816 -614 988 -992 -198 378 748 -571 -471 -605 -278 -751 -682 40 -622 907 -38 768 -201 745 -569 -285 -195 923 -470 -28 406 -74 -858 981 138 603 -673 455 -33 -500 -912 -996 826 180 -785 -752 -455 -129 250 586 373 429 
-607 -811 -224 291 939 -261 710 453 -645 -303 -98 -251 919 -777 971 199 13 3 887 -956 658 -307 -696 381 954 744 977 291 -283 -134 524 959 871 839 153 -691 -756 -810 -662 -665 -392 828 180 -517 -265 -387 -766 646 360 -603 -653 74 -571 456 548 734 754 -638 -709 280 -139 500 -810 866 721 -705 186 750 -88 708 54 -355 198 -142 216 -105 778 596 406 190 -415 -702 -276 53 -148 990 965 108 850 781 -791 64 959 -480 -366 628 -400 981 -865 -227 
-445 -862 867 -32 -794 -596 -235 -867 -906 -57 -558 -73 -381 715 -844 697 931 -390 636 -335 774 544 172 656 -465 -868 618 779 -775 -194 60 -61 474 -862 991 -131 -617 -635 560 101 237 -730 540 -7 417 201 -710 937 -488 20 -479 -926 -80 -125 -531 -451 -475 -480 558 -932 -696 -741 296 679 -236 736 -765 786 -67 183 526 -608 280 -444 -833 -463 750 559 432 570 947 745 -156 -985 383 704 -791 -310 -2 222 -571 91 474 -438 -647 349 733 -827 -763 898 
-168 -702 60 800 -689 75 104 62 860 -395 -649 -700 232 -660 804 244 262 -655 321 -34 198 93 784 -738 -915 -69 -340 445 52 983 -256 -964 -153 813 -285 271 -221 585 399 665 349 -904 -959 447 572 261 -460 531 -466 -256 -796 579 760 -168 -596 -929 116 -809 312 -799 -577 -493 -811 -603 -678 -690 924 987 -909 890 -98 518 441 -651 648 -197 747 588 991 578 -92 -202 778 759 267 -129 981 880 703 -558 978 530 680 717 -111 167 -662 925 -360 797 
-552 -325 -223 -95 -407 -163 -859 -680 -800 -460 -728 777 102 -517 156 -430 452 -566 340 645 719 318 -70 402 576 -77 -488 784 396 146 -97 515 -422 -554 913 -10 -288 -595 600 -272 680 -403 413 924 156 -653 -600 -170 -36 398 73 -478 584 -256 -863 539 833 -471 -581 165 -41 10 -890 -309 491 -207 -865 -597 312 72 436 -701 -461 -339 450 354 494 -426 868 -229 -102 -680 659 -30 -607 -400 841 595 -323 -798 393 269 -77 814 562 437 -956 532 -567 112 
-583 -845 -758 852 833 -65 317 -956 6 707 -580 -762 609 631 100 -820 -804 282 -906 -786 988 -857 -997 -452 921 842 32 -55 446 -660 943 518 -352 -818 -572 -160 -712 -252 342 179 448 -234 -463 -164 -793 -963 -370 72 -646 762 -218 -367 -404 936 -977 100 186 -369 -763 -996 493 634 708 784 594 709 4 844 -597 -195 378 -265 -214 -84 373 -61 932 211 -811 -619 -903 -880 655 383 680 291 -904 -943 -274 -855 926 735 871 575 -798 375 88 -409 -744 249 
327 -505 310 -572 419 936 -162 -626 760 -319 992 689 264 -598 -628 899 -622 576 -341 834 985 18 -89 -957 765 -770 813 -643 813 679 243 659 48 809 -433 -957 794 -646 27 86 -569 -392 170 -862 -347 559 -844 48 -173 716 295 500 -920 139 590 -17 -924 -106 -466 98 -338 -548 956 -923 -993 953 -425 270 552 -367 -532 -506 -916 253 -186 -907 -8 -667 -619 -232 77 121 -474 599 -687 -749 832 328 -848 977 -719 -37 -764 822 -32 -327 -112 -849 -510 741 
-526 -61 -700 205 -102 -720 -744 -400 760 -707 -40 435 -550 278 -561 249 255 159 421 -834 -446 443 -844 -121 -750 -128 537 -563 -307 729 727 74 547 188 797 888 -152 -58 632 827 -334 -788 -374 -957 715 -994 -866 -784 -309 -770 63 937 738 490 936 786 869 -464 3 647 -667 991 133 867 -265 237 422 358 461 705 65 -763 710 -40 508 693 408 -815 392 167 -233 222 -784 819 72 10 187 148 605 928 -841 -757 128 75 -771 18 140 -734 55 -195 
-723 -612 -456 -907 871 514 -534 533 -478 518 -125 322 -726 -996 290 -358 -968 -369 72 372 -928 912 198 349 -306 296 9 -29 607 -666 -556 174 -600 726 6 16 236 33 -849 -678 163 -266 -884 330 -394 -221 944 941 724 999 869 -360 -589 -663 409 360 187 346 877 192 121 -537 730 383 498 105 131 -76 134 472 813 -642 578 -62 -122 716 693 963 -887 -844 330 -415 113 -3 163 -527 39 631 -992 -606 474 763 -300 -98 10 -917 -314 931 884 -699 
-233 -524 288 -856 -575 654 814 -92 182 96 430 -926 285 -125 739 -46 -555 21 859 -693 720 37 354 712 -899 637 -992 -827 684 -77 -847 857 895 300 363 940 -422 529 78 450 -735 -473 804 -710 -950 -321 68 190 423 481 -497 -527 15 -953 -761 436 41 931 -676 -144 828 -225 -434 -545 -318 -362 172 547 -624 -902 -58 270 453 419 842 131 -53 -464 -599 -364 -103 949 -439 381 -699 -109 -915 1 -463 -672 -190 406 -2 -289 139 -692 316 235 606 107 
-993 -455 -68 -671 -270 -772 564 -239 -211 -424 742 -487 -258 907 -15 843 -641 -700 -851 -802 604 -411 756 346 328 447 -446 591 -951 -306 -123 830 -492 778 -647 -131 -689 -297 453 610 -407 -404 772 -236 -111 603 -933 907 829 394 136 -845 -319 840 553 403 -698 -774 624 -564 517 -38 39 858 -841 616 -940 636 -81 -298 -441 -735 690 -540 780 45 820 -764 -206 -157 871 171 828 126 60 317 -237 859 901 -421 437 -312 -418 445 137 -803 563 -108 104 223 
964 988 757 -438 884 129 -55 870 -628 425 449 194 383 96 733 77 402 333 -876 -987 732 -548 459 330 -346 -341 -720 -7 -220 -931 76 637 -297 -125 -148 -261 -822 296 756 381 -393 48 558 -116 -741 -73 -952 -936 -680 897 481 104 929 -837 -473 530 -906 154 225 -711 597 -373 -292 947 758 -814 -418 220 56 245 -126 -455 -321 830 437 631 331 729 -832 718 111 -200 617 193 -827 -879 38 164 -117 512 -323 85 -387 763 215 -459 -191 -406 416 442 
487 -456 -660 265 -924 779 609 297 -743 -223 584 -764 -156 271 -668 50 737 -740 241 757 -310 -390 687 823 654 75 -276 -875 119 -74 512 953 277 663 -917 -321 834 -456 867 741 -844 -308 356 -618 -225 731 953 616 994 620 613 109 -36 204 546 38 -770 -7 658 -292 957 510 953 -102 -163 373 -696 -705 252 387 -481 110 -579 373 -285 100 -651 -251 -234 -639 567 392 141 -502 501 -518 -499 -680 -861 852 -449 -524 -105 -762 448 546 -919 -807 18 -312 
974 897 -613 396 520 -199 -141 593 100 -659 -560 -422 -761 -725 765 473 223 639 -12 -848 -185 107 -591 507 -597 -151 -652 903 70 -723 34 -113 108 -845 169 96 299 -990 188 -615 891 654 -273 131 704 856 394 213 234 360 -652 775 -273 354 -109 -418 242 -60 -362 358 853 -644 -248 -358 392 477 -907 -794 -885 -953 287 266 752 529 -174 -62 -354 -256 -615 -610 -16 -169 -701 26 -902 646 -229 -603 -968 622 -645 -45 -984 -112 -223 -889 -616 697 -575 695 
614 -582 -378 280 59 157 -803 909 -485 858 432 -597 3 -913 -774 338 -177 -317 436 -875 -257 44 -535 309 -226 -714 913 -845 922 -548 -928 677 -254 -407 647 204 -442 859 229 -706 995 996 -489 -135 -776 -271 869 837 324 433 603 -724 29 -462 329 167 213 687 207 20 -345 -420 -810 557 358 -179 -510 -632 159 381 -3 633 607 21 673 479 -833 -178 -218 -859 371 744 417 864 852 706 570 -896 -318 -64 363 -528 -683 -921 -731 102 -623 -835 -963 788 
-601 219 552 283 307 -904 -762 326 519 643 601 -423 365 500 529 -656 -804 -165 -101 889 -697 469 70 -4 -808 891 819 -43 3 278 846 -719 527 -883 208 75 385 288 -269 280 -547 -350 -740 -447 110 103 679 -876 -716 886 -114 -32 291 -416 177 81 -374 448 -720 376 -282 -436 856 251 428 -518 314 515 993 -968 -280 -597 -864 -125 727 -92 316 854 994 -574 -389 -151 687 -611 -781 320 -820 974 -232 232 -687 520 -32 -221 -193 330 -679 75 99 -812 
855 -387 878 -878 26 850 823 84 711 741 538 841 -137 467 148 -396 570 864 663 607 -796 702 595 555 482 -283 -571 -882 638 -750 -325 350 -316 -567 -562 854 180 -724 -806 -353 -999 247 -114 4 -276 113 -906 387 211 -966 -85 197 914 -947 867 -301 113 278 -401 365 469 995 219 745 312 -206 -803 11 24 570 -136 -90 -144 298 -118 -834 -50 287 -934 15 787 39 -109 596 24 758 137 804 865 374 403 -426 -714 358 512 -990 -110 -171 -848 488 
20 -20 622 -551 -58 938 550 -598 -468 101 -809 721 338 2 594 -754 -821 -599 575 -445 -914 134 808 -189 821 -288 88 446 -697 404 -256 167 -122 677 79 -196 -426 -314 875 -535 -783 -673 926 123 -211 827 394 742 -386 943 -353 -829 329 336 51 -511 -453 836 -783 -500 -548 -404 -930 -56 822 52 473 -965 747 16 -849 271 910 -96 -305 795 -207 -405 985 -423 314 433 -159 -387 -119 469 -536 -1000 -149 170 36 -209 -693 -755 503 281 230 219 -903 -123 
